internet0,internet1,internet2,internet3,internet4,internet5,internet6,internet7,internet8,internet9,internet10,internet11,internet12,internet13,internet14,internet15,internet16,internet17,internet18,internet19,internet20,internet21,internet22,internet23,internet24,internet25,internet26,internet27,internet28,internet29,internet30,internet31,internet32,internet33,internet34,internet35,internet36,internet37,internet38,internet39,internet40,internet41,internet42,internet43,internet44,internet45,internet46,internet47,internet48,internet49,internet50,internet51,internet52,internet53,internet54,internet55,internet56,internet57,internet58,internet59,internet60,internet61,internet62,internet63,internet64,internet65,internet66,internet67,internet68,internet69,internet70,internet71,internet72,internet73,internet74,internet75,internet76,internet77,internet78,internet79,internet80,internet81,internet82,internet83,internet84,internet85,internet86,internet87,internet88,internet89,internet90,internet91,internet92,internet93,internet94,internet95,internet96,internet97,internet98,internet99,internet100,internet101,internet102,internet103,internet104,internet105,internet106,internet107,internet108,internet109,internet110,internet111,internet112,internet113,internet114,internet115,internet116,internet117,internet118,internet119,internet120,internet121,internet122,internet123,internet124,internet125,internet126,internet127,internet128,internet129,internet130,internet131,internet132,internet133,internet134,internet135,internet136,internet137,internet138,internet139,internet140,internet141,internet142,internet143,internet144,internet145,internet146,internet147,internet148,internet149,internet150,internet151,internet152,internet153,internet154,internet155,internet156,internet157,internet158,internet159,internet160,internet161,internet162,internet163,internet164,internet165,internet166,internet167,home,high_dens,mid_dens,low_dens,work,transport
0.061385158732816594,0.048881551094989185,0.04413754369294492,0.040333535187943456,0.03884555840395332,0.03640045819486055,0.03820738095262518,0.060818946115989175,0.10178773951337593,0.11025699358339645,0.10391789855525384,0.09846262238500952,0.11276431923962062,0.1295131117182553,0.12067447761139269,0.10628850072013032,0.11238074701469332,0.11479215753317401,0.11090391929641627,0.11276806321664826,0.11547796113976276,0.12086333011080404,0.10950966103683385,0.08805130078641221,0.06528279166851894,0.05166127398269752,0.04303577708007982,0.0411041201129733,0.04066199349106897,0.038211046089454734,0.04274612139203969,0.0716145160694423,0.11256938927743093,0.10584345574014882,0.10560117086317167,0.10393896691216027,0.12288786744244577,0.12114389585449979,0.11993896965307221,0.10912345217281623,0.11772377564330981,0.12095928776822533,0.11674194290308643,0.12086450702686721,0.11165153844315827,0.10159184178730077,0.10150117014180657,0.0947713991379288,0.0745016699381527,0.060314566765644104,0.04852328888008567,0.04495246043179908,0.04206902355544026,0.04211755205997329,0.04335174690445482,0.06626277309811762,0.10783856594766128,0.10590499008637566,0.12553837377989494,0.1250560157846156,0.11131000827100905,0.13166043744465994,0.1250872088938047,0.10273159256687776,0.11266736674381302,0.11447386976774361,0.11652652003241265,0.1399602985828232,0.12518829088524613,0.11618102257338345,0.11349369955281773,0.1087061854434547,0.0813037085833866,0.07334336820227368,0.052911910765028144,0.044911916211676846,0.043197777585066335,0.04572305476710826,0.048256950935477064,0.07392729370611469,0.11374328200986361,0.10167696668246468,0.11176458842340563,0.12284159791305671,0.14483899512831078,0.15022942060542163,0.14509723626802648,0.1184160939470585,0.11244179378880394,0.10631964636610129,0.12151489873215288,0.12365205628793259,0.12816809688926836,0.1287187040053583,0.1258671683989438,0.10384388208944632,0.07814677570237527,0.06769188340036003,0.058602683475478166,0.053683682561286965,0.04492424351204372,0.046291208784248535,0.0532857694079758,0.07533269943938085,0.1262722753068994,0.11577486549721054,0.12298487535372049,0.11887037969851792,0.12581722025421416,0.13260995534065237,0.12849768357684646,0.10690519397562222,0.1310346818014434,0.11936537275184138,0.1290705077631103,0.12830940436266414,0.12705889305615886,0.12096876349113886,0.11675446239886343,0.10604791702726572,0.08081785299224703,0.06252375550905709,0.05954469751680929,0.0520201460989311,0.0450271429848173,0.03982517256401424,0.03769839057934564,0.04815013162471087,0.06419310404245288,0.0747893560603142,0.10489564385696812,0.10955983292786012,0.11563626850677332,0.11526750236116275,0.09958614250656235,0.0934223480088014,0.09032398383716686,0.09158792316877795,0.10543725709952913,0.10548162036514108,0.10207790533679725,0.09620811354757383,0.10194592053590609,0.09522762567281669,0.09304187191436869,0.07965807010222595,0.062214783690208504,0.04628365860678513,0.04403791364856191,0.036553670182433905,0.03471229102708115,0.03771096526679671,0.04510783301647081,0.05779573273422956,0.07051020088641258,0.08844739871213247,0.08851660462907304,0.09757207570242334,0.08356243912423615,0.09289572491892782,0.09910122649465149,0.08509120680822262,0.09843714840088598,0.09265284470965106,0.11723416432076686,0.1038906792492234,0.0977674551258998,0.08055702555523599,1,0,1,0,0,0
0.07360341787556607,0.05696846385323321,0.05464376584730889,0.04942524601346385,0.04575715319795897,0.041599956476025185,0.046548567247559645,0.07738485638454981,0.13820119956069626,0.14065127731016097,0.13029917951391737,0.12908270130013536,0.14819340461317404,0.14581097908450813,0.14327347285439018,0.14222045078809642,0.13861929815486476,0.1438310225284435,0.1447099364081532,0.16528327588826006,0.14744471460097452,0.13444744857825183,0.1384140082985828,0.10353808218367475,0.07479487344083988,0.06015474452257031,0.051682471515247595,0.05034250431383541,0.04920139614470828,0.04636046104990499,0.055948420282025006,0.08630240866366938,0.142384792443266,0.13887205984100648,0.13411060697311974,0.12983406199205952,0.15412314097187135,0.15377974959105986,0.1589980641974084,0.14410543298622688,0.14983213176040774,0.15615553705479845,0.15009855937279915,0.1557118697306468,0.1441984918901671,0.12795919680119763,0.13064865177638174,0.11830354317612737,0.0856039467756455,0.06898047149660784,0.056247390571894554,0.05436261363653822,0.049847776778603296,0.049689994928823415,0.05179089028613572,0.08260965579846023,0.13867986444154046,0.1356396203326479,0.13612281262600295,0.1395869189121327,0.14325962421306712,0.16306026159807172,0.1548672898438236,0.1313536301471162,0.1329798956211262,0.13730720133549768,0.14182233604411226,0.16925283099810418,0.15718740374000692,0.14890503186808499,0.13568290608996528,0.1315431294497064,0.0889809805793884,0.08791932580286793,0.061172754799751664,0.057954426958729315,0.052153952866890965,0.0547350520050413,0.05387558440108911,0.08449568255588948,0.14903199972971326,0.1346190284324369,0.1415427814426269,0.15228379795345387,0.168024348922828,0.19885411137623712,0.18671668315631956,0.13876035471698508,0.12511540625439982,0.11843120064043788,0.1275385330229441,0.13140476068609622,0.14214834818571928,0.1497971418857849,0.13503208507222522,0.11504430762839601,0.08306934331815462,0.07335916893465427,0.058325246177222824,0.05556635079855059,0.04485342719075241,0.0492566541310966,0.054092280057075504,0.07264868179152842,0.13971060875267868,0.13839483972908684,0.14073373474756623,0.13780604648070735,0.1470206816427542,0.15240298107146413,0.13426210271326747,0.12107583065976729,0.1393392271201356,0.12165284937736436,0.13376992046136477,0.1259136623868849,0.13474921965663864,0.12810550418970945,0.11868834802296796,0.11416162134610815,0.08713591042482234,0.06759028533390268,0.06941095364466653,0.05790091243629893,0.052020238248784025,0.04342953716068815,0.03889269606264253,0.04239519241276006,0.06021665032122326,0.07923948233337527,0.12703763973380067,0.1297381719949411,0.12834714046224238,0.1383809340834245,0.10779156029977648,0.10038778650097199,0.10023089446842404,0.10200159654566478,0.11799098902468388,0.10911506562485851,0.10905934532093439,0.10390330637546362,0.12144844537063719,0.10517451480873055,0.11686699722633331,0.08959572582658484,0.05988011914971979,0.04671692657941467,0.04420127927004564,0.03709191217241973,0.03428010983489304,0.03768228768239095,0.045721639457726386,0.06080480718335543,0.07703451125110942,0.09854665080441163,0.09388547841200424,0.11090901370000501,0.09955741084078856,0.1003039368689202,0.12429256142340038,0.09936450984287265,0.11033003606670634,0.10740187499295435,0.11432685904819803,0.1208425638153358,0.11227520513348332,0.08607185908908255,1,0,1,0,0,0
0.06631025237700852,0.06067624285741332,0.04637941351825462,0.044022686336555004,0.04160460488549779,0.04143437093162735,0.04839172220228005,0.09023474996899207,0.15679194441859085,0.14054186121970336,0.14574729667535508,0.13870535219063324,0.13843410164752454,0.1584340322563456,0.14614500969328997,0.1498475168179148,0.15126125717974084,0.17029105470676875,0.18326859513033192,0.18955184000234396,0.18773493080458728,0.12513579406292122,0.11351354606513661,0.0783978767072263,0.06793631281613312,0.058161218015184056,0.05329583182137102,0.04252900394665829,0.0433206838292922,0.05345697954513815,0.056358262263971164,0.09348092077642853,0.14242317002263039,0.162480195761003,0.1501591247580777,0.1449447014689675,0.14678658475425377,0.1474698589364724,0.17537565495267213,0.17794433402898913,0.17737979503023574,0.1895936053962099,0.1913592354852016,0.15506150067053553,0.13127617670842026,0.12972847907912213,0.10881036975693345,0.11218301753721482,0.11337480440969833,0.06584005300132888,0.05262282652779954,0.04847000130537896,0.04396007946539297,0.04508266443125698,0.05697100076892298,0.09553498486238628,0.19194555822144208,0.14780966099457016,0.14307598526679985,0.1418853476671641,0.1448386881206259,0.14854190463988295,0.18645741376130795,0.16393256028294662,0.1466312222314345,0.16113546146570318,0.1740551339049976,0.1524595326973884,0.14492505050447702,0.12168988431884484,0.1100760320108906,0.12429877111563015,0.06714922541755977,0.059478294555580576,0.04992138406064701,0.05094427038465174,0.045874506234047596,0.0482520849320167,0.05591009439390083,0.0961672643814355,0.16606206371555604,0.17876976067529637,0.15918803418149854,0.12723273843518434,0.08018989580089216,0.09078638985739836,0.09747007181208003,0.05790612727816188,0.03895348021253759,0.03733780754954466,0.040692253527030604,0.047500201419781535,0.042978546679696604,0.03822294703328179,0.031784860923971474,0.024046915803879628,0.020668961334464796,0.018584227231307125,0.017707133903235504,0.017565365522279774,0.01660186180490296,0.0193724181674447,0.015646551317335184,0.01814636316734943,0.026335696131667558,0.044242763512459676,0.03503016287777219,0.04015298200937138,0.041154089543096725,0.04780687548889347,0.04280975409556422,0.04327586301343943,0.03887743615399798,0.038378742607474606,0.042132461074251164,0.040825976920358095,0.038458520367194354,0.03437619393167852,0.028117148109007086,0.02469369486773207,0.021233719143448546,0.019714459182882747,0.022017458556419258,0.01801048878759228,0.018017878341353554,0.018560834483704977,0.01845318124241025,0.015934649272177318,0.021935105905330335,0.024090831256182832,0.03455478056016413,0.04042760314205549,0.04012483342252323,0.04007317302078084,0.031434277815294,0.027657089197877262,0.030869075473871632,0.03329277938290529,0.03248771321534172,0.03366711187029144,0.02643835018586665,0.02777946287281455,0.030697489250217827,0.027519309825969257,0.02242250868034188,0.01825214036622996,0.01370093471252543,0.013575144212884527,0.011690483877661998,0.011316633157659841,0.011010289686431982,0.012014221226143816,0.014623979677938269,0.016436775223489547,0.02380342914110179,0.033768608425657126,0.03542493342840709,0.03034018486592182,0.03843767530466108,0.026114584542694438,0.030155723895766887,0.03771157270198217,0.03688890694414991,0.032897907112890534,0.024960350332332217,0.026328448771656,0.023348980741336265,0.02227633096387057,1,0,1,0,0,0
0.07391204780665374,0.05569239769334694,0.05033846242068803,0.047229499747191886,0.04524128849005311,0.04597095103277951,0.05167968087278454,0.0749068184411002,0.12051174467365795,0.1240340630951313,0.12012073423563017,0.11918722367064119,0.12312108911917674,0.11996984209602098,0.1245765307691197,0.1231582403805196,0.11926168307776117,0.13023115135461288,0.13484792960499287,0.13361916907299035,0.16542024248452936,0.15452837551766394,0.09531606395932454,0.07938692154941579,0.06045230450907152,0.05638582040159449,0.05355237373339594,0.04523373667526866,0.04373431119237957,0.047908818545680805,0.04868381620888471,0.07359348467840124,0.11249369505300337,0.13065993326341993,0.12057509578982382,0.10454930866758609,0.10647161786960975,0.10616629952526302,0.13937026439675165,0.14176369810003508,0.14224931153968964,0.1587105548404651,0.1658247824576721,0.13652865037164144,0.143821171051599,0.12781347998345613,0.1117886587090335,0.13236978523831294,0.11188993561511561,0.07594748193857899,0.06210744138547535,0.05664220469433361,0.05151170880312742,0.05162365534502403,0.0584380992730542,0.08638221838296356,0.15706133489871751,0.13101835977504253,0.13889030553411358,0.11937479614016229,0.11841013869084792,0.12160720823184774,0.14803238601326066,0.1414723079908544,0.15321766807903894,0.14185983151197243,0.14684690017385058,0.13940252555288743,0.14448436624682504,0.1369725603695921,0.12373769840712491,0.1314442358013847,0.08275655561760255,0.07684015315367956,0.06147873573158699,0.0569580188589822,0.05389547881157492,0.05378261016511202,0.06366743205712279,0.09942848323029886,0.1416559116825494,0.13915632708852477,0.13182893163539655,0.11369491885814828,0.07910875623643436,0.09126958000291371,0.09272259230978884,0.05867609051146968,0.046569425655745796,0.04977688090238618,0.04560133302904563,0.04810885088792528,0.046162385592031084,0.045929843541950406,0.03632577558207078,0.036943211765723495,0.030481831479935512,0.02668419603192309,0.025008436944570906,0.025205255617730033,0.02322096196570113,0.02466330956877733,0.025090874340862008,0.03149918926414615,0.038273539017393464,0.04629802723318302,0.038281191869277656,0.04190045067749799,0.04597825854915725,0.04717707547703956,0.0413650496224658,0.040408484290844544,0.04473304852192697,0.042263053245135934,0.041432746726621957,0.044921067654878216,0.039110424150532064,0.03900849400155445,0.03369431889102777,0.030074032660578662,0.026689023907598402,0.02563999148682439,0.026252072992262693,0.02582377197668626,0.023214489433740524,0.023168915158497772,0.023658128552972852,0.023560675343372774,0.028037098746832148,0.03185062048692888,0.03894420092596693,0.03739998861463351,0.036389914349744173,0.037742789714216414,0.03390496685228813,0.03638725291374696,0.034300891184757855,0.037876117523109216,0.03876478384873649,0.03567235791798772,0.03412042171543546,0.0325848566632514,0.03739080880799372,0.032280239893321606,0.029272848664702495,0.028295350582093162,0.02611691970384614,0.02524071886024177,0.02107641822233099,0.02034308046197142,0.018465275803394722,0.019878289019514026,0.023865466354495827,0.025561730558729352,0.028028374888246305,0.03506463059077891,0.03914994896753941,0.0337243428649727,0.03614146226553793,0.034590321761899676,0.03806816410538875,0.0396263986048909,0.03814593425186605,0.03695043319064087,0.036911828728111835,0.0335538922485592,0.028343589118289762,0.026483382145714975,1,0,1,0,0,0
0.06598187709677218,0.04551073393046363,0.04781774653209728,0.04510494294386873,0.0440201926771828,0.04480829735259331,0.04869186821927861,0.055756467350461296,0.08796192092064177,0.09612002577991993,0.08743134345172399,0.09308119697299083,0.0980835107003285,0.08070674903711832,0.09467177393016254,0.09186359114349973,0.0834355103978371,0.08966956242175086,0.08878195367468986,0.08381342441933289,0.1273684264083947,0.14716458301334184,0.07355220920181367,0.0683187222906633,0.047986227835547186,0.04691176767698504,0.04479463785464696,0.0414045144137932,0.038709161862212516,0.03914962393539922,0.03944100095137654,0.052314751348152805,0.07860259149512776,0.09378788622574095,0.08863280767222444,0.06940345055587088,0.07297182529855857,0.07091845173336375,0.0959415127308109,0.09407965869949206,0.09484433238462292,0.10735766516410611,0.11811767427697642,0.09936088336473815,0.12764251318462738,0.10576518266322152,0.093331841153527,0.1204134837010551,0.08904853642820806,0.06995004541140397,0.059054797907629186,0.054028636017645196,0.05012223256274806,0.05011429599304721,0.051971224772886314,0.06754677668084456,0.10870975195338145,0.10017193699623483,0.11550724007208976,0.08920805601589868,0.08474441593564731,0.08937234724116547,0.10085876122618868,0.10353798317925024,0.12862668742278724,0.10799919454083029,0.10813748169006612,0.11000197675166176,0.11906087729972838,0.12213945395801629,0.11191964052314914,0.1139671535330786,0.07806599381532366,0.0737686795216106,0.06094100009304347,0.05568273597126367,0.05288262417235072,0.05182950806560447,0.0597869549575172,0.08768498821730313,0.10409408832167757,0.09516935800606977,0.09607459298824965,0.09191330043010851,0.0721833770252266,0.08673841784365348,0.08472458823503283,0.0571465893041892,0.04945090299098043,0.0565380163324287,0.04752859953746542,0.04855396285589147,0.04679092126065246,0.049573629352393865,0.03891719932611337,0.04435126766299321,0.03629164167575218,0.03162932727886883,0.029297540938415904,0.029671556379992033,0.026999454517805728,0.02806753606725848,0.029868266878575828,0.03780073424773782,0.04415206283322434,0.045940774799456394,0.039160345675398105,0.042806456672892165,0.049097715017754416,0.04742514857487176,0.0415654901750587,0.03955097130396167,0.04718424818487984,0.04402375905861207,0.04119295379750984,0.04691987297980358,0.038760458923338334,0.04089446351650675,0.036033451882101455,0.033241516561967735,0.02998532023259841,0.028718609649020024,0.02907181889439266,0.030220046089637232,0.026642799326438295,0.025892062736890917,0.0264151312269681,0.027392201886835308,0.031205456948572977,0.035662194042475615,0.04054565372151526,0.03623273997331327,0.03368476485432749,0.03587670996067416,0.034277576816358866,0.0400425123611023,0.03490615389874447,0.03875792792083519,0.04096588962320784,0.036868370359513056,0.03771633245062014,0.034426764336202016,0.04025167274280834,0.03448634027723468,0.03300337902229488,0.03378085393109207,0.03211269162681636,0.031253020164304944,0.025846494217793947,0.02521576544180704,0.022427504848401402,0.023951681817622503,0.028943440656698138,0.03029554445836272,0.03062508952770458,0.03590106313052825,0.04137461761935259,0.03568712086386807,0.03355228086897065,0.03841521088929188,0.04209926773353026,0.04165219360137932,0.038886922367970866,0.03952818605795658,0.04293943206980046,0.03668832286545156,0.030347672193993157,0.02902863123658531,1,0,1,0,1,1
0.08064435538283066,0.06385595410320559,0.05990965170825462,0.05658321054734805,0.0503635739917989,0.04590084093361143,0.06053652010179491,0.09296584256440744,0.099478791395553,0.1173963226019191,0.11767665621770018,0.12697219387794817,0.12251416326408683,0.1208604458208556,0.1392108009505859,0.13145632539691504,0.12915273255442541,0.1331980538436906,0.12898787416070898,0.11922994474585108,0.13887247603787506,0.15068398611735973,0.11335538927956951,0.11508881057937921,0.0818628279726601,0.07438465064093064,0.06337598053241637,0.05735800990753083,0.05723301987821083,0.05341792730180973,0.05865738807941617,0.08152286125057975,0.10978135530437415,0.11569880000661796,0.12282030442158726,0.12546235736599246,0.12099982529913049,0.12491913615802036,0.12921564372747688,0.0996600690044418,0.09768367059588733,0.09850644228921053,0.10227702992042789,0.08509910930979885,0.09567739807798484,0.07377774875060869,0.06574364128531206,0.07825051086891532,0.06093779130296399,0.049407776939048575,0.043617586155900466,0.037428429669610894,0.034131569830149824,0.034709962212357955,0.039555769995246425,0.0610255951723854,0.08205754134081891,0.08199773840931847,0.08871366184380554,0.09402648904837638,0.07344752713540738,0.07829739330096101,0.09986963272569958,0.09102788309666246,0.09790884337572274,0.09177432085572894,0.09960036737688592,0.09568508693403187,0.11220705974200583,0.11128558656546496,0.09901612430992418,0.08646990206312136,0.06292489534080126,0.057188722242977975,0.05030526740489967,0.04528569254552855,0.04528866451710226,0.044738871758058824,0.053989270007900575,0.07838382752342385,0.08702734177026525,0.08710342047786576,0.08467537836701755,0.08275736259109477,0.07739742840248849,0.08638870976248302,0.0902331740867018,0.07245296105702417,0.06713526839411266,0.0744739107483311,0.07084679024288464,0.07025012834638854,0.07465347178324755,0.07311133527078616,0.05828142137600212,0.05422879434958982,0.043047775185510936,0.03985888634541125,0.03748905078475455,0.03623094697475854,0.03404196223749841,0.0325914067961988,0.03550192299106165,0.050293940134364695,0.05661848531344763,0.056544284772002074,0.060152556844693804,0.05763173621682196,0.05154100962178438,0.04776789650127738,0.044587906926276594,0.040779718873970104,0.03990979870027235,0.040859217904516965,0.044936968457215024,0.04503887678228722,0.03900054883686342,0.04091339964753397,0.038877619907391976,0.03398797362746561,0.02984051292110388,0.02404646934399895,0.02271532863855546,0.020275313723570148,0.020106559233030636,0.018032576159534405,0.017474574335126086,0.02027429893134165,0.024893524516132158,0.03030061654264185,0.03525619461355999,0.03477254089168052,0.036812567191848944,0.03639002577412538,0.03689961684051196,0.03704292121226971,0.034184145910466236,0.03733322247672062,0.03647011142155042,0.03696997874501871,0.04099467665675035,0.04306264450411591,0.04880782647039158,0.039266050165535055,0.03154140615057144,0.03035875340003546,0.02631124311614389,0.027113709845817163,0.022884869277870652,0.01741731615459665,0.01619427385176939,0.02032033414828534,0.02270025904651194,0.0286682985074849,0.03363179667594428,0.03041165840727716,0.03283714208295446,0.034788223312560776,0.032826022619169934,0.03250561726051656,0.033359544943596664,0.05187906371162555,0.034641132493114485,0.03507893085811669,0.03617308829277317,0.035899577676224474,0.030166505770668706,0.029143438612461922,1,0,1,0,0,0
0.08885948968433903,0.07307529852685916,0.06850455484555452,0.06747245074104098,0.05848081947793692,0.05149766501601185,0.07122271746027142,0.11505200010261019,0.10475935938921226,0.12323869472141016,0.12899604050881505,0.1397868237517539,0.13050787941701536,0.1356544140421608,0.16022229169160393,0.14909459191519692,0.14586672255823926,0.1504531582928158,0.14473403740559806,0.13172190812992077,0.13151680580223268,0.13833860905958595,0.12834744026439956,0.13833713276807783,0.10085458208178227,0.08636907409252072,0.07304965404374437,0.06782099807707612,0.06655239754682289,0.06062624118646867,0.06764017639069674,0.09416480491220579,0.1241376957913281,0.12290181327845126,0.13527398833252527,0.15334298967894852,0.1448576404407923,0.15258173183634474,0.11938119858152356,0.08349047531828556,0.08155578353696917,0.07452384874015597,0.07616366565465216,0.061906080567356664,0.060233243475784584,0.043416488146426416,0.0410007343116382,0.04335606041644318,0.038119234957560824,0.032974712546416395,0.029522387934835196,0.02470518407390802,0.023367640897048566,0.024024748402223944,0.029091844840421446,0.0486901652734467,0.05730618616284009,0.05805184259289361,0.057131263820961724,0.07444365747049977,0.05640395407464493,0.059531788226195516,0.07529359073761778,0.06593190130994218,0.06313332756305463,0.06629270848289796,0.0729458970672014,0.07124411464545391,0.08199770351637305,0.07613124142412923,0.073995217198005,0.055914426971908925,0.04637549539370587,0.04212934583280377,0.03605360246457955,0.03299016140352941,0.033503033923047876,0.03366835641712529,0.03805698824924393,0.05631992328761936,0.061728975624405595,0.06503883331827125,0.06094917236010331,0.061499976370722464,0.06306409624545385,0.06514523219041173,0.07121011904708859,0.05747141186732177,0.05354399255577388,0.05982174347384117,0.05857298316916605,0.05323907339768617,0.06050008388619865,0.05853635547788288,0.045029262313059044,0.040557048033281674,0.03295118288499923,0.031038549783635662,0.030101351634690507,0.029544125727084543,0.028641719739910938,0.02703589355968506,0.029687710203747917,0.0416305807505191,0.04599152331577282,0.04615989721953733,0.05058861744856997,0.04741879750074054,0.03992512294147718,0.03454797285822893,0.0316792923470474,0.027662379165625976,0.027359664135143267,0.027356106531980694,0.031619330405903326,0.030443340494371945,0.02632240418567076,0.028314573802541723,0.026826287788555017,0.022929491305663376,0.02050690863446379,0.016516193959857057,0.015906251363960282,0.013897583040952685,0.014817149158447614,0.012425611958947251,0.011709752197401809,0.01350169944472052,0.015893911488472856,0.019942079094340166,0.023317813907648987,0.0237801603399112,0.025100960233100173,0.025104871589803263,0.02631673294918712,0.02443548684443617,0.02355192432940301,0.025735221519057383,0.02435064589182072,0.024732063390092658,0.02802765393819289,0.030479327012716568,0.035364102408792106,0.027852440093283637,0.021236371742074274,0.02199586903878082,0.01915372041042738,0.020137661122965583,0.017431255026503573,0.01177101094763528,0.011429186261954037,0.015061736131161485,0.01627977457107301,0.021380752543208127,0.02509570911948565,0.019896920447513955,0.021331928303299743,0.02501521261567082,0.022404181811939664,0.021878224037068853,0.02104792122289342,0.04096908746691878,0.02231576671930959,0.02350556355235462,0.02308936973189306,0.025735227783016432,0.0208973296211426,0.019039930900363843,1,0,1,0,1,0
0.05667808247285526,0.04984279004863069,0.0451541550842674,0.0431389489453886,0.04022575020546964,0.037316841546434956,0.039794718544956656,0.05348551577414003,0.06036505777490838,0.06440174102737997,0.06213075504381597,0.05702284858030733,0.05928014460930228,0.054204487950872154,0.07966539977009005,0.06704591300247789,0.06771981458703161,0.0663172461685519,0.06715016391219743,0.0710536690587315,0.07472940308766586,0.0748876593053604,0.08532571331261171,0.07208687921279046,0.06660339830888012,0.07480015768702364,0.053503935822262025,0.04957063636909989,0.04005510307386839,0.03674334596066271,0.03984153802395839,0.052353617837092525,0.0641482865363019,0.08825976808475684,0.06908559299100943,0.05973851692991683,0.07893658852235692,0.07907895437811441,0.05826802301383515,0.05223663792937879,0.05506996436095324,0.04943754488575739,0.05547210776740379,0.04542792218404282,0.041580010114061774,0.03416330466108088,0.03332822743146488,0.03503428565008315,0.03311974110674418,0.02949195868964068,0.02184089044222761,0.016919360924945004,0.016177256429567993,0.01671070764008796,0.019865051067923065,0.03626564451256505,0.050038801282808465,0.04346623179454138,0.03808385049709987,0.037163836884588575,0.04284504372260406,0.04189066810352036,0.038088194926581574,0.041957888146655145,0.04206392971399504,0.045101158296919124,0.050908382655356695,0.06042196210212967,0.05473741308099729,0.05577349416058134,0.05904594489428007,0.04396800716161196,0.038070637281427705,0.0392203616923905,0.0252165906413159,0.022477143961695336,0.021146404151771634,0.02087846433526996,0.02674332858687958,0.03613607861037381,0.0450752212925488,0.0390865879139202,0.034067232656994254,0.035351157447293634,0.03462459105993264,0.03245474878245496,0.03470495630883196,0.020684261858205124,0.017922669906676805,0.018763139272877677,0.018051501617136548,0.016572750946688992,0.016101454445452842,0.014718215351427007,0.01317689819955467,0.012617068216419941,0.010727881183678014,0.009860145397190502,0.009823682031128761,0.009092227091266163,0.009312482975731796,0.010176308454727844,0.011029729582117712,0.012959815294118101,0.017653862170967465,0.018974132904504486,0.018811774471512263,0.0166694731995313,0.015104582941448065,0.01755892223159527,0.015711161563348053,0.014749354039373972,0.017244865193682467,0.01682259270161989,0.01637957074390467,0.015518914848431585,0.013650716629798915,0.012289523744531197,0.012087666909495583,0.011178744300268193,0.009818024992186333,0.00892043719028812,0.00832347968759653,0.007923770570085803,0.008818446736344413,0.00752033138498129,0.007374273701810451,0.008557913339954261,0.009614790541225458,0.011229675469238025,0.011977272417565733,0.012196305142911264,0.013124854564271078,0.011446977294098703,0.011369366915126763,0.011537076143946048,0.012330647247451646,0.012016530179019788,0.011856142474986656,0.012839084375175133,0.013619078799488484,0.012792191381981894,0.011847911704921917,0.011262745144666023,0.010040224452894026,0.010555467690159583,0.00936542415869789,0.008899219404398041,0.008741671204067348,0.008665177163532524,0.008535058523461295,0.009914945103205989,0.011178279374312794,0.011812848099262582,0.013971893656077728,0.013861961271704278,0.014342148962717865,0.013388831311688961,0.011996146713493005,0.013598003437989854,0.013741621571492241,0.01574962985331234,0.014035338247606591,0.01382784723508791,0.01337506647089712,0.011734138954057019,0.010250220053301107,0.009471444826208868,1,0,1,0,1,0
0.050900051816335244,0.040675315212385585,0.035751838444126875,0.03659771048460592,0.03484279244765568,0.03255661773621401,0.034593946027734065,0.04579585962074127,0.05713117658383067,0.05542033782598417,0.05298939116582771,0.0536563508570966,0.05725528610752054,0.05260533588028297,0.06764851560034735,0.06026387732911371,0.06410923888126396,0.06323863022558215,0.06589339059939134,0.06768166582119446,0.07173366546613286,0.06950654377852837,0.06753602667976438,0.06453141705062401,0.058960731850836376,0.05628953132243463,0.050847466969636594,0.04668749996408053,0.03572151949017051,0.033150513770352184,0.03644131483844554,0.04753188378936595,0.058789416796972985,0.06922969240612563,0.057230707066748744,0.055220376141816435,0.06410441138853311,0.06896842988982949,0.06988631808302648,0.0777777919584846,0.08566855498167143,0.0778620877817526,0.08958460153108463,0.07641668994135858,0.06527334177796792,0.05510259764225073,0.04996989046579004,0.05275944594361291,0.051785234822287876,0.04423267101685341,0.03170260248100722,0.024346886364366806,0.02375106316444403,0.02421087114992238,0.02917898770777977,0.05402303801474513,0.07400603716055698,0.06775723474688242,0.059117690137984936,0.054953961542723175,0.06307894619100213,0.06510632822398818,0.05995375467719301,0.06538516024183325,0.0660314220120799,0.0680678911752919,0.07898375967708955,0.09401902862003096,0.08744505845644485,0.09087278446149959,0.09092826259009515,0.06909942442080555,0.05961268967510079,0.0601610683193789,0.03971977878631351,0.035522966230098874,0.03288023393582668,0.031892261237243466,0.04142750856974475,0.05644807995139906,0.0689481984108564,0.059591741788216454,0.05251331293317987,0.04934622584834941,0.04236666774203089,0.04020168854882769,0.04304549788890594,0.024150839873932545,0.02025292513916604,0.021390166499592144,0.02070896966437588,0.018761163918636616,0.017602607276791984,0.01593173122159434,0.014599117827870212,0.014203349210436245,0.012056069390238233,0.011509357002818976,0.011377006733682945,0.010541818128816506,0.010848189767542704,0.012082523418527977,0.01280037759730472,0.015107945134020697,0.02065575411581282,0.021241432247740496,0.020665205040234703,0.0182582657431058,0.017359751745139172,0.020661616698745913,0.01893515994066159,0.017640082780822946,0.021691777983039055,0.02037983087190889,0.019986200939403877,0.019002759592365203,0.016274955021312834,0.01395219903902054,0.013784431758974515,0.013120472205417255,0.011632963461355023,0.01057603295048772,0.010011713630859198,0.00989496865701632,0.01115793783495377,0.00916628711261472,0.009287696046959533,0.010724686594487151,0.0119494750698217,0.014214083974266475,0.014995372612070497,0.015414831016187609,0.01635691723094751,0.01413970818044798,0.013938442101203192,0.014147671852381716,0.01556632931145543,0.01455173442110794,0.014890025413676558,0.01553160544719919,0.016048630256723612,0.014865500280783919,0.013477715195855297,0.012942832768229693,0.01209461393170423,0.012721674972632716,0.011333113724771906,0.010880580080475532,0.010680793585576115,0.010966678713860367,0.01076949248471363,0.012145824865966156,0.013589676898186945,0.014352469978779266,0.017077400172454654,0.0170245795168141,0.017641310042569917,0.01657501748698941,0.01475323392286648,0.01694985980775621,0.016148428433762397,0.018494282016922426,0.017319311741178834,0.017149282961735016,0.016495263627569937,0.014079700347093157,0.012758459516095126,0.01160875559783519,1,0,1,0,1,0
0.047405173923119236,0.02695271314399741,0.01842518590482973,0.01690402943180451,0.017159548994329005,0.017039552894363475,0.018145490483964806,0.027322532223838146,0.035314398250193314,0.03343780557712982,0.02932184383721155,0.03533714562166289,0.033968423794958624,0.04835754349251639,0.03802166249633065,0.05617147872539546,0.07080857307218293,0.058382296176242576,0.05044509416456208,0.04710792561037045,0.059433801506200305,0.04987415663132103,0.04101927237267412,0.035319556013345514,0.028970609977899752,0.026685010580678403,0.024962709015697693,0.02198475727026878,0.02262765866000241,0.022065331821179056,0.02637432870649137,0.03392878337438328,0.04445759133653614,0.03840935217802549,0.038918109990878504,0.036143125087190885,0.03524913840808845,0.03890715144516416,0.07457987914767092,0.08416181743859566,0.0927117526830453,0.09162637678975,0.10652809619693153,0.10705960683651383,0.06805691405177298,0.0646695882284252,0.041187260427376506,0.03956117032773031,0.045132714018003166,0.033144291679044716,0.0235473997377655,0.020738702882394686,0.021257398501856838,0.02096831490542425,0.02436690350899381,0.04578719019150014,0.06789821561124312,0.07399215006116015,0.07181393349909304,0.055816655145281044,0.060582364336063524,0.07418706057952426,0.07641335814470769,0.07306241207462161,0.08045980424006276,0.07883036334785937,0.07890905924468973,0.0875182869423296,0.09739866391704576,0.0995388723638735,0.08670800260399084,0.0693121425335936,0.05016699172063388,0.04186533050801037,0.03921195708452304,0.03664319116567868,0.03420291666983654,0.03258102490584419,0.03943265451099611,0.05889605815248956,0.07004020225143465,0.06214344761441828,0.05864727656225452,0.0544788885045159,0.03370915016175644,0.031778475066552216,0.03398604071619245,0.020107301162327777,0.0174218685756776,0.017648212866268023,0.01659665368085612,0.015194032238754,0.01420597336511484,0.01294552135225653,0.011578989105675952,0.011153697393884813,0.009564770879211528,0.008771109776974805,0.00878899300614487,0.008050015902065999,0.008295923717088309,0.009219053994485785,0.010010598818296383,0.011454006456601471,0.01611443834218085,0.01764060574891397,0.017209066638247554,0.015243165312447285,0.01388328257754717,0.016553375297937076,0.014776682266987862,0.013927128980189074,0.016431837643284725,0.01608478033904973,0.015509399812845976,0.014614346209828015,0.012900155466476024,0.011541520985551895,0.011371299281064007,0.010523808750302979,0.009223200301613877,0.00847756255543091,0.007856896965598239,0.007493622442786492,0.008329500329530224,0.007192032189578607,0.007045888191081326,0.008185647365362727,0.00916899338155588,0.010581289764999518,0.011212260226385157,0.011315934873957757,0.012204213665557425,0.010660858955395971,0.010511353499615727,0.010758931451161925,0.011642941161024184,0.011260452349865356,0.011164252298031762,0.012129490071312823,0.01269411466336056,0.011816712984023758,0.01074982095922168,0.01048549417750217,0.009480180066953824,0.009955391326052611,0.008847348285198153,0.008170779828758676,0.008273718274669722,0.00843727365916269,0.008348662416924519,0.009574705386859486,0.010805073843782317,0.011238382116494736,0.013238808756947539,0.013351926306263603,0.013854977599487167,0.012747189677943182,0.011244445148953387,0.012837312655651124,0.013172012948404916,0.014265668515610517,0.013433677182101075,0.013245568185484618,0.012804090773554752,0.01107319000028443,0.009690122009925806,0.009001936585353282,1,0,1,0,0,0
0.03815156859625852,0.020901961491113508,0.014839267751073495,0.012915509208050152,0.015022762112295267,0.015062801884030476,0.01678534540258718,0.024919604966812232,0.03024998996856816,0.0295137659557142,0.02524414488673798,0.029474648415765265,0.0274404050094403,0.03827783345746183,0.029134789376571983,0.04543248454001825,0.06003840770004166,0.048829344230061494,0.045903327174345684,0.0396546010347652,0.04854018884667794,0.03880273082335219,0.03186849560072211,0.026982773790627294,0.02272398357215608,0.020687228037971205,0.018867927456955855,0.016842302440473318,0.017832570191697313,0.017604580596820258,0.021881661156780297,0.02955775809587265,0.039204368717538275,0.03239271855326328,0.030779509759860393,0.02931860138438632,0.028699709366826115,0.030565845867077647,0.06019283946244284,0.06802061144210218,0.0766513782089809,0.08075699116945516,0.09108107469268907,0.08997660842297095,0.05470304321484316,0.05064808475079949,0.03177647440683158,0.030114835452972416,0.03498425920969076,0.02574970416572224,0.017786521959169414,0.015409566846359234,0.018051962031401945,0.01738914727303192,0.020843370399920767,0.03931090385927919,0.05630634014235262,0.06282328197823371,0.059808601792354345,0.046121244306797454,0.04796898825500551,0.06032845325208745,0.062487820506964185,0.058361496345559316,0.06379488680062259,0.06421023130962354,0.06582351400248358,0.07146446196380069,0.07874052100358712,0.08022508488366954,0.06787815882075285,0.05470765307389054,0.039587942526608945,0.03291952903686119,0.03093538763689948,0.02915461448875394,0.027827523023089735,0.02806660338122652,0.03383219681103923,0.05153260509828468,0.059818904114490146,0.05447927743089048,0.04973401993087492,0.03629006611992027,0.015512211477081253,0.013347498479173566,0.013043303602299864,0.00839772272394917,0.007301034007293849,0.0070492931535876616,0.006599695095494718,0.0059492681538487035,0.0054439159211871185,0.005118454988665299,0.004301998516383689,0.004000510816119627,0.0036013798225293346,0.0033663134000912302,0.0035294618585241765,0.003785362442755324,0.003877831056846092,0.00472604534404892,0.004978802135203116,0.005558166038600601,0.007330171872631977,0.00785088050811804,0.007581598171650637,0.0074304872531289826,0.00623441054707229,0.007259705714447717,0.006535479575054428,0.006361291379310497,0.00666863703364704,0.0070378120731322226,0.006186213922285087,0.005678828942735795,0.0050022787294364095,0.004937297513450597,0.004511390334736793,0.004007098049898276,0.0035314699476451036,0.0032217419190037812,0.003134962024104568,0.002936070021129572,0.0034813940275212306,0.003184524049881253,0.0030183158946093386,0.0035228441183666704,0.004126546650848277,0.004979941978749413,0.005127917927065829,0.004574006493746587,0.005070224012873649,0.004116599894112847,0.003962255328929514,0.004007335913760282,0.004133747651221648,0.004061176843142649,0.003960336636199432,0.004437835687305815,0.004672249518654907,0.004806296327394427,0.004442176438405486,0.00449074901902107,0.004055247421648259,0.004338289874981259,0.003443775484834246,0.003170211288220589,0.003231126916808865,0.003393797390969542,0.003485879287034189,0.004081891546773585,0.004555659823547401,0.004601634179518065,0.005209702685839167,0.005427238171954077,0.005807894346081168,0.005126038434940042,0.003978048654106088,0.004549294471834889,0.0047795616512758664,0.004770368845231684,0.0046971468729135515,0.005010983816384091,0.0045281353838456445,0.003963292058414534,0.003625840133889854,0.003644524269803137,1,0,1,0,1,1
0.01132463896651154,0.008720989657951024,0.013778980606284442,0.009047530243799066,0.017816159637555506,0.018219565873703884,0.02403365093310962,0.036118695910711825,0.04398268291294057,0.0448990563497466,0.04013718384637837,0.036632843058360155,0.03076091628984281,0.03192040214343743,0.03002371991984951,0.0337317235432799,0.04533244222768646,0.04991530031360595,0.06755342852825796,0.04308536483829594,0.03136828571142063,0.018000244370786723,0.014946056655762692,0.013841999262700811,0.015314160980473395,0.015445292439125383,0.01020239704136018,0.010995930768953414,0.012529306658346789,0.015064266539499905,0.023103228753543145,0.03663033113981473,0.05269731706121231,0.04699713879750786,0.042455360796899946,0.036679622447976,0.03728295227452977,0.03481416250754736,0.03729355978489116,0.03570833048125822,0.04222264856028452,0.07181396269606861,0.06407127647212461,0.045235510525077634,0.02977349299532885,0.02190215684014494,0.022877263025257492,0.015264460637965037,0.01234029831692063,0.010575758255060191,0.010628262893223186,0.01027049854918912,0.016749056650224605,0.016942761021689415,0.0225716689409573,0.03760028783994889,0.047847100154375606,0.045970713800375686,0.040579250279406974,0.03709852204452837,0.03523359917994248,0.038717566131826205,0.040284221166818956,0.03280756273433147,0.03541943699810545,0.058338034075400544,0.05604270978097764,0.0414896058051167,0.026915081175074247,0.024073991118327153,0.022054293210717515,0.01653668668041468,0.011940183674045424,0.01226464047750203,0.010666660860327018,0.011310373258205803,0.01404950693989026,0.020775343660776872,0.024375551418334175,0.04157680400091677,0.04575922563807951,0.05167168353243276,0.04025738678542336,0.024867874049725108,0.006883200533924258,0.0042116917608210165,0.0033462427762223452,0.0024849132496415497,0.001925971228800659,0.0018400569155768269,0.0022717963992938614,0.0018458284729633322,0.0016141664731419926,0.0016197655790251293,0.0012211894695733597,0.00119406192376993,0.001192308760774263,0.0013260722809676777,0.0014883562925540386,0.0022980978538568037,0.002415545916105816,0.0034630380250411756,0.003294531420162319,0.003762625902030259,0.003977034307740246,0.003135415271881716,0.002881263637760415,0.0036074336269189917,0.0027654918682238037,0.0033295062729303375,0.003125735256592684,0.003255003031136106,0.0034904670937894117,0.0030970019539593953,0.0025789932322087565,0.0020516194034874424,0.0015798340523959771,0.0014121832306467372,0.0010973190180382974,0.0011819705861644107,0.0010926940975784052,0.0009993197349500657,0.0013559198058634575,0.001445168169509422,0.002085201686776522,0.0017828549327952024,0.001766455563732358,0.0019474582590392555,0.002388715663039446,0.003421197119510824,0.00329929989292566,0.0024765726930071038,0.0024302986761109207,0.0016496105000887524,0.0014917094875358712,0.0013384135127002697,0.001246991668007291,0.0013740106718700387,0.0013875308087992356,0.0016513501104237357,0.0013609225456218926,0.0019998766333548306,0.002008093208647049,0.002233400595632199,0.002301910924372987,0.002609383827051611,0.0016604054178748103,0.0018511620760108458,0.0016334950470992236,0.0018246714561599997,0.001859956782563141,0.0022320424452066893,0.0024100176525322066,0.002206244477137389,0.0023524879104133145,0.0025841808029061107,0.002792002784029894,0.0022487290440429382,0.0013255094969038897,0.00131979839327877,0.001159332264836368,0.0011226973890019357,0.0015007994414421406,0.0016988581067583876,0.0011859262523795742,0.000960687368252004,0.0013315049437825927,0.0016258965247286817,1,0,1,0,1,1
0.012585794377151816,0.010089913292079443,0.015888843190973806,0.010887823832220792,0.01990207563914822,0.01977408395656357,0.026562325172946922,0.03924459774494498,0.048457127173758587,0.049392903994875045,0.044546728462264804,0.040009765527793055,0.03444316030807415,0.03497062793960414,0.03433151235321795,0.03625182602605975,0.04697778484652218,0.05322940870003744,0.0725199676460874,0.0473625592450335,0.03395581722514994,0.02061114520917319,0.017729825767476275,0.016367584486628166,0.01815982492331636,0.01784346768743256,0.012597506308114449,0.013055375587703498,0.014342973988451609,0.017179013244255945,0.025384212113810853,0.03956035667766574,0.057204710391230755,0.05071309585178054,0.04505253588952188,0.03901912541240714,0.04020678350195208,0.03876002908100913,0.03917144487809665,0.03713198019834724,0.04278446859668453,0.07368071655647804,0.06518292326034433,0.04534688641013752,0.032023484596196625,0.023349705762567678,0.02544227009550073,0.01726779643484771,0.014023585226334546,0.012285010340189086,0.012872401596690675,0.012767468518404015,0.01840738717011337,0.018974278900231983,0.02540450299180773,0.040642235376959615,0.05070436791912864,0.04761229754046846,0.042094756347292345,0.03847262617947541,0.03711824273643889,0.04058086386388789,0.04174334778218695,0.03421108594488438,0.03713205494330855,0.060436766823318555,0.05852283206694981,0.04282826744942409,0.027243063830943135,0.02391236477645646,0.022786448062140734,0.017041941597181406,0.013274545611581203,0.013534654271946165,0.012036613581563499,0.012590828391959717,0.015349919746079544,0.021576709297354425,0.025517910520946055,0.042694215741749336,0.04756319025610826,0.053656806832981706,0.04255269107938212,0.030846664945579,0.014166365579469282,0.011123325601940709,0.010250802365669606,0.008238702825468862,0.007445981893666256,0.008324564649035839,0.009550779290068801,0.00806855774501404,0.007026321323618789,0.006244194983194868,0.005441687618573522,0.005315354899906903,0.00516054882352252,0.00449789670469259,0.004943541481789678,0.004806007797426834,0.004954492979360565,0.005564868733721589,0.005958293302723009,0.007685300754880695,0.00938188010608106,0.008026093452691644,0.007777056337193618,0.008270634840031297,0.008313618428618977,0.008336157831223706,0.008066006816470963,0.008690881425140342,0.009375105103773474,0.0087166674470614,0.009798898045638679,0.00838797158477865,0.007136888283316491,0.006113916374062551,0.005500458464986706,0.00514454936236724,0.005061449550152076,0.0043134646454454795,0.004697785239152041,0.004178105307797242,0.004620713703854272,0.004270932017877773,0.004807493900913864,0.004880188872925028,0.005310102024604288,0.006486924814337535,0.006730193921904969,0.006440213623642505,0.00646318652064184,0.00572242202707385,0.005773938032017437,0.005645305928746219,0.005462363815243594,0.0060494084918330865,0.00637131371150416,0.00651213953758733,0.005893855582590513,0.005864564722584822,0.005497892275373976,0.006165029200935719,0.006403947749368056,0.005964319669778365,0.005065622594059112,0.004890963417624793,0.0044812402195224185,0.004581952678935414,0.004809760425697694,0.005131863395299506,0.005153703175405201,0.0052525411108063445,0.005645100415435435,0.005871955188838932,0.006005148483503874,0.005492666687418884,0.005312065291236374,0.005277338411788018,0.005660325497554427,0.005862452558335648,0.0065415953993996885,0.006294935850920982,0.005936488367122203,0.005634898817803733,0.005679593657957168,0.005809431576984004,1,0,0,1,1,1
0.022071142791038532,0.01834885681659608,0.021144443620071077,0.016315515820541908,0.018994454190660738,0.01612383277221376,0.01838496294045169,0.02146284777745769,0.02374147092830253,0.028353314265687147,0.02875590035746318,0.026455808158782623,0.025021394384343636,0.024223678492098256,0.021740792252975944,0.02277689820391797,0.028308041823929316,0.03079928063466758,0.0429998907504676,0.031265742945773965,0.032587835812424686,0.04161677944631189,0.03290221529581004,0.028852411818207534,0.01886399639561428,0.020435291555409997,0.017710522501270674,0.017939217752321077,0.018698367457890844,0.018076005838720297,0.019222423703300035,0.025316387120087307,0.026989436654962787,0.02418622623504145,0.02429809785222346,0.029489106614325786,0.024935256647843875,0.028266010194031212,0.028415290287557852,0.024825474213583415,0.027970752630191855,0.02866372170019136,0.03041739998246287,0.030173816199645823,0.02758311029505452,0.026686668670720375,0.03344460510885372,0.031005661118816683,0.022903230889570417,0.015809563003859526,0.013858762301964325,0.015350443091944806,0.01511937305866483,0.01605158605225816,0.019963241371522427,0.03172379960496615,0.03230516345270716,0.028685639204961172,0.02378308087861113,0.02247746392752366,0.02200772174277117,0.024034880921700825,0.030755306275970826,0.05238907527012741,0.021429157431897786,0.022603831849375748,0.034885971786932535,0.038364422763791615,0.03247684766041568,0.0324726145389699,0.030523651517751264,0.032738564911965744,0.021932606233776793,0.018669710614164108,0.01727997508088233,0.020795788871102422,0.021338833350986297,0.020365683073152025,0.01984110862951781,0.023494196743109763,0.026709385965703134,0.027750046565231,0.024539079897668688,0.026444833375593155,0.029045142434479896,0.02704120065079261,0.02715387798169985,0.024680133271055,0.02246139975210978,0.022808676885705887,0.02424159772780205,0.026143160983931827,0.028547784800896252,0.03400690110452774,0.025136500022468516,0.028076846049543355,0.025113561921111863,0.01706595821463297,0.018565817250642398,0.021549221889432077,0.016369488247291824,0.014738637633610616,0.017290260055189657,0.021233223886183625,0.02386788011874552,0.023342590315463718,0.02754399849927798,0.023556510379675155,0.0237908851414541,0.024985900385181434,0.021614582776939704,0.024238629947811955,0.022309042671852426,0.022105870685981955,0.02673797351239004,0.030545874972421165,0.02972942855596744,0.024867968864387524,0.03126077685268856,0.026499221496367846,0.020495143778801118,0.01692197997974382,0.0183081152675227,0.016868957439748023,0.01442415726690055,0.013641189346249227,0.014938998765692917,0.016246619582194994,0.03643150874214946,0.02104092310874855,0.02389325929680176,0.026622584870148222,0.020406116270392422,0.023302839417543887,0.023159499486452868,0.02187615794818019,0.01928657655975311,0.01879478448134801,0.03774879279086951,0.028810465771529566,0.02862229087658492,0.02314033536421558,0.01918764146752111,0.023032182684716216,0.018224920209654282,0.014412556507672918,0.013931263375645311,0.01360934028439486,0.011554936907526023,0.011141928414638031,0.012986225458056461,0.017864271411048755,0.015502874219734798,0.019037263818935,0.019319607768742378,0.0198053049076253,0.019199296216295802,0.017887312133828825,0.018181846368746087,0.02263778648816913,0.027998510055991875,0.019204394571392194,0.02918467277650828,0.028575434890742445,0.027693581283512504,0.025315474730875785,0.028283298157979458,0.02626117342869688,1,0,0,1,0,0
0.02395097832006714,0.020554906591982367,0.023543891419890058,0.01810432701914369,0.020596288661628128,0.017474894268063406,0.019334951613721577,0.022212362472900773,0.023641214362580744,0.02931546368976609,0.030520085757818803,0.028049966983749283,0.026392949452436466,0.02524930461479867,0.021812886068294922,0.023775843656112162,0.030047479579022745,0.032404541456932084,0.04588118089396448,0.032906386488197895,0.03565151835395327,0.04738758336042684,0.036736526934699955,0.03258169066381784,0.020040853057402948,0.022435239939314077,0.019041910228018964,0.019752073922276885,0.02052774756858098,0.01961956176415356,0.020450989751753097,0.02677537685471406,0.026761452259269257,0.024619219002569893,0.02605756535852969,0.032457898865191945,0.026496558515255824,0.02997276428490805,0.030045539648775856,0.02530420091002852,0.029560006819406615,0.028850076289837177,0.03128494988897328,0.031903619757842956,0.029311266725300638,0.029466722289176777,0.03764557078519297,0.035137390206689975,0.02514578881785733,0.01706478555346915,0.014584957801587913,0.01646131802255885,0.015949027213065122,0.017023216952062888,0.020778809983027637,0.034207781230285596,0.033674505598458034,0.02985773015214578,0.02424235957315036,0.023781794019064006,0.022839790007623068,0.024403093985673256,0.033027044553345514,0.059849368809455586,0.02135441899644905,0.022034075422321917,0.037189705831304244,0.04257977403109041,0.03572256829909058,0.03606290481106212,0.03395351979626057,0.03742398971447736,0.024047676381391745,0.020642651129110037,0.018854333896077387,0.023341392547616583,0.0239177663412366,0.02274374480743594,0.021398179345962783,0.024920076068776338,0.027941703953649262,0.029392902347471862,0.025119245349238224,0.025700440988700803,0.02957149717546062,0.027769721676371168,0.02802240691708202,0.02647755092950859,0.023863970583344645,0.023284351137207258,0.024373799173691688,0.027452384529690756,0.030985146727192228,0.038541687985128276,0.028143829762428234,0.0318126202416141,0.028171371175923412,0.018842545089223794,0.02065578296460033,0.024556003391119526,0.018062842357031633,0.01619095889815365,0.019073079684125305,0.022831489344574636,0.024825122079354313,0.024970467622157332,0.030218687749529446,0.025217071927683125,0.024863155904016408,0.02660516662909444,0.022430865769676397,0.025037880198095195,0.022440556094289518,0.022547242931064353,0.027362215079745084,0.03268751012792778,0.032438947238983,0.02733764884773909,0.03549019636641948,0.030005715119283193,0.022682926129010142,0.01899347725805695,0.02045298564152728,0.019185465065980394,0.015867288998416582,0.015108244657991756,0.016170515017902717,0.017864074119846644,0.04256819040918043,0.02340287341377469,0.02683027314995492,0.030008494442412575,0.022277126297931448,0.02591955984026972,0.025626891518061606,0.024073837459906038,0.020891307283932823,0.019959926255880993,0.04290898392394067,0.03208573070939278,0.032020621800623504,0.025570885358894565,0.020930339053482006,0.02490907069530445,0.018882752008821262,0.01474526319107801,0.014406073849398869,0.014423411975938437,0.011967777392568704,0.01147513770337141,0.013476847263110329,0.019423778035041563,0.016814683777554382,0.021011219222064947,0.021129489680760786,0.021726092843115333,0.020954448282699305,0.019399006618091963,0.019624281017529832,0.024969833414202957,0.03116754680295336,0.02037150857133415,0.03223915307715503,0.0315303510647059,0.03077286426442316,0.02798510056626333,0.03175871256467204,0.029053657046291936,1,0,1,0,0,0
0.023507433419512558,0.020074437711708918,0.022891142345588533,0.01768081440792588,0.020091079043955556,0.01710609353562012,0.01894193926604418,0.021836064946837347,0.023378096442328206,0.028827346972710204,0.02998824856132923,0.027778011255957778,0.02589498966865466,0.025015868617173448,0.021543972041348128,0.023543750177400038,0.029407516863247486,0.031768195567916435,0.04460200128956319,0.032143771397261184,0.03478269922489918,0.04598878089759315,0.03584583852944611,0.031774327413016085,0.01974938924755894,0.021909843082582568,0.018657830964412928,0.01930643294376487,0.019994345056793074,0.01914068169836999,0.020088497745719285,0.02632289502192633,0.026357285213353905,0.02423792735238207,0.025707014414961496,0.03165223125351092,0.025940694629399977,0.029314920680755457,0.02941639624751095,0.024876398711059712,0.028954413113207778,0.02835443330171342,0.030708667208005455,0.03133977767030554,0.028736307897684752,0.028926470885717846,0.036779969504321004,0.03414162516932585,0.024716285760573525,0.016756961186980293,0.01432952259308225,0.01616573305595832,0.01563954685681467,0.016716415566999647,0.020389786756716176,0.0335754335723554,0.03294215032487652,0.029248101417763614,0.02387478312078017,0.02335426975402448,0.02252827141687638,0.02397568396004816,0.03222986242578674,0.057674228185296904,0.021127168600169666,0.021797965076868982,0.036532497188206295,0.04149959535658754,0.034814300833630046,0.03522036759191681,0.03331495943165077,0.036644981236036496,0.023611026455794458,0.020331960868738043,0.01848244756896804,0.02272788484809004,0.023240640558743312,0.02216326571950809,0.020947476450619677,0.02448628999792825,0.02746552966934864,0.02881945427960168,0.02465089009649736,0.025168844633738707,0.02894077621054922,0.02719343058907312,0.027509414358700555,0.026045605893216275,0.02348412732870468,0.02304485161503806,0.024099860959349604,0.02695131860246575,0.030284955734754714,0.037564145066071135,0.027612837839080234,0.031099356505244223,0.027457785738053613,0.018463676657620533,0.020180799766258087,0.023837479088403803,0.017581023443573058,0.015836047192682088,0.018726815713640058,0.02246466133041474,0.024722061746270885,0.02467413038553874,0.02957673363930053,0.024891581546008467,0.024425618146561513,0.026109927516798023,0.022053776078058022,0.02458908023115582,0.022198737984572704,0.022288950140289514,0.027072744587448176,0.03228520810876396,0.031930844387101094,0.02693064080289957,0.03464142348908893,0.0294090611523514,0.022574824510814086,0.01875054077966828,0.020039053401786758,0.018777361370048786,0.015587794258303004,0.014840231599199703,0.01594845412273186,0.017800850505513378,0.04127482712231864,0.023140696545049057,0.026413451452737522,0.029270954216351643,0.0219029872045328,0.02540903216166388,0.02518299377586441,0.023726672322026836,0.020672599857508387,0.019788138539516466,0.04207003750047072,0.031504697221962155,0.03138695091112835,0.02520095650462708,0.02076130336334415,0.024381507420703587,0.018639306764086257,0.014711545028744026,0.014246605496998055,0.014204216130812667,0.011863493234744199,0.011364297721314033,0.013276372608983704,0.018991225580185567,0.016648760656649497,0.020756414346445467,0.020882415217420524,0.021490176408203724,0.020847470351312854,0.019350443492524478,0.0197650310928417,0.024572282534359287,0.030457895086429747,0.02012436798584745,0.03164316900450748,0.03092888090933503,0.03018617156659812,0.02751687394331503,0.03115734208747399,0.028397341161083892,1,0,1,0,0,0
0.022879394221896117,0.01578968190569438,0.016046544194553328,0.01386047569047968,0.014633171289286564,0.014040754609479724,0.016934463365397195,0.021374942374793978,0.025208682345204427,0.029148546353143973,0.029081565424424215,0.031881567642420554,0.03093207943986414,0.03472129645757831,0.031243726899804015,0.032215177442870356,0.03763134842814926,0.037149406975466884,0.035646332507159297,0.03304878156160388,0.03220987790696821,0.03530545272531739,0.031020739258491727,0.02997890235896661,0.02473829249261375,0.019069804182293787,0.016285809798968157,0.016306506887387034,0.01585054207863632,0.01595021752514447,0.01897353730879884,0.025723113714141838,0.028044730253147986,0.02653243400115994,0.027929625387878243,0.029298078476419836,0.02769344029710362,0.029468857331115268,0.030303473230561807,0.02937724230717911,0.03286828435331488,0.032924993316927526,0.03415264352412276,0.032785263330978615,0.03115248889842613,0.042008241314384326,0.031463701985375715,0.026988623567131043,0.026081866531852446,0.01987786854200777,0.016421376010832864,0.01693690118003827,0.01586678820656655,0.0181969323947175,0.020117828470662638,0.029638640811228825,0.03354832577355201,0.030101660745477373,0.02979699987974425,0.027955950102124493,0.027820408051954366,0.03150344598360588,0.03423732183278865,0.04189999373592612,0.03407087962217941,0.0331171393429393,0.04086142603842635,0.0399783938742635,0.03292922751982772,0.03476644499143278,0.035109715991658276,0.03463836453008909,0.025199441508760315,0.022133944710759728,0.017887166020137672,0.017735429898950123,0.017293811368644336,0.01885674914629981,0.0210741529910665,0.027256660826481354,0.03132647263627054,0.03386713060407653,0.0415360625412713,0.039673918042276886,0.038466791136903294,0.04044507552003102,0.03992658108767077,0.03831343961851655,0.034827622914776396,0.0393065986357006,0.03904407354218963,0.03598737178862005,0.030259929635123077,0.034986318031098675,0.029172255812946246,0.03184389601260495,0.025443078756516413,0.02084179835165455,0.01920283400862565,0.017703067367239384,0.014294235588830449,0.01410324813144545,0.017997045785630002,0.024496802414800303,0.03152223140622394,0.03271130415462268,0.033709509986864346,0.03267444477982843,0.0345392656318708,0.03652944274913934,0.03484526537196081,0.03457839352864289,0.037221582341113994,0.03614671041367038,0.03722266159941215,0.039451836558161577,0.038214306024591464,0.029747334242619945,0.03327458032306428,0.03775362869675343,0.03300678639779519,0.03258212542096299,0.03192559046247997,0.02527884047291682,0.018243992023641645,0.016591883664658694,0.018989974211198888,0.020399976225585932,0.027963926383851912,0.026926200322776324,0.028868228520146023,0.03321823410178472,0.029641768085341177,0.028639727739231638,0.028459471525723184,0.028216748485296338,0.031053088528885546,0.028277968413234458,0.036238390611940494,0.0324357039914158,0.035402832255593965,0.030928449990356592,0.02847635808759877,0.02383069573445079,0.02221650311544363,0.019379928099729007,0.01878308819910384,0.01678964617786404,0.014676057486176773,0.014441820186935237,0.014978368332608783,0.016877710051536477,0.019147129889786757,0.02518082238395579,0.025143578957458557,0.02997435862035218,0.03216533350917243,0.028900368231000142,0.033834020198217234,0.031188896963717676,0.03565764905759755,0.030525452205530938,0.03455271209957916,0.03236983849579688,0.03290284395503785,0.030370351770144147,0.03580207803663522,0.028896476689850143,1,0,1,0,0,0
0.031160691253046005,0.01800315459955438,0.01734985957988809,0.01468572330013636,0.014560259815758746,0.014463744277168131,0.018739353281453725,0.02562182587231865,0.02769296203924197,0.03046822260194508,0.026392039605502165,0.02843137457889887,0.033695078856497314,0.03696647975734291,0.033336310945929426,0.03615932934804428,0.04600843479072315,0.04440740795355843,0.03965396172131433,0.0426781787141658,0.04278603624860431,0.04112906981262239,0.03586350082020004,0.03597176036521532,0.03687678546031887,0.02499326421210294,0.02023458822241651,0.01989376696825466,0.018815582904596475,0.018764104186109846,0.023283705408532307,0.03177505230116765,0.03438334692264696,0.030055888649819406,0.02909954176309357,0.029205332057164832,0.02856030012636424,0.027405814898840808,0.03251924275537793,0.032440410516207795,0.04005157911086964,0.04029360983061148,0.044099605619860316,0.04404604445945127,0.043398226525873114,0.07089433772345678,0.040248357044360604,0.03461925600431844,0.03698056446118459,0.029501381007753902,0.022381989206316337,0.021353715631207155,0.02013546372579557,0.024868631806482338,0.025766903286259617,0.03374126388984811,0.040730666609011854,0.034004967628328026,0.034554739662418156,0.031196806961688993,0.026070407489401745,0.030740173528082886,0.03174566946061654,0.03372776161474384,0.03514139368674371,0.036254461360450185,0.04329441316361401,0.04744361305027096,0.03789811759883247,0.0412725776137583,0.04178460287283988,0.04059137053479702,0.02757018026444317,0.02527377772531443,0.018367910077040705,0.015851933844450994,0.013987780866381038,0.01661566937105476,0.022458503979473778,0.030806672144479866,0.03368522255076666,0.032306590465197585,0.050470283446084514,0.04367889715608922,0.03913493785123013,0.03600992870152574,0.04082663914221441,0.038347581547228435,0.03412171938622246,0.047169931207253414,0.05263241501373278,0.043480953669335715,0.034918584669152805,0.04425560145474869,0.035450608113267064,0.03823157141245251,0.02928709147799858,0.026012484160944,0.02173007282257784,0.017267598153937348,0.013670261046512163,0.013542033621583103,0.019071535513241526,0.028388373473867613,0.03178090214727951,0.030544190560400687,0.02901807317548899,0.030420382594045208,0.03394545048290054,0.03343332181879618,0.03509697158937728,0.034427522271313064,0.03656179598983639,0.04584610078202267,0.042248477301446076,0.04702332876033129,0.05015538471095315,0.0347749599288192,0.03617570882471269,0.044500014775106844,0.03158029226510645,0.03033588707595966,0.025541826131824052,0.020007614044730712,0.0172052222154584,0.01769128218101612,0.020576732195533808,0.021562568478563422,0.027697596668441526,0.03044775292657214,0.03177161536768821,0.03786050155253392,0.037957104792111535,0.03038658696495963,0.034373018276536,0.034533678836485886,0.04094358517102756,0.03820847700527027,0.04191889102459702,0.04226783045719734,0.050458899368401935,0.041692686081259145,0.03484009822168621,0.026483928131284213,0.02768057665139507,0.022746767388077946,0.02364025107821994,0.020634484945145568,0.017360492678255665,0.0162815714996007,0.017265240425611564,0.018000770099855415,0.022265186731990377,0.026400740742686078,0.02891182230435565,0.041782265598392605,0.04601066209336067,0.04061646681016903,0.05062228318477143,0.038441346167357726,0.04276601166083691,0.0441593043634197,0.044736538478286327,0.04412798934641718,0.0398687339176462,0.0373691128332437,0.04695649542979547,0.038339129786267655,1,0,1,0,0,0
0.026105131231748582,0.016030353205824546,0.015709964444172685,0.0133754922759612,0.013184137540357632,0.013319155311208412,0.018136890778311973,0.024333261005440695,0.02763592132636268,0.02943073165079749,0.02579909651689425,0.0273306329661204,0.030686801777319937,0.03405278201961204,0.03183680223814946,0.03307421131108663,0.04099051571459002,0.04099179742282988,0.03698456035715301,0.03776842672624485,0.037247123656318576,0.0345256457397913,0.030186677514342165,0.03040604228351519,0.030406092350580442,0.021830414359257803,0.01744974137630087,0.016972216468150742,0.016417735537943685,0.016676331012773663,0.02065832980034653,0.028683565394976192,0.03194819286977853,0.029116316027767153,0.028643852485117464,0.028314334709807727,0.028905347391266722,0.02721522185877827,0.03151772057905092,0.03076018181004083,0.03596952941044589,0.03711587789092427,0.039831644935881046,0.03877395049511907,0.036648941309268976,0.056554809304598254,0.03422869171738776,0.029822468480491183,0.030152141238746842,0.024326251732884104,0.019849138721930636,0.017985841954431255,0.017128446443048607,0.020890518504890158,0.02310975330941973,0.03052173339211744,0.03743512234319238,0.03221206070870174,0.032920461830669254,0.03039528194015986,0.026671507748564492,0.029262808360669263,0.030637485719398526,0.03177947021480842,0.03424835890615435,0.034335119811535954,0.039385448087028506,0.04046653183464801,0.03270026190679689,0.034951006697313096,0.03568473994234177,0.033442907784505434,0.022967243193338756,0.020981000665909084,0.015588027169241665,0.013729692615405872,0.012360139115422199,0.014423053939933922,0.019843958675177836,0.027837312482115,0.03198471940711212,0.03142944740552635,0.04539998717375179,0.039494600024947805,0.03680272079578941,0.033989384488310084,0.03798344144886153,0.03740924993744966,0.03282154215428492,0.04762703395017944,0.047257041977566916,0.0388415757424161,0.031293107510071236,0.03759386221278251,0.03125625597795373,0.03305576538072981,0.024974726238399893,0.02168508247212863,0.01832643809653676,0.015521482986362125,0.012772185244390482,0.01267289034141979,0.0176744575817469,0.027386503938300354,0.030319973573421,0.029778320797823055,0.02906270744919098,0.029704340928773686,0.032892516117380116,0.03180999033627578,0.03606744169907941,0.03376491680956805,0.03593887117130316,0.04308735348470926,0.041499338434189174,0.042962769346264126,0.04377697988463709,0.030445903268230625,0.030685518784074224,0.03642839284513131,0.027402396685592852,0.025792703170497658,0.021874752306305516,0.01710510242111851,0.014733511428209788,0.015383990886439916,0.017898018196542603,0.01964169497691763,0.024801809461261457,0.027625488192533718,0.028135934520805105,0.033515594905392854,0.032740881485821015,0.028094215339332523,0.03260326152099291,0.032391223783189475,0.0361978459556047,0.033399557268018784,0.03632815007511481,0.03697605618852421,0.041441170790711676,0.03526649761160509,0.029962173351599626,0.02367061633499726,0.024119997114915966,0.02022867421612826,0.020208959063487273,0.01764742057290045,0.014973044726690721,0.013922773484231769,0.014777762118044224,0.01613110303260078,0.019849732317312272,0.024213742405065776,0.025796416443054263,0.035411076352314746,0.03836830136868538,0.03428769069783982,0.041996555246277704,0.033742617145497596,0.037852459589408236,0.037912015473354425,0.0384649649985178,0.03782918415430355,0.03393226527394233,0.03130780035658223,0.03950027999066616,0.032379753853731076,1,0,1,0,0,0
0.01013256669601547,0.008456017399186383,0.010018217338457652,0.008138899027792251,0.007708096446471288,0.009090362654204655,0.013695687135414313,0.01639009200380103,0.02198957631023307,0.02326469865133399,0.0210158891674718,0.020958795063134597,0.02018336035863047,0.02425821054972852,0.022481929564629438,0.020440438899075073,0.0242685165205876,0.02442664634446864,0.02205298493042949,0.01936754706875737,0.01785672491311168,0.014633525038227398,0.013323767747948415,0.013059466786930221,0.010607959082147218,0.010391830642515825,0.008290867575141136,0.00806532440712907,0.00860062044154365,0.009628249285426282,0.011702517658502288,0.016820055189382257,0.02028122030804965,0.021655302779090155,0.02304842409890545,0.0218846355979718,0.023847999637105047,0.022505630130856435,0.026839931994650002,0.023520637157690504,0.02237634175732525,0.024082259530127263,0.022071531186322945,0.02110183046202881,0.01717834028057202,0.016142861279021307,0.015422603768066997,0.01473313152266846,0.011157013477637773,0.010835143724745488,0.010908904265748323,0.00922601593179397,0.008989895218948192,0.009863627573719067,0.013547147861352733,0.019368503276253186,0.03345650976268425,0.02395264814767884,0.02369847430244975,0.02686906315835415,0.02901619333253448,0.024381600571894667,0.023775249378154888,0.02399153997678336,0.026318802627892587,0.022391039470684236,0.0251169719988354,0.02001305467307919,0.016449690504634986,0.016763950265926926,0.01846047933747187,0.013396600195384441,0.011005085730266949,0.009495841885153511,0.008296452373165729,0.008138478242308584,0.00811521845207298,0.009113776684654854,0.013497047918612321,0.018456885079169958,0.022518532210891843,0.02277735071813863,0.026455512531278712,0.02318824135469393,0.02450646496325981,0.02326353871282395,0.023625311251145732,0.03289543319667626,0.024484831021553792,0.03045974426730747,0.027099240875843228,0.026210007460322433,0.018994657003223055,0.018721594430155225,0.018864890999823268,0.018109881657462065,0.015620658102094195,0.010789315944741664,0.010334292579827218,0.008524150484098844,0.008001801728592137,0.008970822678669749,0.011989589662157645,0.02014351860722819,0.022200100573995796,0.02176090346486273,0.023335056206812713,0.022251087047393973,0.0221697487606781,0.022030516358934576,0.026882057569145672,0.02345035069558484,0.02628429689423589,0.026207224838574832,0.03180875711670586,0.030369482500122075,0.021462314614935,0.015980303887660387,0.012223234030822924,0.011415745429897196,0.016691283030272317,0.013833226820640098,0.011386579048264026,0.008860359209522394,0.007200204793662817,0.007549067903004832,0.008635853091594455,0.011592651599556815,0.01245426286716806,0.015374573052740375,0.015925427054461767,0.019235028288974505,0.018257488001271725,0.018450118603410743,0.021863502225911984,0.021493804888511762,0.01930521624600366,0.018047045738100866,0.022971569391911483,0.01796187102229301,0.015655551595508292,0.01489099932817558,0.013737396972117653,0.013187016581045844,0.01213469984368174,0.012689857806595699,0.011368024988124326,0.01071839941903256,0.009014855001651842,0.0073644635986609246,0.00751480977184262,0.00923351360845429,0.01190172282616848,0.015979058346372765,0.019460239440238183,0.0193951631636938,0.016722381562203886,0.01565451423301233,0.014985077523358042,0.017978737691605802,0.019659438185839043,0.016771051055492908,0.016764733390433446,0.02110720624015058,0.01794796885429417,0.013749623994599794,0.01440184824340314,0.013633411527866027,0,0,0,1,1,1
0.12093329312376216,0.1279625979209884,0.09965345223510755,0.0823859300487707,0.07355685830766999,0.0714735723951325,0.0762125007946767,0.12212079178679977,0.17396552508735794,0.17469936116921347,0.17312963397405268,0.1583264997717725,0.1705391357548558,0.18714168511134832,0.17583076092972263,0.16803194345714195,0.16957045418200367,0.1823427928915124,0.17723785435211264,0.24942303163614668,0.230337687395985,0.21200095382722933,0.21176215749686092,0.19987813169529586,0.1709111623980672,0.12526673304955915,0.13040338165747356,0.11838381907068622,0.09669026403710215,0.08437055460425671,0.0864617338848926,0.13540457593001895,0.18723888623452103,0.17168821793582503,0.19028808986328252,0.16687106416723305,0.16912894810528828,0.19754768226669134,0.18411685497720276,0.16976979503060177,0.20294268479000793,0.2178666187786152,0.20444441890005438,0.24857831735833236,0.24476574693965136,0.21911145499724166,0.22046786721220643,0.21453205399921282,0.17039036309452726,0.2009264356656166,0.11731090228939081,0.10899570631890208,0.09761065947912953,0.0958166911345577,0.09952078711920584,0.13195358049799305,0.18753016970910943,0.1677226653373,0.1781253162629082,0.1868803336041374,0.18058962076237617,0.2086943173426964,0.1948697039196414,0.16404540501316597,0.1843156712458472,0.18085628845188065,0.19716278954376196,0.22993319447847255,0.23221826923930222,0.2408169195602863,0.24182418081918883,0.21363391748456054,0.1524901455236677,0.13468177965544603,0.11848674421140819,0.09807678909466638,0.08837545271222327,0.08987610957451495,0.09162832958812549,0.13459296330464618,0.20774133941129305,0.1703234842303845,0.17487569794732225,0.17272939212089147,0.19273061404166247,0.21638366975603157,0.2014631095199232,0.18841097777969534,0.2113505125799149,0.1740793549909983,0.19276680904893562,0.22343568868836325,0.23312688587176053,0.2577821965005241,0.24768135049477502,0.218584129111186,0.16327767645655866,0.13539793755413984,0.10979446530267901,0.10880014086795747,0.08998829546062262,0.0863441802364577,0.09282534831574588,0.13313934934577437,0.2052681583504993,0.190467337462606,0.1835713076850088,0.18281828259891106,0.19441143845363992,0.2140139974602575,0.19757130959201877,0.1908114231928397,0.18864702446813703,0.19569631410552701,0.20313254581929274,0.21713093898057564,0.2407405108768865,0.2444404560709083,0.24831366048926415,0.23111219469304045,0.16612857057337319,0.13331474171553975,0.1173618488750228,0.10380911384811856,0.09516528047821492,0.08447669464680063,0.0822755105032687,0.1016016669541671,0.1250261982297566,0.14484626950500842,0.206320456367349,0.18845025555600697,0.19593010046919013,0.23605363113588182,0.21224226360951765,0.1842556075000496,0.1794735413729943,0.17029118709995622,0.19585148160306864,0.18631796477317955,0.23429436043806579,0.21512884268295698,0.20849707701046458,0.19438026931279068,0.18565749279774416,0.17094075911808185,0.11484887307929852,0.10432138836656901,0.08186372151734449,0.07551671219523118,0.06952205465028424,0.07425607115401126,0.09282004485370103,0.10892698641571605,0.1331398117234348,0.169747420423972,0.14198455907371121,0.1570601584003316,0.17043451316762312,0.18950040672927157,0.20494208855605378,0.2070045272748634,0.1811823885543337,0.18840646188334717,0.2099835723494225,0.2272578201769903,0.21202256106455014,0.19235286019012973,1,1,0,0,0,0
0.11403536051256224,0.08408481168842917,0.08039861009715484,0.0716439198204345,0.06475018314201728,0.058997876340036365,0.06618476249801127,0.11431770855380319,0.18796486467710252,0.2045386998300832,0.1860833812247093,0.17468742309841398,0.2095927033224579,0.2101765430054196,0.20439364595522588,0.19825919345372978,0.19587887623386083,0.19867880039941602,0.19578276433311123,0.23615083068897108,0.2070050867344176,0.19557187184257194,0.20291799521357665,0.15835048445862215,0.1122205959371587,0.08849163478897047,0.07739913070498051,0.07398508837988563,0.07197759272180489,0.06425665383832188,0.07674583593718706,0.12340684621633374,0.20821122892481764,0.19404738312400485,0.18536123064009377,0.17909230572895113,0.21713362858338842,0.21450964850947807,0.21837997450087993,0.2003928315451001,0.21192263136961023,0.22711035881598257,0.20987484677254872,0.23284135254783028,0.2149976936384798,0.19029435029818564,0.1993631249041819,0.1748548335245536,0.12692295880017024,0.10451470432627238,0.0812314918079973,0.07688602133272142,0.07216129824688004,0.069165896788722,0.07311816699113173,0.11773556386807575,0.2046774312726722,0.19463559799474656,0.19158466264449003,0.1952411236944796,0.2089494522891999,0.2377976032060665,0.22377749700335992,0.18802812283901565,0.19003214702415872,0.1924284806989583,0.1964637581922461,0.25059658181846917,0.23272844003144905,0.22751262226899302,0.20060208449641173,0.18695767539927463,0.1325358569139529,0.13354252975306632,0.0875014748839749,0.07750023134728122,0.07173106322439776,0.07615532007934665,0.0750518171635802,0.11733745386904772,0.21870169753154411,0.18314717050575624,0.1962266584520504,0.21808681586794804,0.24806937802114373,0.29746343658962904,0.275266833234094,0.21180489754819368,0.19545521516550637,0.18204452767634907,0.1992201515756996,0.20677863889812292,0.2306378136191947,0.2496724201737097,0.2273962835693648,0.19149837833871328,0.13778259571337093,0.12142602462515145,0.09605174145064051,0.09063085624945054,0.07094948574648005,0.07691901343950255,0.08694740404788963,0.11933621708467146,0.2312095434691924,0.21618182995963456,0.21948912928021028,0.21451564714848648,0.2300904762539656,0.2365349473440466,0.20660958687053282,0.18682185197554768,0.21528731064164963,0.18729470663293502,0.2099589692869385,0.1992557428335013,0.21895478861856416,0.21397643958885695,0.2001415555946141,0.19163801259391916,0.14299119769380186,0.10813997282098489,0.10987255039081746,0.09238227993802312,0.083013711579684,0.06788642606221967,0.06085223214003995,0.06877140276563684,0.09551174296765554,0.12370934755741546,0.20447929630571873,0.20338380362986316,0.19729543880895914,0.222770304787738,0.17565556475016839,0.16309654743328555,0.16136387777707834,0.15957425694058547,0.19075270062627964,0.17144224008510842,0.1817976272579659,0.17417015680008863,0.20502625331398278,0.17640956179757822,0.19589457594728504,0.14735496796515046,0.09701661884902492,0.07358555676944571,0.0693396270893319,0.058961687643477284,0.05502955805113584,0.06089406475676747,0.07474469603150215,0.09843158465590718,0.12224209272039288,0.15500207968933824,0.14367497728416373,0.17921329883651835,0.15988526928417654,0.1678966779436427,0.20900748269798905,0.1604766741766892,0.1740209547621553,0.1746767760538766,0.1923289696014717,0.2037827718571838,0.19003328275434603,0.14414666700710088,1,1,0,0,0,0
0.11267870373998014,0.08169306875858487,0.07417568736878026,0.06792116535097573,0.0653228306859167,0.06156187791856751,0.06905710218355474,0.0898870355563131,0.14117986944522587,0.12516001581488323,0.11688744191170165,0.11819623169391134,0.11982266103888238,0.12261980317369217,0.14102206606777665,0.14762835188709617,0.13490805281925913,0.132857428714985,0.14765374788120256,0.16571898568926224,0.17380467582719825,0.18179918694327662,0.17424286106725512,0.13578921713971398,0.1123436268646698,0.0964042127271619,0.08913855738486963,0.0733572378834493,0.06657508137288068,0.06589531948070364,0.07845762678744354,0.11071919259356121,0.13038819681978076,0.14201106421613924,0.12282553794648689,0.11471263130473865,0.12346199828040848,0.14112414176981997,0.18011093493029662,0.17925713092961632,0.17059323385246403,0.18757861627230696,0.19307971236371005,0.16973960776634886,0.1435794075630239,0.13396741207162816,0.15239758376017248,0.14214225892288312,0.11552515350587002,0.09809255510755387,0.07911052563760261,0.08548361968880716,0.07070100908968475,0.06957408365332368,0.07496566097260826,0.10138534440670915,0.11410018644804669,0.10800156381242343,0.10903264395160077,0.1205028583856858,0.11465413489625387,0.11948534462301916,0.11713559863647567,0.1249328627116516,0.1393772152343459,0.13018350458894717,0.14394918693638964,0.15423196385903992,0.17121120179435328,0.1462902786979851,0.14635793521260768,0.17184923771659938,0.11103949806411442,0.10396625048820848,0.08022911658063075,0.07776971521097155,0.07388537598653654,0.06965813324234821,0.07534240638379557,0.10015240940141223,0.13527267996259118,0.1263898271374532,0.1300011997109867,0.10718715221866124,0.08063733369178554,0.08977843645057276,0.08934878455734944,0.06357154627771,0.055674180651700086,0.05494158025280181,0.06131442913388434,0.06179748888975294,0.05965180649654153,0.05469822758416799,0.05476653487938756,0.045983575853237306,0.039801350844264526,0.03843169858235951,0.03593812924761478,0.036294037143473006,0.035574478237301026,0.03761085681230544,0.03849010439912738,0.0441823770649121,0.05128812144615328,0.057729743871149805,0.055399073161560695,0.06421806279270732,0.05813860547421383,0.06399254732581366,0.06437712921950407,0.05806130533848746,0.05864022924330084,0.052613040590395295,0.05934359601848256,0.05638220377955085,0.054296057881550196,0.055228750342252775,0.0493483263892321,0.0461425197610714,0.04132812069675849,0.03712514885787046,0.034304571785147196,0.032566723043800185,0.03184139931101787,0.032166663946656064,0.03172262909228549,0.03261397854517902,0.03690384699323271,0.04285420765110509,0.05002199318981006,0.053467350404746074,0.05574329328041765,0.05420839599798896,0.05049010327207547,0.0488988041413087,0.048794421462490564,0.05505809724102551,0.05447682583964679,0.055237524605829896,0.04902029465441096,0.04929877761023185,0.051953744984309734,0.05176989028047278,0.04538115145763722,0.03841430821401068,0.03310529414424394,0.03231933532272538,0.03206218697239254,0.03030279170943854,0.029830488649785075,0.030354406028815232,0.03393364819381174,0.03552090232684778,0.038735005284783235,0.045679560740339506,0.0485902014062807,0.04492895568366378,0.04833663721064114,0.045283212282509144,0.04508888634074117,0.051025624206498935,0.05147303756479743,0.051909677110739516,0.04775470076857287,0.04685286327290408,0.04520651766758623,0.04310505744662754,1,1,0,0,0,1
0.21145009038236165,0.1507693146803033,0.13785271543209215,0.12191538866122781,0.1164241889889121,0.11231987754923797,0.12754433127963424,0.16000129988957004,0.21036465058759446,0.2077285874439388,0.19261959608565704,0.184104494603548,0.18937669058898518,0.19378705774173563,0.23979666625091542,0.2423603049100924,0.22166245558529987,0.21410697210784438,0.23319780756944736,0.2574132134614764,0.28012107029773137,0.3321548906842587,0.2982993592791732,0.242463020770851,0.19846203056742787,0.187887017849575,0.18019904986806962,0.1373334473778635,0.12264631244881682,0.11752253523317983,0.13739347725328116,0.19636938790291764,0.21900962936678872,0.23746347153377861,0.19309176078275703,0.17268182521498424,0.18352920698664096,0.22475600855065608,0.35053678218230727,0.36664785175691966,0.3486474571542154,0.4020878803796643,0.40330574390817686,0.3548354375888872,0.2844056780359285,0.26592104811404615,0.32719945389459576,0.29946033710231446,0.24955213607806467,0.20976824600749683,0.1653025799995224,0.18190876211442703,0.14663186298107345,0.14104546273016158,0.1527800239904392,0.20510620594563633,0.21798059315248783,0.20136930708438835,0.19692368402418484,0.22343176461531994,0.21742054286868295,0.21242075879870642,0.21701673566231683,0.2473505997773812,0.29036195577744367,0.24979472280303258,0.2700836138877977,0.30199538247414526,0.3502014508514976,0.30452208158674804,0.29850975657397666,0.35122085407691345,0.23809074887577092,0.22807386747627992,0.16334315154292556,0.14897271331310294,0.14812140659276846,0.13587212058117376,0.15243715370133334,0.19215628667308182,0.26234036258772736,0.22793333524592335,0.24240747067456123,0.18750214339939392,0.13454193809450032,0.13793851890996386,0.14121335278312003,0.1062122440663734,0.09857642732623559,0.0940807889940429,0.10587333125565201,0.09901313666822494,0.10241851784380497,0.09373628376286176,0.09855053618205689,0.08590615693840348,0.07433991483938851,0.07368572116610111,0.06889344483326627,0.07031938436949449,0.07031761220163502,0.0716674681272463,0.0786787361235862,0.0916497766788588,0.09761007512157935,0.10050339794026619,0.09998432536054067,0.11261150604394556,0.09701339725686273,0.10495329047327896,0.10626520907994638,0.09084526357972893,0.10049612761205444,0.08671227395610302,0.09534176504099895,0.09386375336283831,0.09370938010719043,0.09919010007246623,0.0897242011212048,0.0835521921589384,0.07712922606236536,0.06971088777113806,0.06105490779732024,0.061802572393396094,0.058598840747708415,0.06076087496750955,0.060343684884837316,0.06489341801597488,0.06870595112150395,0.08051882342840709,0.08837591288899896,0.08726847475902749,0.09545769709083372,0.09319175522817393,0.0933742793522428,0.09046257532218291,0.08910724858160368,0.10170160241064537,0.0990395639847342,0.09785126159532126,0.09102245936744525,0.09219993870779046,0.09650895123543993,0.09567332997782715,0.08548019108769299,0.07318759506031927,0.06715657297924864,0.06606086498977755,0.06727659263781431,0.06234277338412448,0.06159393773474343,0.061848843008103685,0.06652171859780655,0.06774046908103373,0.06909496567588237,0.07471398453907067,0.08112190062150208,0.07737987241798255,0.08533153711607261,0.08458053610638593,0.07925360379675178,0.08283944453005775,0.08636636188250565,0.08933444612584003,0.09073100975244314,0.08699242020757951,0.08607553730695017,0.08024700125437963,1,1,0,0,0,0
0.06813388697587854,0.06782684550150393,0.05557105459459928,0.05067353798537128,0.04403616573877772,0.04582964618584426,0.05176194354869896,0.07055532185722824,0.1256690744434818,0.12558710169081125,0.13922347227630066,0.165385153193072,0.16443057116056467,0.20705747083813514,0.18998805223362594,0.1939079170269242,0.18687971330249728,0.18610716529943858,0.20647562542700634,0.16670304370565914,0.13646143056976512,0.1320093430184452,0.1266426615242115,0.09953279289678772,0.08797781307853797,0.10124577060834365,0.05854163988172135,0.049171613814908276,0.047223528848588006,0.04735615621205479,0.05301788012053814,0.07950634451783248,0.12010039245831523,0.14360964487815528,0.1697959055244794,0.17061105986084377,0.1874787883460806,0.19637398847500848,0.15576501653616506,0.147074268437464,0.15196221513007083,0.13728505062747384,0.13055646971225748,0.11801389313381677,0.09313150314048949,0.039240900608366255,0.03584867413310386,0.03393292349429853,0.02460934632653601,0.02034587213013091,0.01855464157033926,0.01673745129674947,0.016390599247095045,0.016758767708236314,0.017553990934302856,0.027266526216207367,0.06424077300688456,0.07403877631035467,0.09316122380407371,0.11317218601975843,0.0876354939123146,0.09682575541287958,0.11046120645071413,0.1195868008749217,0.14283203224764773,0.13475767202865008,0.1272972151991617,0.1051493980462013,0.08770596688454667,0.056424167134654944,0.04097911520944346,0.044271026199431955,0.028548659190554493,0.023655038447004718,0.019221818888873053,0.018455489130200956,0.018324104829444028,0.018186771880245454,0.020109624773575707,0.028201096530214777,0.07448083712759078,0.10299206163430889,0.11339689299057869,0.125219591807117,0.18473113560802396,0.15198264569933548,0.19086096918217596,0.13698127553508402,0.11145390039651117,0.12141990124154822,0.10791020295593821,0.08535052088559453,0.05537621604268215,0.02836072757984575,0.021398691194005226,0.019891731327831407,0.015541302575549218,0.013277785565842375,0.013216933518641625,0.014151736715302484,0.012395677852799068,0.012598643695736933,0.015108683082419106,0.027463179325354154,0.05567006688243011,0.08509381292311632,0.10866868824238331,0.12104451843307545,0.09180087287293405,0.13322931313328454,0.11135077150089653,0.09858376047234288,0.11369352741202034,0.10783975163561556,0.11596616210184939,0.09070853960333773,0.05621208176341612,0.029021683347631194,0.02272111075692246,0.018586743359526155,0.014933008167535957,0.013206243194297966,0.010053004136983039,0.01016130530914756,0.009632980597308952,0.010735551818369306,0.010955347393142603,0.015528168870485087,0.03235571314485181,0.06346692401868402,0.11530438755284192,0.1428044495476889,0.15019073438756692,0.13155482743545088,0.1174545744694858,0.12616993441670904,0.15516340572756782,0.15499941644897106,0.1720170416126121,0.11078752001047766,0.06274709872269538,0.028318108853330134,0.023240698545831575,0.02106229716358553,0.017449735021263808,0.015085526384474924,0.01454650455272116,0.011818175612121272,0.010655967630384644,0.010094128700551713,0.010426632826081958,0.01459473489269414,0.019723542519828108,0.03789287477399086,0.06098262463599941,0.11833556682921079,0.09341886586906788,0.07674867074919156,0.079661667984693,0.10146019489674271,0.1268823095193721,0.13518638642049566,0.17156890351470833,0.11671051345471538,0.043646924873736,0.023782313474243793,0.02347176739880577,0.016664910820679144,1,1,0,0,1,0
0.06539580204234755,0.05828410465980595,0.051133586516057664,0.04932435319615343,0.044981447265301254,0.04589181040056849,0.05497214744051833,0.08034666806837262,0.10662875471549252,0.11805073745578261,0.1288227113925817,0.1530468186906584,0.15432993996155567,0.17184065926020362,0.15851529407680637,0.14234003666509618,0.15934923824150046,0.16498045052461088,0.15583362348931298,0.1409644876194971,0.13988815065656798,0.13391078323898825,0.13088678868648887,0.09402612829507052,0.0772922673699591,0.132519146670761,0.06077344470871932,0.054320223301539114,0.05435033356325709,0.049561375126034764,0.06282821868550484,0.07643911722982864,0.11179534171253884,0.12025830524230907,0.13765994993842826,0.14009261155114958,0.15717677691510612,0.15815009010948353,0.1306536063862165,0.10077377611076187,0.10743708643391726,0.10839531068003273,0.10387319351079707,0.08671364581911022,0.0705859947266003,0.05126672798144559,0.045440985899381475,0.04370007401780921,0.037690432267179566,0.03196566526657694,0.030857198987462323,0.02884190899611965,0.027029683298399845,0.027757749632850437,0.031482701399063624,0.04535469607432483,0.05237896285859021,0.05538915618117022,0.058082447557168584,0.07358488918719058,0.058526446632978145,0.06169207491020389,0.07455018779094488,0.06656949884638608,0.067715863541477,0.06959326787227436,0.07533685972286862,0.06792877981685674,0.0743699978447737,0.0648425218147566,0.06061025657626706,0.051660765051566145,0.03990983870189672,0.03725095227508699,0.03374928969695775,0.03183095431349466,0.0326008503209328,0.03222187679647563,0.03533934993517738,0.04840246649986744,0.0576728776753794,0.06239899586396056,0.06405457054339392,0.07070400805457798,0.07639955030092585,0.07868319719686187,0.08069488795147993,0.0635887102576888,0.05732100534158279,0.06077138022995713,0.06350279900863437,0.056201825082100434,0.05445393671097816,0.051299918986053905,0.03966779161384355,0.035825036658226485,0.029875173629289375,0.027897262775547823,0.027076849782726627,0.026391657884031375,0.02508578486467421,0.0242537453751635,0.026679926584691444,0.03724929870861194,0.046329273573663475,0.051748969394544944,0.05783824078089647,0.060398038901105844,0.05305770172679722,0.0490564717193435,0.049713944356754615,0.044588964466982794,0.041078029288176325,0.043490000293538646,0.047316320188268125,0.05409698532955488,0.03723237158995647,0.03349800108635958,0.030963748470863382,0.028127135246215008,0.02383300339851982,0.019724485085901473,0.018270876758879787,0.0174212751504668,0.01787389118685284,0.016574551811619508,0.01582841606912278,0.017170053746819174,0.02482441280490974,0.03532353811400224,0.03972907734462501,0.04551534882249882,0.046521015945987815,0.04784176644830927,0.041830480623247755,0.03828314703533708,0.04228710595191482,0.04855229243561971,0.05035709209149823,0.042271132406130056,0.037924791533938094,0.034505815342902035,0.03604010123420285,0.02938902989067966,0.023937376987136706,0.02441585725830592,0.021071270537207733,0.021612761298890188,0.020012499077605096,0.015894977119093174,0.015613793857736135,0.017900123180103554,0.01966142660017853,0.0265917764989156,0.03186124351660911,0.03514434888517557,0.034523510935388926,0.03430156345138245,0.031177538324781214,0.03099370531648394,0.03509855546910843,0.04593726940527526,0.03821786115150633,0.03924136219906729,0.0305507606571792,0.02922511939378346,0.02630337569186715,0.024201904938368074,1,1,0,0,1,0
0.10918337202231708,0.0968658405930304,0.09195144905281565,0.09092168935882312,0.07566494981426129,0.06930512412178505,0.0844885217145213,0.12435956213355262,0.13133655972640187,0.1501924851081775,0.1547189549806893,0.16508007401670433,0.15557625303285613,0.1832269877745925,0.17442904724433858,0.1775333951150712,0.1671485409495361,0.16725914398793781,0.15592467451189268,0.15972308277400596,0.15819004495702163,0.16382274243555137,0.15872997905448707,0.15718420600034896,0.11983821955879531,0.10390883667843626,0.09252956284556234,0.08076356074536852,0.0884685496253096,0.07217498475361377,0.07858672833070739,0.11047904046467243,0.15606924425079563,0.1465831948843723,0.15554104104212474,0.1726314338956829,0.18263316072237348,0.1901957084262151,0.1363225622557892,0.09748509219641101,0.0910366949044189,0.0900768455228386,0.09144555505725345,0.07920807543969702,0.07157334940824699,0.056422077955717555,0.060053574367695636,0.059045167000676725,0.05004476272878915,0.04442800272376496,0.04263596963981122,0.03989538365407597,0.03844687390978675,0.03689009380698716,0.04280348486436788,0.05589410405954427,0.06291265541163656,0.06171104090583564,0.06664217834086952,0.0721058733215722,0.06180815633821242,0.06434376566353779,0.07749863130514731,0.0704357353464371,0.06762737721877378,0.08025088536218154,0.07613679961411036,0.07815919411642691,0.08778239045969462,0.08235785623183399,0.07893820649767637,0.06634522005687936,0.05541276535790653,0.051079096565293,0.04853264457754142,0.046922835777132174,0.04641905608463433,0.045161296176407996,0.047707059987953,0.06661124248494883,0.07493564853219088,0.07483712618857355,0.07323117179950603,0.07465850922616998,0.07773960968644392,0.07977169753377224,0.09166904638690979,0.07107337835537544,0.06382747478155427,0.06941515667215671,0.07094088893778222,0.06898802645128953,0.07557458270774922,0.07206225706485762,0.0630585767967344,0.055709595246719416,0.04583375279860043,0.04013396838018769,0.03755549377228206,0.039215008273407764,0.03688055921091253,0.035930145107298965,0.03905700462560242,0.05290960234980282,0.061620717093430775,0.06224347007945238,0.06360448392065392,0.058297282937686885,0.046103819469806205,0.03991536905803581,0.03969787145449669,0.04068502948784505,0.0365462594429636,0.039521499984668,0.043734002078058214,0.04248627589789781,0.0393133310849317,0.04249597230760731,0.037373850549650374,0.034355033540196214,0.03721575675894804,0.024274725349262373,0.022306265712151847,0.021200759669170104,0.021278989401639605,0.019794055284168034,0.01904684861894361,0.021555693531128347,0.027375337875428306,0.02936293705377677,0.03727827952863099,0.03723710605757368,0.0370244394910657,0.035394519325411586,0.03768512965695292,0.03675533825699812,0.03461644220632592,0.03679375835171783,0.03413848266446502,0.03906449937835957,0.04070449786277616,0.042035895429308495,0.043486044726023555,0.040108146150531515,0.0320505579229394,0.030349067784977035,0.02743742034994372,0.027168228558611646,0.025395606784707023,0.021997964134237588,0.020604682531133373,0.023565392948810774,0.025610857010137243,0.03173507226868593,0.032841797216609646,0.030917229330466138,0.03724534780979076,0.03462192857633557,0.0305080730016664,0.029412761086530338,0.030084288497393082,0.0427935355123546,0.033709895490508617,0.03630647038674027,0.03527840287703948,0.03485185775401826,0.030811313752369923,0.029643437437114156,1,1,0,0,0,0
0.09133475692731911,0.08567696313837003,0.0805773057023432,0.07745361333415524,0.06498166689443928,0.06185705367408056,0.06547524100021579,0.08666779846462976,0.09589656929400439,0.10404649523030289,0.10225557292431299,0.09859729339982533,0.09625898508605646,0.12142769154445057,0.1178834339057374,0.12006561719666328,0.10608754638892068,0.10356079420483831,0.10321650241422113,0.1174892807265544,0.11928091733942923,0.11984648319595359,0.13630605297843712,0.11497221510493028,0.09889618891328958,0.10502959559066348,0.07874641639293546,0.06833145455285808,0.07445374858791164,0.05898544810557826,0.06274445068370564,0.08510134532831971,0.11530024071284971,0.12812472571606676,0.1114286514591345,0.10500146545275946,0.13056114423556503,0.13546986603818492,0.09473327847670253,0.07097278973294416,0.06520366866589293,0.06679528892008839,0.06945877424974803,0.062011734660219885,0.05227308522378677,0.04499317722866763,0.05002001549429542,0.047672278682963885,0.03958956602547689,0.03642073337116412,0.03468722066914519,0.033723168523928884,0.03269544718545674,0.030822861360427244,0.03513480678097271,0.041385978835997005,0.04795453568685912,0.04374947427695904,0.049340029474294576,0.04258497873962351,0.04567436314165059,0.04596233189823224,0.04915740597258076,0.047999960054894375,0.04713375930528224,0.06120976602044458,0.051616786876885756,0.05759425868119621,0.06011267606248096,0.0577783253060053,0.05694989469642115,0.05030280480007209,0.041760247353741405,0.039979269886974526,0.037950837736570764,0.037518724219608765,0.0363982499731057,0.03501577860020762,0.036725987595479924,0.04793109286127648,0.0566355145521994,0.05170166547373106,0.050844048985018375,0.055250758281611675,0.05823980449735426,0.05845116432125131,0.06455989320347813,0.049862214508144126,0.04333906695110814,0.0457769881742661,0.048451925413516624,0.0493954450312472,0.052121304011302896,0.04804545485632433,0.0466489205242895,0.04145237646111898,0.034558096916136635,0.028501580378312578,0.026506169633810688,0.028245756190343602,0.026116793071413735,0.026620840347139126,0.028909733847256893,0.037366914147042164,0.045526657603261245,0.047006411455862415,0.045897990988947646,0.040790575400088916,0.03083107240911185,0.029456473133041602,0.030347194411195044,0.033943092126044544,0.030210349389049984,0.03371911883884338,0.034869683599288735,0.034140091778281416,0.0331840580232326,0.03436245159091051,0.029627779718518963,0.028693444530156095,0.031966972225846775,0.020288664885909052,0.01806331290727644,0.01804199119396428,0.01766198363246064,0.017265150522225603,0.016759583985005426,0.018974386183541005,0.02391070949208371,0.023721840208137387,0.030281468942755248,0.03009230266446991,0.029997002769026834,0.027246843269335595,0.029429822034492802,0.02978924121946577,0.02841316836442737,0.029299869843711378,0.026328809279903293,0.03228032600921043,0.03357594530068762,0.03262887322741927,0.031048518816859966,0.03200358466818981,0.02626159321159956,0.024285848694758493,0.022234116366120386,0.02082808059700674,0.02059661095668524,0.02052174226605037,0.019142196639945392,0.02081372576743701,0.023029123898876087,0.026639852986804876,0.02631939531860026,0.0279698001390535,0.03431182237608222,0.028052074024078413,0.024885081493631035,0.024470173882879594,0.026323932823238142,0.027378486837520095,0.028785777751485837,0.030956440730095,0.029998856111571034,0.027230453718517778,0.02495788714598207,0.0249413214871315,1,1,0,0,0,0
0.0676321583924073,0.042324772656277716,0.03677014193780274,0.03284453159050059,0.031881684592409906,0.030360564676136684,0.03151851735923452,0.04416310622507113,0.05439944095623444,0.05084804062476365,0.04879033766867901,0.04748531159597336,0.04863466029161389,0.0522808127045758,0.06025443550266136,0.06334454382098875,0.07222581772892742,0.0720787393340673,0.07264428490623316,0.08976990628246363,0.082589196045621,0.07260371700440406,0.08552678595828644,0.06890103295941812,0.05835833775123582,0.06174354031519363,0.04231243370469184,0.03821559144236437,0.0377095561273572,0.033012173923140535,0.03628076315584206,0.049243476014892484,0.06495693105550672,0.07285604842590643,0.06390153362781113,0.056201361726536087,0.06259507554004795,0.06520502071553105,0.04342310717090063,0.032370491353812585,0.031488565919336624,0.03321178443503766,0.03605012401837209,0.03211369560820944,0.02363563844249299,0.022453675819902458,0.019027376968010885,0.017425589797234586,0.015467057341503264,0.013865217969455713,0.012504348392027607,0.012270348400041948,0.012047740334859131,0.01265223063768415,0.013812135081892241,0.01895146162561014,0.02471798796969219,0.022442966455967037,0.022450719779998584,0.02043250836310485,0.023510418946340463,0.022312884181210173,0.02056831922560562,0.021770893114215432,0.0235685267679152,0.025432730830310807,0.023443967863545568,0.025659905382706624,0.024760442462731694,0.02200533472616716,0.02397854409910869,0.019425256253980974,0.01595603154927865,0.013982514195583783,0.01341420899554415,0.012968875794197313,0.013257803786961633,0.013426534523555985,0.014272757062126874,0.018616396106931145,0.02303635479932735,0.023468576198121472,0.01929229356665366,0.02488309611413985,0.02768983107155427,0.0262882962534568,0.026568906377885712,0.018342723440459906,0.019522895765466324,0.019129543510268115,0.020422753256047668,0.01893494483630275,0.01806850892727709,0.017197107165689278,0.015242682572926785,0.01419558288876852,0.01273188121956854,0.011173971185900605,0.011037918375300966,0.01030112964339807,0.010661228888343444,0.011293713432745689,0.012296833652636787,0.01392125056513789,0.01720045487950217,0.018950428365420165,0.018406638080221804,0.01785245687841354,0.016627724018392978,0.01796027751456274,0.017535171603623365,0.017647918302353845,0.01789895406696193,0.01908709101382903,0.019796514532780963,0.018886603493372938,0.017304748470683903,0.016225124282925683,0.014788507016083408,0.014349981071319006,0.013393119410761567,0.012339019743040816,0.010673286775853417,0.010699203203635098,0.010787426770167467,0.01091067820731874,0.010222552816783184,0.011050614419952094,0.011737955448658894,0.013036480153641061,0.013785474938773684,0.013317937955835097,0.014051223327231193,0.012429547192578133,0.01257364791358889,0.014242668454931119,0.013819851921133823,0.014628995151379302,0.014804389735816673,0.015377484745280513,0.015987079150672115,0.014426799571621055,0.013985661724626345,0.013816626305907678,0.012215813611548405,0.013049928518525737,0.011057918869710621,0.010545143461852794,0.009969396913970871,0.009795494402068611,0.010028226903966622,0.011537543149832415,0.012272447008456509,0.013313081658022762,0.01481591285923638,0.01580862446326382,0.016820113869087508,0.015236733160286306,0.013481907655948262,0.014294943570196514,0.015437129746480842,0.01615805539041351,0.015518045122487828,0.016196910712456183,0.015180838123460381,0.014803998783406613,0.012971269914844331,0.011665445189916092,1,1,0,0,1,0
0.060899069330654775,0.03307804872678854,0.02648035235373354,0.0242878667214109,0.024240030928187297,0.024140011404005405,0.02559719559809313,0.0361516811842076,0.04608813439884359,0.041236868289517205,0.03834575065970623,0.04352300060669942,0.044096264358428804,0.053441072846603,0.04734295468428221,0.06131523280294285,0.07461428377905356,0.06977448544535622,0.0685483209670367,0.07890590168285437,0.07736793919317363,0.06418997934778568,0.0641140661201851,0.05515527160533028,0.0447517653761799,0.04038058887197723,0.03414763401887515,0.0305984178221803,0.031596968134458746,0.028446141273757948,0.032507707568578695,0.04356975716757082,0.05818213169767725,0.05185129102896275,0.05152897056162424,0.050351137155413006,0.04846878666462856,0.052471935435237455,0.06615109225663351,0.06789290306293362,0.07271107330872097,0.07457799673722365,0.08504021284535292,0.0811015448736269,0.05340368751787402,0.05046796198365957,0.036132800510741477,0.03458395169744367,0.03528867688452875,0.028016394130650484,0.022115347420717826,0.020487981504405797,0.020999890268686136,0.02135500033013911,0.0241515125092731,0.037496828292312365,0.04956507142715452,0.0525457678824439,0.0513499546616016,0.04340364209505944,0.046142322147354406,0.05194030320768294,0.05193746434936187,0.05166956196057124,0.05584640493515958,0.05523472762068499,0.05572983598590444,0.062071746427689346,0.06633944097926345,0.06481571002220532,0.05816161564280539,0.04866393887880888,0.038497530109620155,0.032397258259758824,0.030780129539870367,0.02911950315385581,0.02816301522853555,0.027344598751761443,0.03132137903535887,0.04377689517317928,0.05167079286627949,0.050280137549354946,0.04385122343082195,0.039697159252380786,0.03129162895122492,0.02976334620243912,0.02899059143579149,0.020687921976091466,0.02274167771510602,0.02212730470495713,0.024266307171888154,0.022282454567161356,0.021164098497006845,0.02038923893351144,0.017766063551787947,0.016462893250927684,0.014884328519371872,0.013248897040778189,0.012980725534270708,0.012310443336929763,0.012721153027484059,0.013394994534585382,0.014379114860881068,0.016509575016271164,0.019397136051854943,0.020674969109131264,0.019886471080422217,0.019995275446465358,0.01905246339665082,0.01994392380698294,0.020213554428558943,0.020467707237385245,0.020471079106118544,0.021800909003394896,0.02329685079478566,0.02233631880326338,0.020356164823697124,0.018977151996432677,0.01699316619577709,0.016839614863716417,0.01602496364775395,0.014701262915627294,0.012695191262079387,0.013042001497048384,0.01302709861280699,0.013282289673472577,0.012531998729979434,0.013333620534016861,0.01399959779718935,0.01568421259210359,0.01652810942085365,0.01586002839640723,0.016471914837486,0.014615216452785589,0.014846261391252441,0.017038821250939556,0.016360476816570057,0.017339314801568452,0.017908028568489845,0.018024082519050442,0.018416622017280407,0.016577143959337792,0.016393928030233953,0.016137107594928222,0.014459167948275656,0.0154851043315053,0.012990562323552642,0.012610670482222539,0.01167772599099672,0.011444766867044176,0.011782968601612308,0.013403319248920303,0.013941704868845111,0.015410328689622431,0.01693856245376502,0.018225619386408966,0.019521457192853326,0.01791485217307175,0.015713929214288415,0.016409397955314715,0.01729031270556426,0.018451810950351016,0.017824449447302104,0.01899518820463524,0.017667043238318775,0.01759294939898291,0.015674581656055404,0.013914436526894385,1,0,0,1,0,0
0.023765312210684512,0.01397486084739295,0.01505580683991899,0.010901806864223073,0.018147749880085034,0.01819979521961483,0.022007341124911803,0.03157273991196636,0.03668916955457524,0.03551006508604619,0.029740701992493478,0.029843128154314877,0.02505505332342999,0.02756468637382908,0.023235120653323643,0.030907044671318676,0.046627321648130916,0.04321082942794881,0.05557086304027756,0.04143934062741781,0.03692079062281359,0.025887879144562972,0.02244036950734186,0.02029823794810514,0.019836650519950143,0.017386156641177125,0.014325737392040573,0.01415540097180194,0.015622429501726326,0.01686156949586115,0.022984908616802666,0.03349184795177415,0.0455190173320012,0.03774556318518774,0.029531997239330466,0.026432481739741075,0.025176166430690768,0.02697515187153791,0.03847738083411552,0.03762424667727364,0.04614133683871201,0.06843711288089184,0.06560016166034835,0.05788715816676606,0.03519846629531966,0.028611924117371346,0.022464442565035766,0.018166869015314425,0.018815272427085805,0.014814801226832954,0.012003782219499007,0.01085408232853844,0.01694786690758384,0.0165430871653837,0.02129183258055333,0.0357274889609063,0.04481302539287787,0.04682230446775152,0.04064941347002979,0.03135164760641856,0.030841481407154613,0.038561291401088806,0.03978765739074993,0.034167693815344756,0.03638082994074878,0.04658275457208326,0.0503139839457646,0.04852283522530146,0.04329219845256199,0.042834342957766725,0.03697522236270328,0.0289858978598728,0.020814514082443284,0.01857700353791216,0.01744129842869506,0.017441764276516447,0.01905211512250815,0.023775784954095772,0.026964941522002572,0.04383169622953052,0.04603485179965227,0.047939811964788186,0.03745898366704031,0.021222099525550944,0.005310073770285028,0.004013909128581328,0.003121116585841779,0.00215700441562844,0.0017048076138545616,0.0014584475467146324,0.0016714991122924597,0.0014170929646543427,0.0012533659583160838,0.0012844681553526624,0.0008381648025088816,0.0007996790521013063,0.0008820083432520835,0.001048645292149785,0.0012022640775899533,0.00207513279356694,0.002195375736070605,0.003280789091056548,0.003083137487015773,0.0032633049026979943,0.003380562088513091,0.00276902459020722,0.002527145031221205,0.0032674424312311833,0.002301598557099777,0.002859666649775887,0.00257187001816824,0.0026980969724002424,0.0027526665335439356,0.0024709911400754066,0.001662148363462751,0.0013854867533314194,0.0010458275381891335,0.0009667415672687904,0.0006639571879056344,0.000818713501675843,0.000782722739050355,0.0007344903593313635,0.0010991652527132184,0.0012138458292668029,0.0018813875553720866,0.0015601870655228029,0.0014856758791543443,0.001675107289070924,0.0021108943368318657,0.0030459853988070414,0.002891195705182868,0.002034946385660847,0.0020547943530620384,0.001177367825243763,0.0011024046502597121,0.0009112825870785466,0.0008151579548461344,0.000846892088998968,0.0008658148373323527,0.0011166762242053572,0.0009800329693750109,0.0016046981930853677,0.0016598246969305862,0.0018243633944850098,0.001904299630262031,0.0022231951987401475,0.0013584421378783486,0.0015590169412385685,0.0013968083249221276,0.0015802411912208293,0.0016011019921706394,0.0019915616510905124,0.002153290644498683,0.0019534374118684254,0.0020543992428629773,0.0022857914345035327,0.002532656107676435,0.00201150700586841,0.000873183234321016,0.0009970242354880865,0.0006927493548561576,0.0006438233768446702,0.0008878598545436099,0.0012800435188645154,0.0007963176437611262,0.0005629484315755038,0.0009446783920195421,0.0012705761129278993,1,0,1,0,1,1
0.008569242812631314,0.007593728713121802,0.015574994632458582,0.008967688861595848,0.02149317839490805,0.02159092797161386,0.027754451779588196,0.039385228528660915,0.044789383964597196,0.04402593838878329,0.036106742199176645,0.032037075416196964,0.0245710894823529,0.020451252916185596,0.0198986203145613,0.0197897696758254,0.03676719099989752,0.03990605182253856,0.06710356879635718,0.04149717102862602,0.02639167824803884,0.013656620735279424,0.011410996037535,0.01244601876768526,0.0162016046914382,0.013579218848954841,0.009890486524118372,0.011622211786084514,0.013304795040295,0.016671734318056512,0.02522936940358069,0.03869056987609986,0.053781768830288144,0.044970007626407925,0.029876996457565277,0.023985481468867233,0.023127689635819394,0.02444491280784515,0.026562045841882917,0.018794032886143123,0.0286516256627622,0.06967046265713463,0.05544447161387453,0.040338411613375376,0.025472972234582208,0.01603335597697999,0.019899062534264822,0.012268402315193886,0.00898747988682868,0.008933232899865189,0.009987789990594223,0.009630502651593053,0.018494110298343226,0.018593250979527066,0.025329630079298462,0.03897980862151959,0.04437410799016819,0.04182522849475658,0.032400116618656334,0.024951581720792593,0.023889172996716862,0.028246944085292314,0.028236777462746714,0.021007656056854278,0.02112254611428248,0.041590843401555964,0.04690108424519826,0.03838863896386233,0.0215467331617511,0.018915069026655632,0.019356842665076607,0.013092305406423045,0.008817715067683994,0.010010192114993866,0.009285540259866982,0.010574371888878208,0.01478918248703243,0.023442619379636,0.024849851049939316,0.04394053875937639,0.04268114755830904,0.05074913310192614,0.03392632999545374,0.016632805042397444,0.0042050650857910635,0.0029456738847237146,0.002255181881359586,0.0015851442327686832,0.0011760748962649987,0.0010600648443028539,0.0013817367816957933,0.0011315023120661602,0.0010270999872050665,0.001051770991252639,0.0007607344764685511,0.000708816923993995,0.0008160409031249746,0.000999853438778083,0.00115303055182234,0.002056775518783455,0.002179317209218861,0.0032685763715690304,0.0030535611933950888,0.003224324897391697,0.003282774088339514,0.002558564452916151,0.0023103383077539476,0.0030455884503663797,0.0021265257721008396,0.0026547018153070742,0.00233472876396916,0.00249132364177533,0.002464641539579409,0.002235170863135405,0.0014820619027810192,0.0012429284951814648,0.0008923227949156191,0.0008151670184815087,0.0005164644254001967,0.0007073758194385473,0.0006702087583564352,0.000644970534396881,0.001028480536919505,0.00114449058888165,0.0018267031844855857,0.001484883557050905,0.001421911052097257,0.0015921075361818849,0.002082013742743009,0.0029985153219191625,0.0027868890179270894,0.0020167868034314572,0.0019290971848792504,0.0010891841622252259,0.0009984123342226354,0.0007791343972233602,0.0006866609094848244,0.0007172963320936758,0.000746230094966582,0.0009978451143106534,0.0008126059193921203,0.001436658769808782,0.0014990640548504478,0.0016828910357935785,0.0017872789153646495,0.0020873909487404453,0.0012346924232913394,0.001458508119586468,0.0012698656051960443,0.0014655925326816875,0.001482044683810077,0.0018638530265967553,0.001994335795799905,0.0018037166212030167,0.0018803051777251448,0.002121985239124066,0.0023171421730168087,0.0018031494012910349,0.0006988358564978573,0.0007700272143706887,0.0004778562597626372,0.00047221295122286486,0.0006994175216998612,0.0010610637291547766,0.0005598420149340627,0.0003394296381108243,0.00077059443428267,0.0011288662128457402,0,0,1,0,1,0
0.009499519890075157,0.008015069547684788,0.015840655730261995,0.009372471162340563,0.021689149689739437,0.021521697782267094,0.02779436282782649,0.03909484659749808,0.04478967692381779,0.044056028101905294,0.03671019627016503,0.03269012370080027,0.025388293268803017,0.021012185295541948,0.02069909445378483,0.020386116747038205,0.036756549536315804,0.039794246223253386,0.06636919949106677,0.041273177721816746,0.026641349778591134,0.014407560769176948,0.012204113619101177,0.013000206954089953,0.01672503290395806,0.013966598972752122,0.0104115957552138,0.01197040011516767,0.013640474837774374,0.016893775670077566,0.02536370518865537,0.03878424427881949,0.05384783774534278,0.04478535952321239,0.030235782950675746,0.024412956804083563,0.02387552029945507,0.025098085938689195,0.027014266885058116,0.019854066609411077,0.029057737902900723,0.06890645583704924,0.054957458975160085,0.04028023386478755,0.025958995844051248,0.016269217929861877,0.020182013002598326,0.01266936604754341,0.009719915994064377,0.009400060722449708,0.010415549581537027,0.010092087055885945,0.018638333681230832,0.01874241517283979,0.02549886689814387,0.03910980471957647,0.04440721925903519,0.04212961538942093,0.03281420600949677,0.025367693657316105,0.024378453414827608,0.028775046932299903,0.028392058058955474,0.021525098246919814,0.02162901049041317,0.04146687613474896,0.04664051611535464,0.03829487910301078,0.022088495463531716,0.01948221051064569,0.01962085852879826,0.013807559311268354,0.009504212574794653,0.01037470295970824,0.009765946035379251,0.010944555888681005,0.015089168042955308,0.023269736074837552,0.024921138038569206,0.043514055263565644,0.04239247723498946,0.0505346954877499,0.034426110133128,0.01807527218898791,0.0062621739375448085,0.004983316665980532,0.004294845719465267,0.003058089779318679,0.002679338502445611,0.0024292185235508445,0.0025704078588179944,0.0025976676271556795,0.0022368945841340776,0.001954543232651115,0.0015385804411174014,0.0018367081085179525,0.0017732850527025052,0.0015716629763702502,0.0018385167346801495,0.0025476075548274708,0.0027017174154758345,0.0037066123649300503,0.003713006611676197,0.003952440297968285,0.00453912159717067,0.004046661565841749,0.0035682649054676052,0.004313326957822842,0.0039450598707289055,0.004012203568098759,0.0035549004037887773,0.003671916585881804,0.003670856146572315,0.003424739416662833,0.0029173484824861233,0.0024380634431877997,0.00196030348929586,0.0017042450565235622,0.0013036811220681482,0.0014009865942688129,0.0015909788413702713,0.0013462464462444808,0.0017841193702492141,0.0017331547561224112,0.0027551039766165273,0.0018876524498496847,0.0020762744109941913,0.0020489045276652317,0.0027063685255025813,0.003602202607696934,0.003285929961880215,0.0028067577678577496,0.0029489539241937734,0.0021030860399727956,0.0018849139325404606,0.0017025583818457968,0.0014137655461434206,0.0014616252439475514,0.0015344001229614572,0.002340701206741861,0.0019280578115688678,0.0021755831512146936,0.0021284906560056537,0.0026144755896244203,0.0028318919091051145,0.0028746740491377666,0.001956839428727759,0.002002201386557649,0.0019006284856181099,0.001996898488421591,0.0021018486860505652,0.0024821658670682433,0.002519321310854127,0.002499233102563352,0.002561805338459803,0.0028679065090751743,0.0029194380980362075,0.002557394042663132,0.0018861027324348896,0.0017754760271063896,0.0014787883024523676,0.0015633827387942854,0.001750310026909407,0.0020751197080681304,0.0015533974434365435,0.0013033536463746076,0.002255803765781594,0.0021649907263812133,0,0,0,1,1,1
0.020336870337480693,0.016798712405103527,0.018279938184255384,0.01520504120322185,0.01720277072273938,0.015131783777887669,0.017420637777774608,0.02055376757601844,0.02505557575389109,0.029529605460093963,0.03441595413762764,0.03438213572847829,0.031100165894378355,0.026885755077162513,0.02697856600062297,0.025415315172836343,0.02945793771869573,0.03000102436700429,0.039218083448765505,0.02816827265790068,0.029577733491170353,0.03599368969579213,0.0296669992452984,0.027414330894918078,0.021005604165273375,0.019414454321848396,0.01675414775222701,0.017043742497354103,0.017371592588607394,0.01698567676269111,0.018718827772461463,0.027614158220527187,0.029236998762434376,0.026376693803609238,0.026427220441511797,0.028110737378642156,0.027938145849128643,0.03047404170362765,0.029835892158237873,0.026814962675609007,0.028359601575103727,0.03097626552566919,0.03104880469427127,0.029279309856180963,0.02858049179016479,0.02410412708457966,0.029226713917913028,0.026280629227049313,0.021158312178676978,0.016470665425445945,0.013572698544899231,0.015227602418004386,0.014924432883211736,0.01566524416140264,0.019077589397279753,0.030283617786060084,0.03035625837526626,0.03021475489167689,0.02560612995934601,0.02526716404748038,0.023620230635053512,0.02453978538371316,0.028351574480141386,0.04205716977724599,0.022289981434856995,0.02350113002829524,0.0319733484988545,0.0347924915397379,0.03137561617751006,0.030919750198754356,0.026074446764930117,0.03124487253657593,0.0195581653434243,0.017024699419001515,0.015762571390602265,0.017828512780453103,0.018921305749651667,0.01823610589556237,0.018984776119131085,0.02313825558968784,0.025289216415383706,0.028243488017564707,0.026506568641478937,0.030089768249730548,0.03568754232598809,0.038210222871601966,0.03916653460940071,0.030934050972173277,0.028574758990895066,0.02487098845316648,0.023204965726366895,0.02807527532465171,0.025898428080655487,0.02902830883963069,0.02257258236899077,0.028694641606772393,0.02222643194967521,0.015581759980808548,0.017204716108705196,0.018101991604107134,0.014810832746737135,0.014383131153256673,0.01720918276033554,0.02070609342157252,0.02457718051862185,0.027423300637965484,0.026436844739396375,0.024736067883652894,0.02914546800497642,0.027316101622638065,0.025763018841418916,0.023173665543570005,0.025132698638836277,0.023122114140509083,0.02606487443009438,0.026812952537649155,0.02459254250720577,0.023283599515390052,0.026604840371323157,0.02219707253106098,0.019439045709081237,0.017746601589296883,0.017369616315956116,0.01760537071878417,0.019432326747374728,0.013330394466379158,0.014721129522972309,0.014545876628682895,0.029330142370072438,0.020492531139317493,0.021145659421291114,0.025326226436120015,0.022660452481134075,0.025437986867887258,0.021567336079226663,0.023051125456403806,0.018457817080862537,0.017900553481970796,0.029941892434932477,0.03147194252190383,0.02759473363907326,0.022229315116473674,0.01830586461518457,0.020871519941502083,0.019214135325721325,0.01778177190251205,0.013925353663283908,0.012770503989922938,0.011382791553021078,0.011027317083079215,0.011917570868456647,0.015424759006291132,0.014674225332322197,0.01789932559216991,0.018196291990355534,0.01948361644877324,0.017699144729333607,0.017968089019476677,0.023023835451240336,0.022541080060252166,0.025036840103319184,0.021267374818095576,0.026405789362944684,0.025790555523728918,0.026294260162249877,0.023696451793986165,0.0332601150723046,0.02331291433417056,0,0,0,1,1,0
0.02255980386156847,0.01904836232096221,0.020630475491179086,0.0172696687150473,0.018842165867887704,0.016605692975205234,0.01887725851377188,0.022027742626987236,0.026218648260155835,0.03110954439039631,0.035741046597552575,0.03524236975570368,0.032303365639872815,0.028555574365962996,0.02789046067330291,0.027220687859539554,0.0313902155555537,0.03225670836737409,0.0419569470691968,0.03079794629556943,0.032863590939444694,0.04079706655731515,0.033293560893739416,0.03072215674736837,0.022448806517716195,0.021549462514972,0.018743922674873032,0.01912521555722254,0.019337205242782977,0.018907661504300163,0.0203201581058246,0.028893172756095035,0.030093212693626768,0.027461169248503458,0.02835365736527179,0.03097541812357439,0.029616253805673395,0.032560063142446666,0.03218977729136615,0.028668401007162746,0.030609598474754557,0.03196317370471191,0.03290587802013112,0.03161060142155442,0.03081967298691398,0.027358997816627317,0.032829319452004804,0.029814736793237446,0.023743933262056125,0.018173871534206326,0.015196902659930315,0.01713478650157846,0.01604564795272217,0.017006956037087077,0.020477062000039396,0.03300661263892399,0.03267578614618697,0.03166021714237128,0.0268460355676322,0.026727234932853755,0.025243839392009894,0.026121195965659524,0.03124473992019816,0.04804977128796276,0.023965024121811247,0.0246956326014966,0.03515910119618553,0.03895979530789615,0.03478566385214279,0.03453309130973605,0.030152952127536166,0.03503771366937469,0.0224937373993829,0.019731386593216462,0.018242337910665145,0.020904736240109134,0.021754932602650264,0.02063498656100709,0.021066680995819254,0.025066719513516814,0.02762642799166056,0.030231214000464718,0.02787950535712204,0.03131717084848704,0.03697395326746442,0.0389869426626385,0.039638295347801056,0.03277842322235046,0.0302241736624249,0.02694370329106834,0.025985589167652454,0.030373766091113714,0.029098873970061973,0.03331496576020182,0.02595459569108413,0.0317986271643346,0.025621696537688844,0.017942741921047917,0.02004057362086797,0.020947170536547672,0.01683738364020646,0.016062273847262495,0.01923808801958434,0.023010734453461527,0.026786419750479726,0.029432877002423634,0.029681769992729475,0.02716137893506797,0.030677959929316972,0.02946340571433104,0.027258072335123805,0.0256989789150054,0.027150728862065918,0.025188341418234596,0.02882779144508908,0.03028679989284906,0.028386755186111688,0.026400175442570027,0.03072825976191835,0.02603429185396144,0.02240989186177311,0.020310558406849748,0.02022241804276371,0.020022392551647766,0.020436150761978838,0.015308969265360012,0.01668153795544734,0.016871224332126407,0.03411263056514447,0.02296246645055407,0.024216804131462835,0.02848945563932484,0.024769636577156837,0.027841548719728326,0.024645978737944364,0.025535493815686244,0.020904503684767768,0.0204554197991135,0.03498642836911491,0.03415943788231572,0.030897167524095825,0.02499777058088986,0.020679596245004237,0.02339096416281714,0.020793697580113832,0.018722648401699068,0.01552845684213325,0.014636224856762421,0.012911838349251317,0.012462483609041796,0.01353817541652501,0.017629370950209805,0.01667533858370227,0.02028585776130582,0.020582884398781188,0.021756850443908782,0.020212391070132247,0.02000414856457891,0.024306442777863813,0.024841393641600637,0.028212528681333816,0.023270881506530408,0.029880014644637503,0.028862557227627924,0.02949663482714495,0.02682215244352897,0.035461075948166144,0.02640972040278861,0,0,1,0,1,1
0.025303307493986446,0.02303652616989867,0.02388632974850005,0.02043905236536954,0.023887630864075332,0.01901960074431891,0.019375712063517615,0.023119472043350853,0.03200551084327056,0.044449316966326355,0.04920977565197775,0.04903212787050341,0.050148332854276924,0.05133243041753586,0.044010573134179644,0.04577820502921882,0.05263817579202825,0.049802907687995696,0.05846015691410308,0.037381055040329396,0.035091550939652244,0.04356967439127023,0.037830624936170176,0.031794916255741774,0.021703944411633765,0.02220516574219213,0.019128270357408203,0.019503926012949462,0.01980729357867013,0.019502217847714744,0.02078906375141734,0.02803031857149425,0.03420885352296708,0.03540007155291933,0.044031200251388444,0.05119337473563284,0.046973182754705536,0.05062156474557265,0.04860820177432226,0.04877377039283781,0.04779482217010881,0.04265634205071509,0.03825346615815669,0.03516890681852201,0.033641829372473,0.03295364249358269,0.03823734403999223,0.042019757717057654,0.02378102533594067,0.017696856764648387,0.015520742625028497,0.01702041708681169,0.016037533246882115,0.017290394592336878,0.020860345296475173,0.03393450147753267,0.038726225690119145,0.04311833703165851,0.038695474687925294,0.04107685330450009,0.040212381435285494,0.037223032042612035,0.04574675350711798,0.06700577576349262,0.03436394353126505,0.03050528352233024,0.04038683826692858,0.04198096084561309,0.037449834270612006,0.03414391072368289,0.03334209767278629,0.03544001533239333,0.023327922932926876,0.020819918744286067,0.018872633912165725,0.0221896764883584,0.022572006672502993,0.021844895438626603,0.021598692466425692,0.02665049154695732,0.03339468611456115,0.03652827672100416,0.034597031057188234,0.03751908504178783,0.042232405958989944,0.042770257879001704,0.042200725501533295,0.039187798256748674,0.0360532821705124,0.035292518679882756,0.03533816854561734,0.029647214314742164,0.030998776120842238,0.035030172758973535,0.02796534546682944,0.031207322990840648,0.027027408728527415,0.0188058338387803,0.020469553990724944,0.022085775192597648,0.01800544248115883,0.01702982752147884,0.020079532239066635,0.025020969125313142,0.031026721358237738,0.035632450776994326,0.042507899257662324,0.03951099783094895,0.036477696865053325,0.04214396624210931,0.04013107881463119,0.03669291334024465,0.035575652901180664,0.030908062371363516,0.03197178064208364,0.032247770779854246,0.03412820915828947,0.027634218808547308,0.03333637457120659,0.029197199702734492,0.02318907466276679,0.01985662986085102,0.020295498671789314,0.01945160181342076,0.017559545108486282,0.0162635363410231,0.01676207927849594,0.018136562869953566,0.03616949157013528,0.024535448742519263,0.026504715842606344,0.029710695830351335,0.02502489570732022,0.028074571760128536,0.025783948752956014,0.025302332987172462,0.025871395133398277,0.02314588947073517,0.039189880969260196,0.03253026894783041,0.03128391383803606,0.026561524654491107,0.021946849225049463,0.025014462772758428,0.021321668471344923,0.022043140958994217,0.019406808314293335,0.017699326620180568,0.019372852066250248,0.018314471974972386,0.014030470954138964,0.01859459084096058,0.017360670869963502,0.031821283125903356,0.020848973968816593,0.02303798795254441,0.022872631008269074,0.020473784245183084,0.021922204981743083,0.027029606872823058,0.03454959343154661,0.029338668844848766,0.03399362838780461,0.029416676100453648,0.03061030938025097,0.027991076532615074,0.03191840221325082,0.02673321833539827,0,0,1,0,1,0
0.01524454225858453,0.013469660264295554,0.013292366319882008,0.013471480367870747,0.01520318009481838,0.014187620370642669,0.016297201986792638,0.019468431752932523,0.029979070836264863,0.03963728558713196,0.04633007850882944,0.05415958709821141,0.049753342621622634,0.058590961110224465,0.05477447162440487,0.050840776544623524,0.05494984007486406,0.05021312010207972,0.04069727111121636,0.03183198162910777,0.024185082721743877,0.03006564261588649,0.029537877378118804,0.029552922752239995,0.0172794022295674,0.01295776569349051,0.011547109528856,0.011927829018864711,0.012056020985278268,0.012938312922915144,0.015082881505001667,0.020911158752650035,0.02772886639899655,0.03287930025064957,0.04089408173160948,0.04473959521991808,0.04441032174957312,0.050176268182250586,0.04343838292830777,0.04601190563493281,0.0422990503436194,0.03994625455589275,0.034732425552036233,0.026477210535326475,0.024674357073630453,0.024841742264163937,0.022823765399638634,0.02252286307816723,0.016108315067620782,0.01341458654322948,0.013474141547583756,0.014911686059992827,0.013513443933004462,0.013794985342432146,0.01561422736966936,0.025249428167648698,0.03414138681498758,0.038326970628185936,0.040922278318065664,0.042429794132416106,0.0491838419120536,0.05457254142475866,0.05791128136219147,0.06755315285583693,0.05948310475783161,0.050949879294443154,0.053326225690923136,0.041195512805037554,0.035501279368410174,0.03490982115123603,0.03594203155221876,0.032618792641141384,0.029281010123256433,0.02355972237842635,0.0209971076070018,0.021234821395979347,0.022658898302435896,0.024930434493755024,0.024604089149678685,0.03191384338202786,0.04202450332586364,0.05491643744211841,0.06257496296731141,0.06679972858012599,0.06523841110629844,0.08035931926425319,0.06901687877557242,0.06736432079715023,0.06272131794543544,0.05881019591786422,0.04763144977574981,0.0452476854304676,0.03332604717621506,0.02972110269251854,0.029199393362807042,0.03264441327477027,0.02622931632300901,0.021363815540244604,0.020161825835635378,0.019005748768398605,0.017397882594994023,0.01748816469987522,0.020139748572553885,0.027134597183252437,0.04426754853906498,0.05573687830598789,0.06156930269941868,0.05733552692822542,0.06125574890812895,0.06994531147305057,0.06588892925540459,0.06174526175358801,0.0702103973363014,0.048539491699262964,0.050514423961020946,0.0439544685957679,0.03701013452902873,0.03192307061352514,0.039219084282591986,0.048721853019655904,0.052640475251785286,0.060751466283393445,0.06624533787240702,0.04955728701982649,0.027721350088639015,0.021690712857934186,0.024187490226911912,0.02322795641027618,0.02606913317753955,0.030916272945319158,0.03447451085125679,0.04314343809733388,0.03448621034150333,0.038846149325648345,0.030551250036279058,0.03011886333584459,0.035966011581919734,0.02837964103383407,0.02970991799924353,0.026751714238547174,0.02671252713085496,0.02830669653103694,0.03282083967018729,0.02671898802724098,0.023105015221060857,0.02371760176634485,0.021265245857288343,0.019016805219776937,0.018873277341136876,0.020090470372857067,0.016465457352379944,0.017728353472356826,0.020135538212497344,0.038099549075899956,0.028485463279683335,0.027308700242184052,0.028839044844043434,0.025005714559725934,0.026166659716480706,0.036381669109475885,0.04413214104073014,0.03049577774492162,0.03143080927292829,0.023620977536030555,0.03429286791461242,0.03013647492570902,0.033543434656031386,0.023390947982680987,1,0,1,0,0,0
0.01809436138009391,0.011877429010072358,0.011598098729000545,0.0106551016220953,0.011487053980006108,0.011364193916092401,0.014532368529246154,0.019186457766638146,0.02513122695125815,0.029913697927423207,0.03241856303462867,0.03875559949967491,0.037220253946447325,0.044074158253268415,0.04137510294205805,0.03932411237580732,0.04530502843454793,0.04216051549390242,0.032690610689443796,0.03234290058867958,0.027783026486274627,0.030987598659320305,0.029208180181256285,0.030199359801886677,0.02286918625307258,0.015515431366368996,0.013100081821040672,0.013183311554281901,0.012896083451637758,0.013308784100453724,0.014950796077639866,0.02159158374192604,0.02528917204721148,0.02744640512717935,0.029724292482873983,0.031030666804094942,0.03160949939331354,0.03418103178236311,0.032291683777637435,0.033284343616315146,0.034767127368372064,0.03408357514280237,0.033396520641976464,0.028870810745116667,0.02744240292820768,0.0380489366586919,0.02515901430474513,0.02171164248013557,0.021134370464023493,0.017192727453418172,0.014620659163553795,0.014833987215223483,0.01382267846878777,0.01571857404077996,0.01733637695000736,0.024305115290827663,0.03191789062922377,0.03185830269548067,0.03403696634571562,0.03283158149076147,0.03561863201760664,0.04182098993738897,0.044081096859411396,0.050856363690489466,0.049031828155123136,0.04375283020231785,0.04692327137558452,0.040007802400613406,0.03258481885277329,0.03502080215411173,0.03478512078812568,0.032547183992017115,0.026124710855390268,0.021378167258956686,0.017470705015583513,0.01621740120447779,0.016463848870141917,0.018656379817342826,0.021034185842084798,0.028552836091993997,0.03555074099982945,0.04398407490685716,0.05657100556950828,0.05694319633082765,0.05278827644979893,0.061620843561294034,0.056212810595847554,0.05440110408731808,0.05016738588580739,0.05279806812083308,0.0461925829935948,0.04406824054803125,0.03286332159735267,0.03396946502818024,0.030263131545442842,0.033688476198840134,0.02570281577325111,0.02238951105726097,0.019104778985701572,0.017376536346650616,0.015487335621705548,0.015129855932094491,0.018060259739751814,0.026494235489255426,0.038623768625391734,0.04523261621054387,0.046970157296550644,0.04407758219332278,0.05082274551697536,0.05410090321394592,0.051645009251902504,0.04961041215021706,0.05585628732720532,0.04582546446569817,0.04622478895235771,0.04498580000809846,0.04005856669947126,0.03201493863826606,0.037764831186150497,0.04738024254087688,0.0454684452360996,0.05110690501760131,0.05309643025460857,0.03959139710608969,0.0235842428775696,0.019600630513033918,0.022309873423719664,0.022014644657048405,0.025303583913855135,0.029390944082508953,0.03262214123615152,0.041305813481739756,0.03447205489076006,0.03484406618460243,0.030923436288161237,0.030778941925304233,0.0369884126973186,0.03088245960314282,0.032116844407909136,0.03058421579686978,0.03414490297137406,0.03231731151940241,0.03365777139289667,0.025911813286837296,0.023833375693813497,0.021418841717250153,0.020643030409075096,0.01806314176574384,0.014939534372786858,0.01624126431750405,0.015800386003950565,0.016295145669109758,0.019660602026439874,0.0302234129063554,0.027991509148794204,0.03221458183105222,0.034339802995932256,0.03001329186004771,0.034787397833496,0.03707356961777478,0.04264154725506603,0.0330126316784817,0.03389256466324398,0.029875463993505037,0.034553977919302946,0.030824847758134148,0.03648478084205862,0.027038754538961374,0,0,1,0,1,0
0.018204043976183158,0.011367298871690279,0.012274646391238002,0.009965180222044423,0.010232071448420007,0.010667572272460384,0.014177500960433428,0.019311674168909193,0.022871156748760255,0.025177467396938668,0.02337548067309002,0.02492477074071028,0.027330014630010176,0.031328780330774984,0.0271507072314421,0.02713535391857034,0.03442425057193531,0.03185655156374125,0.026646673101936007,0.0281928062130626,0.026857434439316014,0.02579622375470314,0.023788813672700627,0.023858947327166,0.02176425123657981,0.015907932753812967,0.013632268752025644,0.013621652198571782,0.013403547710783874,0.013626037400931938,0.014858933086637818,0.021390582115438456,0.02396018560743804,0.02408351758735333,0.024100706481614415,0.023237797702345298,0.024005116794590095,0.022733131444005437,0.02834742797195729,0.026633074851605567,0.029260330784969424,0.029335403411168103,0.02915283505451322,0.028868116296473567,0.027105552352206786,0.03852612419041206,0.024521570181111164,0.022285896793410847,0.02097597732159463,0.01822137565711258,0.014259995469605113,0.013959809573249266,0.013278700344259873,0.015615936762670991,0.01798022421532121,0.02411330507456557,0.036492745148370864,0.02843850007075925,0.027695564284813345,0.02899281753561736,0.028665088932388824,0.02731432723824135,0.027903820082896363,0.030651517371598335,0.03135675401849057,0.028225263103854977,0.03237902398629734,0.0318963632768,0.024777127326205822,0.027594030690327218,0.02763056284117789,0.0251937115535541,0.01791929587716582,0.015563942200106274,0.012522548355237924,0.011226889502320045,0.010418957570227573,0.0117066906365228,0.017334151536931033,0.02375197108318771,0.02677434270318412,0.027527546481482503,0.03853361403290113,0.034513874704704184,0.03192152171415039,0.03006861544017617,0.03168415289011048,0.036498125881561067,0.029086916671751752,0.033645845112175866,0.03735931031885852,0.03519286329379342,0.02683152237218075,0.031147209451659788,0.02727714514527641,0.028212283346053153,0.022991682797409135,0.018924946086311133,0.01662006921346155,0.01292344066703116,0.011725579218682853,0.011838299081963688,0.015082170936067929,0.024165234828185545,0.027878201674260004,0.028073163229262784,0.027877853590055925,0.02723634660462366,0.0308192729823741,0.029675584090615936,0.02985577936434091,0.029511571598113583,0.03150486119325726,0.033914987443081704,0.03597836548499121,0.039256405718005455,0.03355248825518989,0.025197740531298925,0.025067189289423607,0.028416127958560997,0.026573929248238915,0.02517188315279148,0.022116070138403145,0.017549897456105683,0.013549621910483882,0.013406800114134906,0.015155608005579186,0.017007462119253268,0.020080125224347413,0.022272901385429422,0.02428284585725309,0.02991546080276944,0.0280718784802313,0.024591374676941457,0.027080686569015845,0.026817035723424292,0.029717060607789315,0.027834095708993836,0.03246741217753361,0.028202369348935396,0.03246495021199107,0.02792177009696461,0.024718526083037946,0.020109770439064402,0.019992331241726866,0.018215086988665426,0.017989318563975065,0.016542020423915973,0.01258137240884029,0.011869875044715792,0.012241831434467868,0.012815702254649822,0.016322289782062648,0.020726309514788956,0.025093484880185844,0.0316500237963176,0.0307586023354847,0.027089973195512426,0.03074847785432528,0.028338868996296056,0.030218470228885574,0.028807425565705078,0.027962680331937086,0.03182659015962748,0.02777660754242508,0.02394309838510794,0.027502627493446737,0.023947347860936247,1,0,1,0,0,0
0.008167333218699457,0.006303444490474031,0.008843533882323817,0.006532515304884049,0.0066588601237156835,0.008088332971761347,0.011519694677123446,0.014738365411716659,0.01888813633433446,0.020842422008139867,0.019091007197826117,0.01902441992522213,0.01936312279845853,0.023792073436051216,0.01963426671426646,0.017480383623583975,0.02240316108041205,0.019873456267543745,0.01620333464028538,0.015671255569451682,0.014345764555340769,0.01243948521880513,0.011978410518356521,0.011852244053434786,0.008660276188557772,0.008196203387413094,0.0075923959234155125,0.007728544006702339,0.00828007415072694,0.008930191457702161,0.009273944329333284,0.013793023453860109,0.01650030648682192,0.018728045288680398,0.019656838000207136,0.01789472364556237,0.01910894439379618,0.01793506997043713,0.02508151099105995,0.021149855510989454,0.019756976889351983,0.020743033398625845,0.01759655767501424,0.017903412320936115,0.014804254357190872,0.012852674511511793,0.012517369897482047,0.012695407317178853,0.008962719614755406,0.009950994070779944,0.008157771852838868,0.008466782443766325,0.008218048410546035,0.008658698101232092,0.012224113070646697,0.01770113166962155,0.03581904080177387,0.02280702199927195,0.0206934030155844,0.026584766013373336,0.029907161478754916,0.02276945610546969,0.02153222607047555,0.022973050665272096,0.023690074274622632,0.01861594484999738,0.02137903899011247,0.01825523456394104,0.013297968925995406,0.01512341909787863,0.015810560377028493,0.011862113694726145,0.009593374731756504,0.0075923628750758,0.00745572670802698,0.007253726617087654,0.007071407422933566,0.007681198773262227,0.013187646855209964,0.0178209653539026,0.019830856904727,0.020101100404954095,0.024837526049962835,0.021442722260700812,0.02254571774060535,0.019516758388010414,0.01993552833473019,0.032195893202654396,0.021061325464696287,0.01838479661796145,0.023621334333602334,0.026772233977797003,0.018474430216029833,0.019017519023316127,0.019508134822454833,0.018134430079121636,0.017053686090117516,0.011648395526246672,0.011379654112992568,0.007521945452297056,0.007899328527337709,0.008822663739998838,0.011228569007296416,0.019631257527235685,0.021443507046619698,0.020887795538692785,0.02193410163713783,0.020798615278036236,0.021878951065798614,0.020767743982095986,0.020855316968772776,0.02136570136293466,0.022991182722119186,0.0222233122536461,0.029618084476597716,0.03186069046480245,0.01870777321447182,0.015267671040354603,0.011797106172174488,0.010015775740406092,0.01780274513240932,0.014599635455974862,0.011726952621457508,0.009753182795347768,0.007361031720575834,0.007466644289434289,0.008426951818092363,0.011503950878940317,0.01186964174805817,0.014046360887228727,0.015977595738253168,0.01985952982893382,0.018768246664097602,0.01754138785401102,0.02008407555457777,0.01964800300822028,0.018151385922868597,0.01823466734971476,0.024941262287742533,0.015899254057616056,0.016471515220318093,0.014579896885633499,0.013214205058263748,0.012552924980353443,0.011962715231926394,0.013109261025508419,0.011848341564114715,0.012242924326692207,0.00878280779235273,0.007144364635027068,0.007134259267569393,0.008082373340049097,0.010841062772039218,0.014292827723333595,0.021529908629385065,0.022187686218099474,0.01685144310442459,0.01515244139918902,0.013054981303034473,0.017241725860663533,0.016738489319715482,0.014664775735883772,0.01314539551595759,0.022261899172883546,0.01717700658144361,0.012050468865030868,0.01049238270606423,0.011898682119600015,1,0,1,0,1,0
0.07762885645439743,0.10072612413137529,0.0719758964110342,0.056200945108345814,0.049595888941646675,0.049801300696970884,0.052273791223185186,0.08318195214997354,0.11083985924514514,0.10182332995926231,0.1111171014469788,0.10154863284526518,0.09756717723163395,0.11304947751316322,0.10177417842172926,0.10149060001201526,0.1028174799931227,0.11608531357622706,0.10914661507850967,0.1805994657662163,0.15524944695331166,0.1365836234674158,0.13132237569467015,0.14430331372065142,0.13082904044399954,0.09269598526853147,0.10423540554588911,0.09254493335082083,0.07186499391756747,0.06189859939227843,0.059501833362825024,0.0914689205531405,0.1130803800844086,0.1055156430694826,0.13359844981453217,0.10480246822687884,0.09606023452557311,0.126244578122452,0.10919863267023913,0.10152591386733435,0.1341901190562772,0.14472157946818462,0.13393285235171684,0.16221972696737177,0.16426621279840486,0.14926039450189235,0.14056796418339979,0.1531643468871873,0.12711813797827654,0.1751165583426256,0.08749365413319685,0.08110453749616228,0.06750871022991713,0.066607630983905,0.071106330807151,0.0878795918689344,0.11127543469850354,0.09975677537575067,0.11531507352398267,0.12401800035385652,0.10784338208686897,0.12091242809332978,0.11364011078509928,0.09696260263166613,0.1144862132118355,0.10754816891149112,0.12697820126827122,0.13768559999315616,0.15020478950606936,0.14896743383845978,0.15395653213311924,0.14166189832006537,0.10122464365381623,0.0844730125432621,0.08885311221427657,0.07124404786418485,0.061758663287387695,0.0615343261384124,0.06293392514910186,0.0897699303337828,0.13310373948225054,0.10635121905524333,0.10428555280981208,0.09706787812646665,0.10109026124871102,0.1160756972305905,0.10365026416144271,0.11462873348986585,0.144427247532452,0.1108785705228294,0.1236300213058189,0.14856630625914333,0.15001408899271257,0.16731980931910914,0.15723812459146602,0.1433602944072051,0.11117452836262114,0.08820643247298583,0.07349307725786998,0.07372203541876624,0.06513230843657601,0.05885734542390856,0.0605930198547891,0.0893150214764199,0.11942202367644371,0.10537858028550977,0.09894249137271126,0.11166542645177399,0.11880128236598786,0.1323766204794201,0.12252023098662865,0.12259562786825112,0.10231641158285702,0.11849205624736532,0.12887053605353732,0.14258643218968056,0.16172000360549255,0.16336541896605247,0.17193550583969086,0.16360191058703227,0.11771648156885149,0.09380705608816457,0.07892057885318039,0.0679165782836167,0.06620188086054282,0.05951021124202513,0.06011365353092231,0.07408915587882596,0.08921864682828395,0.10073635050889104,0.13968174070852277,0.11875223092953113,0.12792742040399294,0.16078131270664028,0.14919212849498695,0.12078493726724597,0.12136125496738939,0.11580351571795822,0.11879486564859534,0.11969637729992226,0.16880525199756993,0.15604308518661994,0.1405159458888636,0.1361883633833563,0.12124692581317793,0.12656569231972575,0.08026674451523542,0.0772008301611457,0.05608097613131301,0.05431052719503369,0.048270150079949656,0.05115020752761905,0.06550091745558145,0.07153029384261783,0.08524128993511629,0.09730726387522633,0.0881113062905975,0.09093855802562259,0.11314065097160184,0.12957165675419924,0.13377639861562068,0.15883670664062505,0.11671231071530061,0.1286042099180869,0.13248808551633368,0.15058048729246004,0.13320314744086906,0.1362650868464508,1,1,0,0,0,0
0.06697286638010348,0.06378180233350376,0.042296495883645376,0.03499951364388631,0.0329675589554982,0.03192550920469694,0.04079462993874937,0.06931080883835754,0.1327708830261869,0.10675807922995782,0.12515388093042318,0.11542917669993667,0.10968011704048901,0.13159746993854757,0.15654624218931196,0.12473267927593809,0.1300083738096113,0.12958299926658393,0.13026955815096125,0.14771981299383202,0.12388711190029984,0.12188748725839103,0.11320558217645159,0.08540368715106114,0.07737334556372137,0.052555208102408796,0.039695426796583874,0.036353158973265624,0.03405662318402587,0.035336247965244726,0.039743719224512364,0.07174334006228178,0.12508379239518538,0.1307621085033965,0.11446400402556657,0.14802081669671707,0.13973703831348006,0.1388143919830317,0.11923593511233387,0.11438252173446539,0.14353140409846082,0.11369884930748024,0.14382359828513874,0.15616440828727982,0.11294025195751353,0.09848606656945325,0.08764402159281359,0.075965696278868,0.06735599916881697,0.04369481518634223,0.039291168169649074,0.03828296797709701,0.03266766765229852,0.03389450509168659,0.039958734111971435,0.06323755238083377,0.1009694280622213,0.09539318679952206,0.10979286616423313,0.0998738830953341,0.10357918963330101,0.12123050441292031,0.11329193778371309,0.10479317249508661,0.10156895094496537,0.17401577443706653,0.11394129096107466,0.1332893391151534,0.12352027931372529,0.11783914906882172,0.08576382338619584,0.07180559542656358,0.06343181154554497,0.046150081294544926,0.036394301015896094,0.03417797887524487,0.03149485275863656,0.03459788106255966,0.037494963718211996,0.06829781859131143,0.09496456864462421,0.0840627143489933,0.09378384227765105,0.10329063918631053,0.1043339281004641,0.11054668991526458,0.1083882751632757,0.1013497333662927,0.09996504672389143,0.09512706360502102,0.10490958212305346,0.13382902347698133,0.10548844677856847,0.11369911971750214,0.08334705703100946,0.06690101672484271,0.0598257998520483,0.04790495067409182,0.040079304130169795,0.03408535484929532,0.03095223673349365,0.03208948527401441,0.036678645915639574,0.054475058781007744,0.08883210771720645,0.09113998678474108,0.09747436419681667,0.12227495800822688,0.12264663755949043,0.11684296763544337,0.12778210257883926,0.09640108744735802,0.10085727660198465,0.10372992974092353,0.11113824506453225,0.12183098978748422,0.15058544452053252,0.13098142744609,0.11988016236777874,0.09765483469314692,0.0842491213741236,0.0688748814915973,0.04299014210167857,0.03459779214316448,0.029297944377144457,0.025560261600124288,0.029239270327375767,0.03495964792626814,0.053400223895907956,0.07225646457578055,0.08822908069469802,0.10038223207376233,0.10970269807739892,0.10057247867641327,0.10554713089460505,0.09849126663597779,0.09460759469751087,0.10176367582938803,0.10780798822824643,0.10627354989754617,0.11136061290280319,0.10706039709144897,0.10765976193705157,0.10622728680260513,0.09114959950699213,0.09147557663105893,0.04298793840104083,0.031899910630200014,0.03230253105693269,0.030568640170425366,0.025282417269502935,0.03292195650492641,0.03507591041471045,0.04307363191161308,0.056965879899201564,0.06770823218249372,0.06711655488163791,0.06518951906013505,0.08549293481431322,0.08150611291199478,0.07209755651425247,0.07717051922477293,0.07492603742076195,0.08406541565636619,0.09335098597807007,0.1007231769204984,0.07709761108140566,0.061050569594983416,1,1,0,0,0,0
0.27653280937326585,0.1521093997281678,0.13191608640603275,0.12798854867872247,0.11704542182129836,0.10675393862894736,0.11881219193820998,0.16069511205212497,0.2554650823766378,0.23314725880866458,0.21894273146392598,0.21091669493636137,0.21291047171919839,0.24894720593751746,0.26204175199396995,0.2900391879502435,0.2616133972761677,0.20892512180970402,0.27466838475918187,0.3279463592924871,0.3370317910792667,0.3286742036524857,0.3717275967186911,0.3222865206420351,0.27571314811980074,0.1774818626959437,0.14259003646051915,0.12605504991849437,0.11911583599213725,0.11402583224042429,0.13414083253311557,0.19332983565198533,0.24918852908098796,0.24061420380419857,0.22182776516220454,0.22007676519522562,0.2275787157382726,0.2391939860748827,0.11610128706819384,0.1098783578513488,0.11787141021341124,0.10782104436100154,0.1179830944230815,0.10185238125332614,0.07997257251574623,0.07171167917587411,0.08393457014227515,0.07636290024069799,0.056522633847849175,0.04261261558460329,0.03808610212036217,0.03873913011423995,0.03235909247994015,0.0320466408706544,0.03424054967301583,0.049330895160961834,0.0565448348594715,0.05512887209011564,0.057383321567616254,0.06232954971986008,0.06306749273883991,0.06217942185478121,0.05692036066305737,0.0632784750383451,0.06950477040082477,0.06376254250879479,0.0700455125097113,0.0750743114585048,0.08770834855927055,0.07610570546181171,0.07312372166937021,0.07729382301399808,0.055361101806610934,0.04579806069553992,0.03359361636718989,0.03133762973130954,0.030374994405122098,0.02900456878286276,0.03243699534181978,0.04294310464143285,0.060270152811490264,0.05516511688609884,0.06281324780503905,0.06568876176319652,0.05662836089511286,0.059492411417970396,0.05825697697255828,0.04091678425759978,0.04183031628988388,0.03763508834857202,0.042048785079231064,0.04217345192078681,0.04049212571864747,0.034790010643953775,0.036123972158184185,0.027801668594982596,0.02174310815879143,0.01785311451890093,0.01788802703275991,0.017937798027316522,0.016359397000133266,0.017050808542227885,0.01884597298509936,0.02659580250733859,0.03173399940934232,0.0348910735435918,0.03635687115343734,0.04441740866696728,0.03997830206159344,0.04115206500953682,0.04386545506759895,0.03738061778598652,0.039840891336648754,0.03319243422944777,0.041624080806088135,0.039319663133911116,0.03382965779822167,0.03535648072683312,0.033211485366179655,0.03064931989491032,0.025806559108911522,0.022682007840756906,0.016178386594804053,0.015411250957149366,0.01560858318138167,0.015379856407167396,0.016131548586798553,0.018071392961324116,0.021373328629192608,0.027978963638278533,0.035052412548054614,0.036313932702192804,0.04410781210620878,0.037734356609330603,0.04050329266245271,0.04492954691449272,0.04290673662842854,0.047401900188856,0.04445835485175953,0.03609464714190938,0.035414977764124826,0.03674711397336785,0.03857747201072857,0.03573302507152322,0.02703366760901125,0.02124625142721445,0.019629555246668675,0.016055624147464975,0.0160737597367082,0.015055537656289236,0.014512617341391002,0.01759095465101198,0.021423585233643582,0.021441024134230536,0.022926219041965023,0.029839163647212775,0.03203926227512419,0.027927942334217193,0.03176731537411523,0.03241422543834567,0.03046254525631469,0.03207585933483693,0.03351847080040751,0.03068976698789475,0.03117142339266498,0.02991575748250425,0.030001388457677056,0.023039869497019985,1,1,0,0,0,0
0.16184075112715313,0.11095581355626541,0.09525353737176802,0.08654058718958059,0.07950206782325571,0.08050344855972845,0.08704297922026907,0.11137396605215202,0.17260006728595859,0.15692902431800498,0.15288441787930093,0.14400043223393758,0.1432164562267005,0.16496617484841086,0.17663196840297213,0.18961156740630264,0.16882077400115508,0.15044016504153868,0.181303972797177,0.1974331875299491,0.2061419191026626,0.22478407419347815,0.2306559463855599,0.19724264597545466,0.17047726504919436,0.13305682778074135,0.11331394429418963,0.08859692571083023,0.08107983571302087,0.07925108240903918,0.09160489309255147,0.13402093305079296,0.16685757051896544,0.17062496419611037,0.15739988223910895,0.1537450160131446,0.1639417929160921,0.17729293788962822,0.12689480692191377,0.12227342860064966,0.1222074340393386,0.12505393958895528,0.13108793291672582,0.11308003362943791,0.0859828188170482,0.07890580880864127,0.0944450908378728,0.08460381165968242,0.06558658542087242,0.04920253354576346,0.04323395008902768,0.04516154719351229,0.036853189870975,0.03623019812326081,0.0389847417778613,0.05727238741427553,0.06325564607640029,0.06000584650359706,0.06057977255652623,0.0690463560640899,0.06718140023266349,0.06654004811077008,0.06256642723351885,0.07113291134480018,0.08192403363053079,0.07216836497969155,0.07978731855467588,0.08555966562378076,0.10332391948926144,0.08954660115893566,0.0854304161794919,0.09468742556683415,0.06442646772938135,0.05786917231975807,0.04061454641492284,0.03724846418024355,0.03631391039914761,0.03382609280658707,0.037847619807758914,0.05123696375753088,0.07180197407055289,0.06545575837592067,0.0725647112111309,0.06716282314155343,0.05299068853984622,0.05460209914004475,0.05688751912103376,0.039636431557060495,0.04046428093242808,0.035950636009559646,0.040291106520568526,0.039158778230685753,0.039180394981768875,0.0337175204539252,0.034924765529113,0.027567694020754995,0.023491883207930928,0.01965018974162525,0.019284254166925446,0.02007417072193517,0.018173733653278512,0.018911182080358198,0.020961120315298704,0.02821521381503792,0.03166925025794919,0.03315423874215755,0.03609656381071107,0.040950993423948576,0.0391735647491646,0.03776294216153472,0.03866690672143101,0.03428535885357034,0.037700791515844434,0.03194753610864545,0.036380309406585404,0.034953944108689884,0.031272134314001575,0.032343829231070466,0.03192655139252425,0.02913128690365765,0.024109239662041322,0.02082666523904666,0.016273847540832803,0.015792247107891375,0.015657159206225322,0.01595523195454582,0.01633185285984191,0.01800712987696325,0.021771479037812628,0.02754248124649257,0.032419081201864784,0.031862390743157845,0.03893679181733789,0.03278607473263882,0.03340604113898764,0.034118320504944726,0.03279744411127249,0.038243823101944054,0.038362169509908596,0.03433493598841021,0.03321014496033314,0.03350812358903308,0.03461076122573794,0.033266124717783174,0.025925571924066387,0.020951978102545028,0.02051659416963363,0.017191701912972274,0.017124804192257072,0.016052156771674167,0.015803082140550522,0.018343447607560803,0.022371088166319022,0.022543199042702813,0.022777545358309625,0.026607863674992245,0.029576600629838003,0.02679901187022136,0.029717034108530244,0.029344703207278854,0.026629526633481657,0.029557677753287003,0.03153671661771488,0.030788170756265575,0.03028756634644833,0.029139707298820573,0.03020590021732426,0.023825051617659826,1,1,0,0,0,0
0.07300902581449488,0.06293816559975833,0.053773413945574035,0.050247555377388585,0.04624112650080819,0.047577372023932016,0.05249022392482451,0.06959371938208975,0.11020154488864761,0.10968856928053448,0.1153055814752656,0.12226321921739074,0.12291878950172176,0.14257881848982448,0.13416551641617297,0.13012559143953906,0.12361548316942364,0.12872175356984278,0.13118247843090433,0.12290053568981173,0.1161681793721169,0.12235771137454876,0.12437884308730361,0.09693869896850041,0.0849444984237673,0.10803326709103081,0.06036021519163943,0.05226926019860271,0.05218306457714028,0.05057605320690886,0.058570652554158865,0.07976965798823574,0.10500030890757701,0.12441433354137332,0.12657824415981755,0.13094699605575585,0.13410378093443004,0.14275564738677093,0.11677036312305897,0.0964096694253887,0.11117500153785094,0.11052341396605589,0.1111537028847617,0.09518804437490537,0.06379452774470723,0.051984749963773315,0.04641264600272761,0.04077372054168491,0.034085812565734085,0.028553424292161508,0.02801444027532907,0.027197013117849587,0.02639914301479392,0.02640693684675104,0.027799913505294184,0.03698389350198602,0.039455720742842815,0.04074493522996804,0.04231321434724989,0.04910438900621019,0.04755177209532777,0.04895430681379019,0.05006394449512847,0.04935617800122472,0.05103411290050263,0.052563755774600165,0.0643877342273467,0.055720514441569925,0.05493369619726709,0.04751995064340603,0.04183293299838881,0.0394701951346317,0.030844183634569082,0.03027299925780594,0.026219562457445906,0.025791604763973235,0.025940745436015725,0.024920761679874368,0.02751029165197617,0.03282482736967156,0.04163703828225396,0.04190006503656614,0.04752023541461648,0.05943549365471007,0.06288211275239237,0.06696778574604882,0.06163658401732702,0.04569046766650565,0.041382141515842984,0.03956454266114122,0.04729104215586802,0.04176886252961477,0.03372223685561287,0.029449217280436934,0.02634160496979264,0.02337361132120045,0.020076133372710577,0.017133429821209883,0.016785093195522016,0.01653393347288492,0.014781901165480088,0.015543612844478109,0.017153748473593928,0.02396546812353302,0.03295952866145067,0.0400621561166126,0.04469168426140917,0.051864692633372914,0.05043779015566957,0.0455529793077445,0.051654079370924,0.047081908115087945,0.04335119823308673,0.04546689153183922,0.048922766903805565,0.05965951629956249,0.03815934935025499,0.03252315310585118,0.030941349904882863,0.029314982360319083,0.023104361672351213,0.019254346437402814,0.016514225912479526,0.017160524306114016,0.017289128313059742,0.01719800194051727,0.016918415192353996,0.01785295371826929,0.027496624213399996,0.04033289870819482,0.04224546282048573,0.04804976947823468,0.05155267645555756,0.05186576942793326,0.042309317567308026,0.03887145603179342,0.042972058125964586,0.052137162129754534,0.05484759650053261,0.04495523228716489,0.0383339892401014,0.03215864195196942,0.0305347351374997,0.027103863819209748,0.022793322770337087,0.02138906467747241,0.018663307262972603,0.01769095782877857,0.017665983555669187,0.016906570594575534,0.016753861653347114,0.017444366404510456,0.02007233745260349,0.02508760164160554,0.029659420271465214,0.03626267876599529,0.037296439350260266,0.033360581594502406,0.03142982810596334,0.03124801568209252,0.0359169860148524,0.03400234808556747,0.03940433726460221,0.04104005676878728,0.03220119103931705,0.02851855772633838,0.02924090363787761,0.0257129226307656,1,1,0,0,0,0
0.07225471715998857,0.06435292160544569,0.05516892768856255,0.053118975966174785,0.050556225416233634,0.05211052892837577,0.059834647674821946,0.08115182873227342,0.13058337793616887,0.14617815864706665,0.15119175910165486,0.1820189283403555,0.1805478510230495,0.20243905324323147,0.1639637910204639,0.1497360314716588,0.16338299034002296,0.17400448094859783,0.1707450003853559,0.15864529009985048,0.14770500836010586,0.1432641766629437,0.14271429128220242,0.09897097225907286,0.08578851344582367,0.1402465104091019,0.06710354323814917,0.05994343522819826,0.059830604344612355,0.055911181825304176,0.06952268645345623,0.08642714694296137,0.13099005390919818,0.14565218845045266,0.15949228099914092,0.1690855598920412,0.18090274922953914,0.1842639552093798,0.1523193815934306,0.11751179112731307,0.1362336394728344,0.14179711518472085,0.1350835163466389,0.11922525666110922,0.08750852151009131,0.06907853028278976,0.06114464186293728,0.05197660185863705,0.04715835289536658,0.04070929406386755,0.039242608322567867,0.03918947683464082,0.037487402209915706,0.03801820890799574,0.04127282464794712,0.05157800025551625,0.05951825311718563,0.06153334340064845,0.06120986962154951,0.07830037969361713,0.06751076252238933,0.06634099330381786,0.06683342033878882,0.06401050028229396,0.06781113812162026,0.07063569005340761,0.0772443092038423,0.07119179831986214,0.06823562578695283,0.05951503556801524,0.05385576006806128,0.05188910681458168,0.04150602230384725,0.0406197850174683,0.03617366226210794,0.03653688309602359,0.036076772151743236,0.03434641420356791,0.03772083621984932,0.04551610823450214,0.06213067816334215,0.06354518519147188,0.07292874001709951,0.08491937056559422,0.08943505606013105,0.09454739327986487,0.08320375913190844,0.0613617507752898,0.05507121267729294,0.05402914290020325,0.06152178300833457,0.05467427398024819,0.04251771310553788,0.03962990451215886,0.03380517016517815,0.03080589904294822,0.027881360190811874,0.02478886947315944,0.023656622082294625,0.02267515695608016,0.021441625467847072,0.022230890139702832,0.0239107154737119,0.030994002186983102,0.04920575548019877,0.06002454708815729,0.06286881679620843,0.07333305725272855,0.0666758675323772,0.06386060400074484,0.07041895002749037,0.06455692579457847,0.056924205650371915,0.06261225684251442,0.0643714534470922,0.07901009078770876,0.05286553048866973,0.045366892482265206,0.04352310973867488,0.043803379779216695,0.03700169128706295,0.03190679564638695,0.02612568273679772,0.025575195175937357,0.025412938054961316,0.02628132241323372,0.0253577821556038,0.02610413410390328,0.040552017067995126,0.055912529786344166,0.05820968023118361,0.0672907372645354,0.06539138959014855,0.06999646617302212,0.05536790579612532,0.05033015173725609,0.05740514033441969,0.0686012800584861,0.07105151044366366,0.060774803225138854,0.05181083867501681,0.044316692866183095,0.04108147845913215,0.03909858357024012,0.03424384012289298,0.03195446610331565,0.031102407008243335,0.026253616782472573,0.02639586084464887,0.024960506405624507,0.024442835261579695,0.02469688597581969,0.026718295835111296,0.03337329220258365,0.03836738597605958,0.04759816516546811,0.047001823424515844,0.04310089670982182,0.03952003858609259,0.039050999578333676,0.04605316358141421,0.04360318332043812,0.048730781139166866,0.053763256096292865,0.04237503561702684,0.036136643567769855,0.04010882853324327,0.03451056551861259,1,1,0,0,1,0
0.10494134594873665,0.08561208670304703,0.07768586534181222,0.07482321718092164,0.06644079785175223,0.06194565608221912,0.071411026735011,0.0975292588526709,0.14888346746670691,0.1822228827733086,0.18858061745116797,0.19914931407831785,0.19757444476005853,0.20525074493558496,0.16956674101715666,0.1775879851366515,0.19491200866282252,0.18786417869536115,0.1446111430156387,0.16916026948623802,0.15735823722904513,0.1605593126153468,0.1531234987442358,0.13208091317175044,0.10450777792422478,0.09283742855782406,0.08277131711560756,0.07098009215562283,0.07005034807043378,0.061806200190498886,0.06757402873004596,0.09825116482469004,0.1561560254237288,0.15693960713576818,0.16742586081000838,0.17941709737666922,0.21947620956675573,0.2043620551821496,0.12488776125192966,0.08984372626884617,0.07818340125815619,0.09254297175292354,0.08697636254697876,0.08403654084766372,0.07344194463769603,0.06023332075677506,0.06282499315072802,0.05460373014517885,0.05432125908709788,0.04421573262569325,0.04256455005886657,0.0402279933322039,0.03891857716791424,0.037149202997427806,0.03865678007868789,0.04987381557668483,0.06341966839638108,0.05808053395837596,0.05567072202558722,0.05872368376415137,0.056487857234235606,0.05338837238472931,0.051178287704058106,0.0544861148504818,0.05804501533075211,0.0666412833526354,0.067071535407697,0.07377335681917659,0.06716178386125281,0.0628397298422565,0.06369877493116384,0.05606292449598718,0.04966578456868683,0.044474407506697955,0.040865817229349045,0.03991665168231317,0.03887799294154354,0.036796000989761504,0.036387355232066466,0.05671851999114862,0.06837539229979621,0.07519281879045057,0.07252874975783129,0.07136386168333822,0.07607212463878366,0.07366443041176525,0.11958589305231611,0.05377212197948594,0.051572682109801364,0.049104586503710655,0.04947990382778304,0.04918398382425719,0.047458491710860404,0.051383012208432916,0.04640696767935115,0.03752798769707611,0.03282128100522818,0.030322620512240783,0.025661201090680315,0.028069234582315753,0.02906799984340103,0.028158042925859696,0.02955481480680747,0.03494996141189206,0.05223563527517628,0.05515243760259804,0.049880276064426285,0.052058302431635645,0.04686087295654087,0.03874245829114972,0.039064788369131465,0.04044961950300977,0.03686571209139347,0.04102959837710382,0.04872761052554089,0.04474484825925519,0.038101616773253286,0.043965890033184706,0.037567751679665765,0.032627794678115926,0.04455387271688184,0.027296380874885662,0.02404964271206495,0.022316863215895457,0.02322641973263378,0.023426948587460635,0.02209288559992802,0.02344435439284463,0.033594127783199916,0.03882602076891614,0.050335331100537214,0.047763033756273034,0.042588161838732846,0.03925649235053089,0.035626720857289296,0.03910631082051097,0.03370825276713776,0.03833192434169788,0.04341515812621957,0.04734701735570707,0.03489364839586525,0.03765540514321793,0.031106810217853435,0.0325558015098331,0.03198441154287682,0.027237923907666148,0.02565303868475776,0.0260743348914564,0.024410733451156557,0.023949920066830284,0.023267273104326767,0.024543898575260355,0.02457083630712442,0.029837571541394617,0.030061302127344352,0.031131683070092446,0.036462655033376555,0.032059317753298615,0.027294895215652655,0.028605456193306747,0.03217981890938436,0.037299865060449605,0.04035591800006975,0.03935203227281214,0.03702905008231087,0.03370038228270539,0.033728053939812305,0.02811113258095221,1,1,0,0,1,0
0.10045930377259835,0.07976511979257284,0.0748050990073136,0.07331666992062172,0.06211286849090416,0.05883114826927139,0.06427943382387416,0.0864199774679884,0.11079849758225956,0.11617292104015856,0.11839485354501746,0.12506418150050252,0.12468819949251578,0.1500986101785832,0.125136418929833,0.1362210701164858,0.13509784803092856,0.13535999208511532,0.1265430724182802,0.15194650387034594,0.14088914876746614,0.1360185882019144,0.1387107152106613,0.12421153434295976,0.10038009078253672,0.08863446275219052,0.07965258258516066,0.06861264416121296,0.07593812534394265,0.06031156787301647,0.06508846188636383,0.0911195418337202,0.13213040031852058,0.12025282147285933,0.12290126821824095,0.1307817719904288,0.14861627826269902,0.15227804582942092,0.10021571662243588,0.07846774894022235,0.07453043271597476,0.0821287902295637,0.08484567943599572,0.07607097054631762,0.061785136016190685,0.054174017138308966,0.05431048175161982,0.050311583805539156,0.044717280574889766,0.03883884035483495,0.036828589727627814,0.03570251192230757,0.03511557634726519,0.03447188409809341,0.037829671671742546,0.04584638119328742,0.051980196764383924,0.04894622043703552,0.04997241780906718,0.04854307158173329,0.049537377362392214,0.047774622373579545,0.04717527130783358,0.04891260989050878,0.050301264712039155,0.058627834828408075,0.05639443946618398,0.06228149800078254,0.06003623196590306,0.054832101493365495,0.054839740498110356,0.049912366065442144,0.04485633455780058,0.04074177687876995,0.03853921169509573,0.03771057464138743,0.03724236757335264,0.035979567539515644,0.037134401514199306,0.0497914350612679,0.05762996680681768,0.06108947584597717,0.05474055343330097,0.05598421567971787,0.06066939194032646,0.0605807706554259,0.07471789054249174,0.04683931070452203,0.04674795673748277,0.04646810727435806,0.05073724357383882,0.049395656308040915,0.04903541651695204,0.04840871773474045,0.04433955381807345,0.03877938715239612,0.03403107376474665,0.02988761092659315,0.027387164310121743,0.028363786210465154,0.028173344453371725,0.028353050983924134,0.03012616242316614,0.03680100984429369,0.04511745532286049,0.04651268695247201,0.04386057786113431,0.04353439443858008,0.0387056741706276,0.03561929481083853,0.037673169383151066,0.04000503576061875,0.03720668289586977,0.040513990212563175,0.045283555560135795,0.04354277838642693,0.03971125253449252,0.039968802040351206,0.03445566513401265,0.03322548883940907,0.037755278428536085,0.027208887603986567,0.023688898771396717,0.024029677795837475,0.023817234726589316,0.024170242338490848,0.0230953103230378,0.024633450661384778,0.0294229296316637,0.032482742919139246,0.03875194206087965,0.03736287384499764,0.03606388051812224,0.03250863682183499,0.032639313238002565,0.0362205723230768,0.03328293736689655,0.03573680653536566,0.03711379583075316,0.03972100865779628,0.036352334703507586,0.035290596977562726,0.03306434516916082,0.03356048122315385,0.030254549954190673,0.029214904196862863,0.02564330523863857,0.025530904622845154,0.02375103804388662,0.023356403592628413,0.023039749006308962,0.025078607796221345,0.025874081452308895,0.030288781745298983,0.03084925905506715,0.03301439696158831,0.03813858165687477,0.03360398576869528,0.029331936327496845,0.02962810878618948,0.03178970898386851,0.03481456956643301,0.03591385424129368,0.037727514510210156,0.0354469797291974,0.034039191160958236,0.0318817824000543,0.028543924887546368,1,1,0,0,0,1
0.07907580269509284,0.04315447006495347,0.03845447735150738,0.035455056433322495,0.03497662318935447,0.03487611485705571,0.03692376261495701,0.05053470183050271,0.0637775343361907,0.055259193088724935,0.053623866459431735,0.05854759713601618,0.06069416381900811,0.06507889038776156,0.06372181838890592,0.07237151691770653,0.08507349582353807,0.08885292555464823,0.09470893747946663,0.1191445995204424,0.1023809482858769,0.08504805085901884,0.0934629000233762,0.08094844227001584,0.06603340888775963,0.05916857130840029,0.04815238271077814,0.04384376707365545,0.04528395062044174,0.03949811102395973,0.04366303702472093,0.058897642400302284,0.07862891918427346,0.07258019885981906,0.07153418830113167,0.07109749144558475,0.06798247005118481,0.07344969852324601,0.06379371016689041,0.056686870890646564,0.05782383166464548,0.06340230419226997,0.0690587877155978,0.05993097382425451,0.044738639455864745,0.04182298752222526,0.03655988228339458,0.03464273208201804,0.029670575057570082,0.02600661576026975,0.024215700614264667,0.023880480184502676,0.024017920560705366,0.025295565546527,0.02770953554346196,0.03377824627587851,0.03607146467231703,0.035316452900059456,0.03450225015838376,0.034979484122366206,0.036254614954965805,0.03421815084415962,0.032325376369721916,0.03525771707906764,0.03674990313993806,0.038190895839487385,0.038856763540993614,0.04306583893930372,0.039893815622679595,0.03469713315607332,0.03466665266053057,0.03224583376343702,0.030619942433307665,0.026681940434675953,0.02582545223663346,0.025046902788511072,0.025588283782577107,0.02542067356769611,0.02674982257170329,0.032932963398667255,0.037567002937483496,0.0431291479183133,0.03316182358776211,0.036055541701901554,0.0410863623015581,0.04126319107825785,0.03916638729009507,0.029506172555423288,0.03502054862501129,0.03416322237589479,0.03949825551556101,0.03636897280372998,0.034713821931779576,0.03394700519869798,0.029625175807988468,0.027248080058328517,0.02486923596073731,0.022161492939333133,0.021413113329889044,0.0204879049437452,0.02117762097798071,0.021847223786430687,0.02314704100283357,0.02724343465452752,0.02963355631873321,0.03058977259462935,0.029172628227809316,0.03065102256884322,0.030195888589658788,0.030423838481896393,0.03267735782097339,0.033633574096869547,0.033141638116193334,0.03514038992865049,0.039018890300999594,0.037846384602123403,0.034247721042845125,0.03136314924474119,0.02766231570016585,0.028233866532910178,0.027455317084787795,0.024983904466365964,0.02137022823352946,0.022611381874723772,0.022138721068759082,0.022926489078700228,0.02178422546428557,0.022670045449932348,0.023399149884664912,0.02637255509665573,0.027581862797023706,0.02664743584906111,0.027129315216844554,0.024255638082707406,0.024697290998919777,0.02905934684120036,0.027563425673386197,0.02952278908534629,0.031019548304234465,0.03023178029429331,0.0302774902007394,0.026973437717004355,0.027160323106596863,0.026608047448564053,0.0240276881904698,0.02594850125300685,0.02154789506130323,0.021498450047913405,0.01926336783247391,0.018711930225515108,0.019410864821569368,0.02180350063899709,0.022138721068759085,0.025072737880252837,0.02706143307981722,0.02967028607444175,0.03165814322293212,0.02945323084617093,0.02603733466689373,0.026499938859965648,0.027927977890752482,0.03022088563032654,0.029163720322855018,0.031422650871023784,0.029009901827810533,0.029718893036757562,0.027001931453534623,0.023467870072766264,1,1,0,0,1,1
0.07766477144927253,0.04205354501297553,0.03724376139610568,0.03438285664956677,0.03406089445554053,0.0337741410678441,0.035744721708234985,0.04913968241300224,0.062408190436447984,0.05367749243924646,0.05231388219452952,0.056719798000840545,0.058789521885558964,0.06309650119419147,0.0616740599828155,0.07023960107285214,0.0830170846560121,0.08658568072798019,0.09207200165327316,0.11629204748663978,0.09988976633185627,0.08308708313103702,0.09147449845077499,0.07916138280732507,0.06441979230879104,0.05768435103168913,0.04679621815840393,0.04250515095388264,0.04399864640422281,0.03824679545076533,0.04227156397316231,0.05740821332428794,0.07684716030054488,0.07078312119899778,0.0696600616852378,0.06923835677688418,0.0658336502802155,0.07151463085562047,0.0597578125773627,0.05252740008520266,0.053572898119286505,0.05835893980355435,0.06351319248922929,0.055154433292217496,0.04125083451927075,0.038458941092399127,0.0336748447851663,0.031868797530229656,0.027322781058159867,0.024056407989240632,0.02235395723928533,0.02205870296338065,0.022397005963327145,0.023507464387315172,0.025799073138995966,0.0313883429839286,0.03360566450612932,0.032787447442301665,0.032094462148084896,0.032511245668227814,0.03366145730898228,0.031800263372725145,0.030096257744001837,0.03269307217387866,0.03401563557673911,0.03536072580713661,0.03597940887299629,0.03975134255545657,0.03686528378286011,0.0320347638284067,0.03199595399039946,0.029836173002790168,0.02831020390716152,0.02470113458456972,0.02396076720138202,0.023280587450149475,0.023895391394378605,0.023825454944634852,0.025117764322358446,0.030723944879352892,0.034930846088433394,0.03986507882438407,0.030804883012790392,0.03351867175735085,0.03798647300287603,0.038163815524363834,0.03615784302243327,0.027244319203586092,0.032267601270136635,0.03148598380305506,0.03649212437003386,0.03357771980178693,0.032132182400289776,0.03136792716440896,0.027391368414701404,0.025163374298805153,0.022997766651864062,0.0204892508108836,0.019788773788927686,0.01907052637331481,0.019667917356727394,0.020379568776791528,0.021632739821429145,0.02541188486267666,0.02764851486726956,0.028524150373472005,0.027155379536571562,0.028633308719398086,0.028122294824643554,0.02821209297967154,0.030263849881907105,0.031210860260151407,0.0306071752443518,0.0324779215012498,0.03607403732589008,0.0349854440247804,0.03152624915517347,0.028852865729598415,0.025434815872512277,0.02592219538525613,0.025255611883232998,0.023012687478334105,0.01971931616306381,0.020917776993198998,0.020536347343838433,0.021202496453751673,0.0202273422610183,0.021046388406209964,0.02169975625459462,0.02453320168045938,0.025693155770597994,0.02484057459362713,0.02512580980971392,0.02236734375158997,0.02282681755949846,0.026798093750977303,0.025385942124886176,0.027172948915720474,0.028603632580534635,0.027818297479203027,0.027854942333788022,0.024895924258994267,0.025030094860920143,0.02451201087565121,0.022134528344669176,0.023911015299864165,0.019932999315931354,0.019852756237104956,0.01778792851957389,0.01732960301892658,0.017956708036372542,0.02016705136801016,0.020430760300633677,0.023131244728899332,0.024958648967546647,0.027297567650929697,0.029165469491400878,0.02711764500643623,0.023917387338725685,0.02441687361606209,0.025654153016183418,0.02776847955388158,0.026790600446773945,0.028895127344207103,0.02669457332032407,0.02724456985186688,0.024798463175250838,0.0216389361675879,1,0,1,0,0,0
0.026455459330504028,0.013361432698813666,0.01271472151961441,0.010718287041496966,0.013733792881394593,0.013296195803069294,0.014651490185085249,0.02099944858586633,0.026359701406949907,0.022177747094704544,0.02055247246932566,0.02061088075678813,0.019209817487653855,0.01953427624622832,0.01893562174783458,0.022284853237952002,0.03085755730696066,0.03197517426604517,0.03782146485034247,0.04111706145262797,0.033258042240245506,0.026437276081567207,0.029466453805415013,0.025638874155000085,0.021443346103156246,0.018949830923364816,0.014719923118265473,0.013522031369881511,0.014813522663470715,0.013185231159298988,0.015950591470965222,0.023367090745308832,0.03161539228072396,0.027942056472997995,0.02461745734808303,0.0237143997150173,0.02050538377851587,0.023273586513810413,0.011051186492835556,0.006460608900783499,0.00750729810144796,0.015216518160065673,0.012271238666909264,0.009106077616927164,0.005830749453279698,0.0038291956476407263,0.004453884011657388,0.0029406929294856013,0.002240709706170376,0.0024561801787570878,0.002768593835733681,0.003020065643711785,0.006202379123259959,0.005755719268957104,0.0070091973224428745,0.010311085676980084,0.011607222608580185,0.010880209930292449,0.008771305282015241,0.007440243443376508,0.0067518894548243055,0.0071556609547517615,0.006920674210059253,0.005293767396881919,0.005417194099691085,0.009815543061471553,0.010324612624141189,0.008715203243810792,0.005350645772127053,0.004437205046014521,0.004426813195699913,0.0031694160790533337,0.0025509696263444756,0.002768173589617438,0.0027506014487020695,0.00342278764023416,0.004768250201085412,0.007682906128543986,0.008086286528887161,0.011669221547612664,0.011315911277944627,0.012490666365017531,0.00874065256081077,0.0052245206113549995,0.0025615806167588497,0.002144531848897898,0.0016644926190451492,0.001078792284140067,0.0007830880724111848,0.0006436880360363071,0.0009870795821509076,0.0008964216269044586,0.000875778016154857,0.0008997440803816957,0.0006013624105774618,0.0005883313401260333,0.0006954443007464949,0.000855189736012413,0.0010054190786419023,0.0019103982124897077,0.0020273715227008,0.003122368278807474,0.002913376874344201,0.0030949652253346163,0.00311604819045669,0.00249193391172115,0.002302404517624392,0.003077104415520185,0.0021274612267162428,0.002657609571860067,0.0024022572040724834,0.002522566236666722,0.0025894086505547243,0.0022714550129725626,0.0014317271185059247,0.0011737738308859073,0.0007974328367909064,0.0007113724681903598,0.0004427712787168313,0.0005844841605809044,0.0005815166837549277,0.000524729199540682,0.00090510002749965,0.0010513657822532859,0.0017105211872792917,0.0013998326643800479,0.0013372448580697984,0.0015323206730178068,0.0019018540425921415,0.0028645192440996496,0.002725661669378948,0.0017997553990539252,0.0018939832012792605,0.000964734956566915,0.0008907017263131184,0.0007076065996651042,0.0006052583422109094,0.0006547455790885156,0.000666635907026021,0.0008831070980653895,0.0007555563177776851,0.0014135409039250765,0.0014596852703156339,0.0015976802693658243,0.0016914980773597322,0.0020177128171299822,0.0011827065837373056,0.0013846323043821946,0.0012261507169779855,0.0014131234757950226,0.0014334638606955023,0.0018128708216678007,0.001962066380902956,0.0017563327272080312,0.0018362221482508044,0.0020657095296585165,0.0023420619367512177,0.001779432861889436,0.0006946546939529206,0.0008213992411998782,0.0005391401612726665,0.00039617794610355027,0.000673164340440438,0.0010975278231798561,0.0005660466632836938,0.0003684052970842213,0.0008010719923641826,0.0011439347200177385,1,0,1,0,0,1
0.0042204815048340425,0.004007035960025365,0.007790910465077162,0.004882065846904309,0.011060689924910841,0.011471277799257438,0.01429626921314804,0.019694332007636522,0.021767330795314743,0.021301745583048582,0.01770396437662285,0.015828592215722078,0.012152865255370637,0.010113058589339963,0.00972178117062331,0.009414356956188908,0.017393898978769876,0.01864131818757744,0.031459725179696287,0.019316502623102937,0.012340158055631156,0.006547686725272921,0.0054986093476380605,0.005930422383646291,0.007670429903448966,0.006370998051099084,0.004938628743399919,0.0059827222362469545,0.00717636051825769,0.008619632434092535,0.013071787147355319,0.019667334545403876,0.026180155029416712,0.022146641254044825,0.015170296686573369,0.012671893519970938,0.011814101686923097,0.01189018340022277,0.012805889690674147,0.009396623332126978,0.013803314845211663,0.03242066939966468,0.025901716194634564,0.01894617916368238,0.011972465409432663,0.007598971654491174,0.00931910467074503,0.005854475820132153,0.0043259935026114735,0.004447966411427799,0.005013578529957082,0.0050633104105274225,0.010082079655773101,0.009808923187827454,0.012829480099687962,0.01951786679853352,0.022154489787321728,0.02081929220479899,0.016337144964729804,0.013046286766011337,0.012198182032772557,0.013894088283500913,0.013740906436755797,0.010311050370264216,0.010437443115949494,0.020037368990176174,0.022078521580618796,0.018312196006960095,0.010506042352914186,0.009058003478071576,0.009130303516603563,0.006281231759964302,0.004508668475026422,0.0050458527225312275,0.004800273771429591,0.005669604569125118,0.007938394125433986,0.012742651668430839,0.013496646413165416,0.02205838241399652,0.021427589384713334,0.024891375542956902,0.016810918390325138,0.008924020605676151,0.0030605000868945843,0.0023580938212701685,0.001805085922033272,0.001178125013197173,0.0008384998175775388,0.0007051287303943817,0.001026800667787321,0.0008957103435767912,0.0008523974902869701,0.0008730547731239837,0.0005820182583398956,0.0005499580634351904,0.0006810531213465797,0.0008409945782192783,0.0009941716912635352,0.0018979166582246511,0.0020204583486600567,0.003117206478056739,0.0028996949775339604,0.003080443970925921,0.0031016747690828734,0.002453419318102958,0.0022383978445210586,0.0029736479871334915,0.0020545853088679506,0.002615213542609079,0.0023701301617362995,0.0025169661925888223,0.0025998958313000614,0.0022582038703792065,0.0013803920138037804,0.0011461380296810496,0.0008030212964617175,0.0007233691976787696,0.000460906073901204,0.0006130816762869701,0.0005932756504258708,0.0005456837465476286,0.0009316900714190903,0.0010650611586022474,0.001737401686031684,0.00142043206086453,0.0013499705888643688,0.001551527118775919,0.0019455085621028938,0.002896845432941923,0.0027224375217407134,0.001838070585302802,0.0019123878462536947,0.0009898973743759731,0.0009041181910710583,0.0007096902563393096,0.0006147204462519356,0.0006692269476411966,0.0006668006646871798,0.0009010546488102387,0.0007556433902522585,0.0014534937664260866,0.0014970206173850196,0.001656110817281476,0.0017480170851083578,0.0020880702760655585,0.0012151747293840452,0.001434111002202351,0.0012703184900794532,0.0014510674834720698,0.0014725122792981348,0.0018493279773871372,0.0020147592594740174,0.001794184216691074,0.0018707727732132026,0.002097474900519096,0.0023903004389494147,0.0018149917532106644,0.0006839711436256823,0.0008013872601976115,0.0005280947396722939,0.00040027248798997625,0.0006623123501298502,0.0010685526962012902,0.0005399846573642122,0.0003394296381108243,0.0007805797236780216,0.0011428652234516503,0,0,1,0,1,0
0.004854704806805839,0.00446467194894604,0.00707455989758971,0.004932489992451994,0.009620988754063588,0.009926003045386678,0.01215951286541337,0.016528450585487974,0.018875454957620132,0.019148424153027005,0.01811165087402955,0.017257318055981873,0.013765579920138396,0.011230092693501415,0.011539603465408938,0.010354028967044415,0.016342407692938713,0.01696510878094107,0.026845547523288108,0.016664060276316544,0.011783352426817984,0.007913146389885512,0.006750567590649798,0.007144179993510978,0.008392595047342641,0.0066025803053954175,0.005170647505203986,0.006039522547234703,0.006972261964282016,0.00792227382618931,0.011590508932458048,0.01817847922331844,0.022746808864037384,0.019724723034811067,0.014473569623058204,0.012287027868310327,0.012477392028012287,0.0127192206819685,0.013095582339412779,0.010236729545701484,0.013402611409731924,0.02728572156288772,0.022481625856308522,0.016962745387374027,0.012176324682712592,0.007827381926841936,0.00937180699099059,0.006506024577901184,0.00509480777699378,0.005220564893784693,0.004979189703289232,0.005272493032361214,0.009217141923503052,0.008977468732039752,0.011415221873432852,0.01731967859341541,0.019267020416085013,0.018987841784125454,0.015312650112098094,0.013245290693582042,0.011996034729321743,0.013029127065000848,0.012957938111561379,0.01055492975539578,0.010435198038821179,0.01747474282183486,0.018952619243205727,0.01644939265550809,0.011041115575068466,0.009747335974074463,0.008476633628956325,0.007737426842420349,0.004743561065586208,0.005017062485257657,0.00466950605489429,0.005306207094316362,0.007282936841396862,0.010977434097134421,0.011803921356619937,0.01853222065362266,0.01823741811207826,0.021197569681071723,0.015554909602245532,0.011138526617581067,0.008286773790199113,0.00904797685486382,0.009047980761735864,0.006072915192866649,0.005380206625380694,0.004012406401296552,0.0034159400990492203,0.004530415572556776,0.003217744129354142,0.003226025320145429,0.0025288564966075584,0.003893940313974148,0.0023109886146195713,0.002101927238327305,0.0022480781463767967,0.0029815039736420792,0.003046718941378217,0.0041982465585450116,0.00431452480678966,0.004967711514112907,0.005614231566027038,0.005921211500946524,0.004557377336538249,0.005433486468888241,0.006142544334319497,0.005851316500768071,0.005954352052810984,0.004520603519031687,0.005713955434507283,0.004796893685591906,0.004140532513724842,0.003490633626161448,0.0024851162392983068,0.002973488005409926,0.0026117964885787603,0.0020999999357529065,0.002187486766058946,0.0023912798520976082,0.0022124532357959414,0.00289610522317363,0.004681865292891126,0.002575306864914753,0.0026327445854789668,0.0025565587767589527,0.003707767783641988,0.004735404974887645,0.0043898641584049665,0.004379776548348041,0.004688279300587169,0.004262693632300559,0.0028295265621658293,0.0035475887280742874,0.0025027095931335662,0.002408223712296686,0.0026673015138045037,0.005118534010099849,0.003613224606003099,0.0036234288110445186,0.0031619849614882567,0.0032998445702583784,0.00383240281667645,0.004551140673861115,0.0024841039091811875,0.0023607047166553574,0.0020934295499576653,0.002288023928503145,0.002201367429719974,0.0027286645390291516,0.003090735065959009,0.0031935218908128414,0.0033421455288845,0.003886813124832975,0.0035900953998310742,0.003511991847074655,0.004345029310863921,0.003383831037508344,0.0029129476374414346,0.003147650370648707,0.0031134005812423126,0.0035217810457828054,0.003362793945436788,0.0027284195451779784,0.005709454380158332,0.003007336525601821,0,0,1,0,1,1
0.012450075123495368,0.010079814188606474,0.009228939438714914,0.009003061127161267,0.00965292250975801,0.008642765668578368,0.010432448967256503,0.013502383197126122,0.020181516178936845,0.023349573586880893,0.03259659228190838,0.035239495612753476,0.030822939261864482,0.02434421875387034,0.028087011484403443,0.023206129369934162,0.023822016413208934,0.02273236570935764,0.026317995430428193,0.01819760359886774,0.019444387686854227,0.020973484992101596,0.01858062797928511,0.018835529042702505,0.018494624495987037,0.013405276036057718,0.01093011386365721,0.01096475227611053,0.010671094102072946,0.010433756320436484,0.012340071339521292,0.02282577321575144,0.023716504258366543,0.02230351061513256,0.021471042279857442,0.01871940251035216,0.02428550373451313,0.02650918081531859,0.024657522455757766,0.022661446698947343,0.0222792218817066,0.025747937339762703,0.025129749002626746,0.021763276690448256,0.02313831429762242,0.015559890319340868,0.017389970550423073,0.014834435816899357,0.013652492682381296,0.013051423106615489,0.009261787223966133,0.010743916135823681,0.010192540952904278,0.01074404898127932,0.012806076754658172,0.0198220269949466,0.019916626138707108,0.02384986879269476,0.02120649026144841,0.02242104580121858,0.020424301909734276,0.019099744449584073,0.01926415685086097,0.020049006121668857,0.01876103521745438,0.018990126772014025,0.020282659061437343,0.021349926933531323,0.022536974889775692,0.021350405022358142,0.013591458279168005,0.02122861640577302,0.010721129729580848,0.009698356025361905,0.008698376334899583,0.008358158722236412,0.009732780519589838,0.009179035277234474,0.011102995575676108,0.014961096392373191,0.016436907621093635,0.019844252416790407,0.02127536640271629,0.028815505309633768,0.03724554984768359,0.04485642928738327,0.047326728220087655,0.03292890653045113,0.030687024578877547,0.023514941212258153,0.01856569350552613,0.025335903656570603,0.017389432284195504,0.017048153911888488,0.0144590390067525,0.022750809296331862,0.012876392037127732,0.010033015276916408,0.010690520073066319,0.009540190416033822,0.00924103159919013,0.01014387545017288,0.01239761470526716,0.015741203004170132,0.020449523204004727,0.02572506971544458,0.01863791296116952,0.019644653737531284,0.02885118633599731,0.023963052308861723,0.025725150888277093,0.01713794850669693,0.024132462699974176,0.020105391064423224,0.021143722300550925,0.017574771409062974,0.013572991363492715,0.01642539872631298,0.015401401835600929,0.011691798703312285,0.012615399244887996,0.01365338926166211,0.01075928630545897,0.013491430264617391,0.020418681464567445,0.009486178410532288,0.010496707067428918,0.008862766064896293,0.01376952461001368,0.015034303052763862,0.013668890237445608,0.018579323563652425,0.020166833822892936,0.022303342849844754,0.014448829897022359,0.019618290563418794,0.01386723122823193,0.01319091377602626,0.014669611682523542,0.028101339485113553,0.020015308629833955,0.016083889352931844,0.012965680424839124,0.01335665114097097,0.01594158837765369,0.01803710394338158,0.010397718781439174,0.008610631738040872,0.007963484031215202,0.00791746548616241,0.007395890527800488,0.008493690226697216,0.010072114042767227,0.01185493497791575,0.012309127537797542,0.014412382069463606,0.011385948382468751,0.013691689403807682,0.024194429924062445,0.01796905685058142,0.01666786903176981,0.019248066988052554,0.017654022447809715,0.017440040904678655,0.019332372227955502,0.01677967317336038,0.032087163208122105,0.014166468090076774,0,0,0,1,0,1
0.01699114713716458,0.014332714288139476,0.013450610359719397,0.013394349589797074,0.01344674011560675,0.01262788701876824,0.015025889034411244,0.01877055112192945,0.02660755141770455,0.030125580930633028,0.04013095694817473,0.042678401873691665,0.03786514443745935,0.030632092856348287,0.03433229037656882,0.02976351812530619,0.030471114088244128,0.029288685855715924,0.03314003123869106,0.024619025749201846,0.02584747592972338,0.027584843402893217,0.024654780844216635,0.02507834715926703,0.023658570572125354,0.01799571380680742,0.015527407112333433,0.015606158504388233,0.014893707383611244,0.01505755616797204,0.0171572819298628,0.02883263997784529,0.030677675172096727,0.028643013289825155,0.02839207512390972,0.025118439093717415,0.03078854658688223,0.033377139381552776,0.03204548169521137,0.02957638441468323,0.028976905909766155,0.033342158444001874,0.03260319603712898,0.028368998816755017,0.02990131509692079,0.02172869521339948,0.02295963223095747,0.019534846269983645,0.018715228815809934,0.017657792472210696,0.013646960272593487,0.015632977064289764,0.013789107241182649,0.014655012737180954,0.017120715220895973,0.027040579250401025,0.02679355831952049,0.030342948077715627,0.027189879999499764,0.028385889426791797,0.02621780177811071,0.025071265483937986,0.025604928030413063,0.02654790169758632,0.024843440624816825,0.025367677820752294,0.028235488325422865,0.029785273895286124,0.029997432463157163,0.028776026110552633,0.02086625981811542,0.02817898639018425,0.016566134646730606,0.015392915084119914,0.014153643213059732,0.014019466063317889,0.015284847893485014,0.014403799891153984,0.016898070768474487,0.021674580824529062,0.023544942782705365,0.02743319295163408,0.027832718633085653,0.03556954613114791,0.044173599379460374,0.052504609833147774,0.05439769295572056,0.039858245308329654,0.037298924995108056,0.029619260477307154,0.025113252798326727,0.031564523604863816,0.0229156417718816,0.022657166186184328,0.02002153669740577,0.02888639481260134,0.01848181688833731,0.014383804453698025,0.016247252984578825,0.01337399970186821,0.012849369786867756,0.01374225048613289,0.016879850875081818,0.020650750589070635,0.026250367589680055,0.032451343748503905,0.025120675367053372,0.026051422181971946,0.0354338865114812,0.030111912857557717,0.03149578739303709,0.022912398667074296,0.030888824762727182,0.02587293716980706,0.027572275241470805,0.023307572582679386,0.01905354035762569,0.022174784536890375,0.020926286150502366,0.01724380293621928,0.018676335799762484,0.019633151094657707,0.016659938001628,0.018892015038092173,0.02506003175158919,0.013683469279018628,0.014953075980900454,0.01314751548992374,0.018664548995522036,0.01987687680452181,0.01835577425470388,0.02397940715475634,0.025859407068557962,0.028135152788266705,0.020214247423587378,0.025323359035125732,0.018757389914871355,0.018659616764910875,0.020274593094500245,0.03448544903837002,0.026046042041600062,0.02140909098081194,0.017750899734852846,0.01788624394686688,0.020521450298912527,0.022309766519839774,0.014550990581792775,0.012695251960571483,0.011862779791299245,0.011636102887706275,0.011041395376139051,0.012251533361728182,0.014192868054528745,0.01647175745011941,0.0170205816539539,0.019160890819029643,0.016261429883697286,0.018283147719020454,0.029244603664148668,0.022450224548368394,0.021323936110579603,0.024895964986400617,0.023322780421066065,0.022134471106508333,0.024953118440842043,0.022381786065091804,0.038335827949131804,0.01915559537773961,0,0,1,0,1,0
0.027137377879535737,0.02732397147941108,0.023597881551114176,0.024660057113749665,0.03011071512140108,0.021489079940720555,0.01887369903315453,0.024598765087644834,0.048654136464662816,0.07476658806993357,0.08779255042231981,0.09203977511832717,0.09887983583533472,0.1044060187956058,0.09028137479290586,0.09132187369337992,0.09858638270559392,0.0851952893365394,0.08361766732884944,0.045261283838101844,0.032994245365725296,0.03424417878967747,0.03854530695357868,0.02949498748712301,0.025189930454162072,0.021266425360686222,0.018594513596272583,0.018116676672758875,0.017416137232284114,0.018152876787059857,0.020827665125672377,0.029768393058383705,0.048773108394440816,0.05666263922317428,0.0807297940133227,0.08844686377614827,0.08863313668365501,0.09264850005227003,0.08559707709308141,0.09678486490081524,0.08387146183155629,0.07084075540056031,0.05302402671096282,0.041650172274536684,0.04216470805690033,0.039438139325576174,0.03833045086856944,0.05537333994634454,0.0203248199057065,0.018799815789247706,0.017018676536534296,0.01785473260747918,0.015896019535243378,0.017305884219517963,0.019934387497316713,0.031942675479019425,0.046804396163584276,0.06913715063049072,0.06724271060016036,0.07655737118602533,0.07526384843562635,0.06260152109633384,0.07034003215881193,0.07759645327729352,0.059998498182202646,0.04702738065296649,0.044683513892886516,0.03903437301630577,0.03968170457927193,0.02899585843270673,0.030755895813596543,0.030485200858219128,0.020904066138089778,0.020338245044759284,0.018271523848481463,0.018704204773498913,0.018910007512539767,0.01889103244583129,0.02086715031850489,0.02937116525656775,0.043851769710796774,0.05049345394592036,0.05313601942299771,0.0613181935807062,0.06834342485480752,0.07397466933172003,0.07208757144008306,0.06530049864156173,0.061238721524447114,0.059436166354750526,0.057345811563314426,0.033665036809295404,0.03007102697486858,0.02602089470237433,0.026597756363625775,0.02899862302035218,0.02351755749368434,0.01783003568886985,0.019387271267349244,0.01582453383104994,0.017115665306207242,0.01799038834198482,0.021521880114578347,0.02862730354176474,0.04280434002990866,0.05672048274257064,0.06630654072183231,0.06754979606020185,0.06008547837334798,0.07297387458348893,0.07640670146817063,0.06057299137723742,0.06373173563301464,0.048110988968553065,0.04126783206927877,0.030087744497595874,0.036272010030374294,0.0276030803679001,0.02790171681657919,0.02659325956481136,0.02391141315276739,0.021363533319501037,0.019475788967070144,0.019710166590416564,0.02106562413121861,0.01838659517758378,0.01768831461432344,0.018251452226733827,0.021062515227231217,0.026270326461096016,0.02542932938404248,0.028507271021653256,0.030953740112421767,0.032255582414510056,0.025479272701240598,0.02754447896501821,0.035544531147821766,0.028969811833452784,0.029378691111379123,0.03363824067574463,0.029353396840069417,0.02834560160423445,0.023752664792555396,0.024514983261383645,0.026369429824200458,0.037445498359212126,0.02886835964577724,0.02441163920638533,0.0348812392135739,0.032298816033553966,0.014512974627718146,0.0160384863144581,0.01802943065278581,0.0538710768229428,0.019348332184253504,0.024837629867863774,0.025918491030745085,0.022134539454022543,0.027120712311092574,0.03069151667810899,0.039884636508151515,0.04703932949963735,0.035751289275713034,0.023738996076817346,0.029470728675710153,0.02731846171025993,0.03268633503334823,0.021092720902824453,0,0,1,0,1,0
0.023411031531078378,0.024399607526624893,0.020533005294913195,0.021726287223556493,0.027995451531322168,0.01911129765144339,0.016083764551078038,0.02164244400279827,0.0469277515770089,0.07543971768752161,0.08734660692402757,0.0942464612231344,0.10139455560819344,0.11387566246173414,0.0967358216336645,0.09784339947484502,0.10629761413486599,0.09113925028734195,0.08357552190735609,0.04513311184335792,0.028840758966571553,0.03141070177590273,0.037414396868896346,0.028031289593161528,0.020154273794119333,0.01698051658879555,0.014541021721033118,0.01407603523114232,0.013695885090681547,0.014706515169513533,0.01655001758584162,0.02293747854867028,0.04368198579274507,0.055624735445391205,0.08263811821661199,0.09296647136832153,0.09137799712657758,0.09662354103943455,0.08718461859537406,0.10047581204144372,0.08651731172895227,0.07015126696338661,0.05019669567323154,0.03746640110366672,0.03651921803323495,0.03684967306034064,0.03503951576831743,0.054159172798775676,0.01595251703065095,0.014458380710005126,0.01419975572213264,0.014392229939179742,0.012952139700255437,0.014227135644750002,0.016743636833060974,0.026615987432362105,0.04558737092237608,0.06958221257038864,0.07024138236849038,0.07971726995901214,0.08226254296965158,0.07151118074204113,0.08060214654676198,0.09140631865289803,0.07222338418153157,0.054669426321797325,0.050865965232790654,0.038743614750492386,0.037602266422696075,0.027244911941451944,0.03198621963688965,0.02784552301918999,0.021799276877687488,0.019674893002120438,0.01715133716793335,0.017399432295435984,0.017585715267549467,0.01870443250553316,0.019592682613995837,0.029010503279404173,0.04706952829048828,0.05755011793229404,0.06354194493081713,0.07097299359581546,0.07400339089451263,0.08238198594955015,0.07590666869024482,0.07410219495067445,0.06946419092230463,0.06922344438444665,0.06333069955378856,0.03638658016707488,0.031642560659570516,0.025955097349995782,0.02749227171110065,0.027643694914582195,0.02337656207557345,0.018426924065492765,0.0177578223898399,0.015763330175370002,0.017167428267455792,0.017605143077996033,0.02032685226815341,0.02912634968362271,0.047792144297417447,0.06392752155122812,0.07846567465297906,0.07741311250100101,0.06861669701535904,0.08682401629425758,0.08847056806749866,0.07370012031417304,0.07682470611459445,0.054751717097806754,0.047614959239246565,0.03591790602459656,0.04063326217856142,0.02877461655617585,0.03243063934379022,0.03598139941357845,0.03407650061192704,0.034616505000263115,0.03570123483095807,0.0290274536049141,0.01990596086450113,0.019446619577401868,0.018914086166172628,0.020034297582976503,0.02099342536260884,0.027869697589859167,0.029181938025394132,0.0336065457633278,0.03148726863587075,0.034072495676370794,0.026690449356818136,0.027097252178376677,0.04055484317131519,0.03049996697117058,0.030108943226660884,0.027586591025399107,0.026428690653058515,0.02834762430804098,0.02744876845516216,0.025631905286813816,0.025114603673289656,0.03624859961727461,0.029616419322571603,0.024713030280011497,0.035305856319061434,0.033767458172880425,0.014530214934406774,0.01569812077499607,0.018039623475800452,0.060315156340216634,0.021385409872693783,0.025704214475529136,0.02828427577838321,0.022418844152037435,0.02389587550074804,0.034634761945219535,0.04717415190453833,0.04714905534113705,0.03611064197949525,0.021754235269514945,0.030179047200606324,0.02725500145454476,0.027399889215095324,0.019324692021707213,0,0,1,0,1,0
0.007106126962046428,0.005501885052894741,0.005090895304733126,0.005153445619300305,0.006606864553733721,0.006532548229688079,0.00919363881843008,0.012092755972265046,0.02035196874560136,0.02661798905666521,0.03283066964526984,0.04235890221304404,0.03620096581308038,0.04645772025690739,0.04487186581417037,0.03939451628751342,0.042837657604760784,0.03838877047319842,0.025943327753182505,0.022780296392902917,0.01497519532420439,0.021041556677381,0.02151321413216406,0.022660650398283275,0.010974419748130121,0.006944281378878421,0.0055881323943547,0.0056567143932818404,0.005933927802245279,0.006958380965074094,0.006812741507299066,0.011584981231138674,0.016132165505955573,0.022748604345506542,0.02708541247860305,0.029189993704792905,0.030740989556893056,0.036158393028283636,0.029049121047597097,0.030945090068060767,0.028579165400928544,0.027086008140319945,0.023386731907601616,0.016513978229530494,0.013935927615369579,0.013269547871325645,0.012783956722583693,0.011180192584704329,0.008393452891070078,0.006930843860872576,0.007150983884100301,0.007623658357936183,0.007411442170027718,0.007389679473644996,0.009698701890610494,0.014302133860632399,0.022841983909293363,0.027354330207588474,0.0310903554892476,0.030932416493952196,0.03913980843732468,0.046855554970493804,0.04938001420527348,0.05934558573208356,0.056185578071480884,0.0462797094082571,0.046261844254806575,0.030502649517897155,0.024946236837400316,0.02677078939572098,0.02614196920298028,0.02356223749277926,0.021712575801805203,0.01591547602084247,0.01319053997790575,0.012417292990452125,0.013899798728866783,0.016076527731519984,0.01591498264896901,0.022722672092664445,0.03262099246325274,0.04751138640903722,0.05686795484383365,0.062121431345600615,0.05929308135992983,0.07538843322373351,0.06425727616777971,0.06254861453719361,0.05909052215193754,0.05459985267058375,0.03922647949209472,0.04170657562928278,0.029012262625717537,0.02415828871637105,0.023829800333254346,0.027339523275669804,0.0199968142900802,0.017384330975233217,0.013665020047828989,0.014656954065232734,0.014117093286751179,0.013742114996575048,0.015001425459068041,0.0229436184064753,0.04057174234420949,0.05173944872377186,0.05565605687200756,0.050130283457681696,0.05881088410485872,0.06500018637571899,0.06053092969992908,0.05748107046635614,0.06625703390991586,0.04395948644194746,0.04671657827454933,0.04186754638811658,0.031240709438343485,0.02710761590419935,0.0353918303452793,0.04549321118145815,0.05055360163817146,0.06051585007661964,0.06649403493161513,0.04824130265882154,0.02467514719262483,0.01783819996985443,0.020416220247991203,0.019612530767159672,0.02048161454880459,0.025667618145379045,0.030084227222802695,0.04007920478209992,0.029165926074357782,0.034949342824228506,0.025582669918908223,0.025815201133180275,0.03202548493054042,0.02338933667162982,0.023033308521578973,0.019910259898921142,0.02020146061104155,0.023158630999799396,0.03015880703978371,0.022928189538321243,0.018832629747336557,0.018076061415743683,0.016110495502209714,0.013631064589368021,0.01112118884220228,0.014099281573951622,0.012754634456172094,0.012921123943408445,0.015614384083674432,0.030602060763973184,0.0248845757340966,0.022802806779647262,0.023811798507919757,0.020673746137106267,0.022126819817139553,0.03407336307287379,0.04061105817531922,0.023030183642271218,0.024105969083591822,0.018163606246296465,0.02840701004495544,0.02368283693539996,0.026470019640713754,0.016602761483242634,1,0,1,0,1,0
0.007291059023195538,0.005862657262177092,0.00524236714061001,0.005345549851798014,0.005982613845660734,0.006094700467633134,0.0088264484708004,0.015296463225806795,0.019321847194612742,0.024206411891240804,0.030286625635116367,0.03194429344664525,0.03107630189552641,0.037269908001275484,0.031144494550906877,0.02747326991358422,0.04714458937851169,0.028244125666285737,0.023609549427556886,0.016846927743543866,0.013218853320780403,0.01326936947626479,0.01384010759263491,0.011862190044634588,0.009629828182319866,0.006955952548205769,0.007092170509022142,0.007031160312114874,0.007080221566377422,0.012841538526515326,0.00878653617827111,0.014442627338193568,0.0191070708279747,0.02106292897212632,0.024807183998419056,0.024067507709970803,0.030211338460529924,0.028862578724095044,0.02636215452688978,0.02607674678231515,0.0281471328842863,0.02427467442602491,0.01989407817549847,0.020321159723795505,0.011301072364523058,0.011784823155089707,0.00994863454347179,0.009861338074765255,0.008393426694344128,0.006970832700250982,0.007502390184522754,0.007307701582966683,0.014164260942050137,0.007489002132965588,0.010396337281756483,0.015783366291016798,0.023988290244195912,0.025759018868351143,0.029012660367033635,0.0257181511638884,0.023788873690012906,0.029465107619757937,0.032252983945454866,0.03384573352664615,0.03635276624208897,0.026771573793386905,0.03030123250803982,0.01687205052888374,0.013553592124001264,0.01575569709742272,0.01815944920151514,0.027100110167694525,0.010104571446111219,0.027044856101723126,0.00708824794444215,0.007281784200970455,0.0073551845028708394,0.009347984624866754,0.011407858214181424,0.015725430605537414,0.021875467252027048,0.03010749615976232,0.03117506376375058,0.03188157089036043,0.03571573029119518,0.035020222964881664,0.03857823720092561,0.031770421388084905,0.04420249612527549,0.030076807318196265,0.022872435368613282,0.02008024986822639,0.01653442782060383,0.016134785158457315,0.016149430874926228,0.015672526187889356,0.009978709845047423,0.009205570331469891,0.008987664899137552,0.00883574739869399,0.009227185846980897,0.009673960632671232,0.0120270822104275,0.01860764024997655,0.029380072497289134,0.031180235593473417,0.030043108228885517,0.03166644385335766,0.03304819064656652,0.03334465764147764,0.034001660287932056,0.030128054730526023,0.032461252931690485,0.025248196122556545,0.02851068911254986,0.023159294722660102,0.018087869361112494,0.012533420908370074,0.01941568586968813,0.015163959663419642,0.016257005856337416,0.016118027203907412,0.015816318710851082,0.012795051039001276,0.019996076634622398,0.008472206938306675,0.009116289393396497,0.010296456408857325,0.013374677629144098,0.014189098450345378,0.014879786645621309,0.016177136176649117,0.015800629058230282,0.014644101639066797,0.014702093366364029,0.013992949695543589,0.015869551311893177,0.013479487685172039,0.016539922021273242,0.0212643407045982,0.024043960135587652,0.026342808050722512,0.024011863151076496,0.020244327217681237,0.01854266159457398,0.010267782005789686,0.009818379862675707,0.009181593142736557,0.005914058419267089,0.007628831943961927,0.009790044192140124,0.007249045151665688,0.008786373708215594,0.014043387234761872,0.011726082450270504,0.012442758769694744,0.01336841183763248,0.011120188907454155,0.010921740102914204,0.013672870076662434,0.0167167782053214,0.015953641852607274,0.012271909296730542,0.011106340243434876,0.011506452424579958,0.01073860262716679,0.010539754698877612,0.008659801717283254,1,0,1,0,1,0
0.00754804919548098,0.006004001921604262,0.006588283904169256,0.0057739132401650566,0.006104936008954614,0.006751962987108616,0.009737924448844172,0.01533081152320214,0.018864963624195843,0.02240413609723797,0.025450306281920552,0.02554545393666251,0.025715409536439984,0.030783261698467193,0.024951107300111592,0.022087203229177628,0.03783897657220951,0.023681551521572856,0.020305042030511627,0.015563072699378086,0.01334527275504986,0.012048329054213732,0.012212290812978373,0.010661466502280495,0.009090157586990846,0.007406340085857433,0.007432009862330826,0.007431418493148127,0.007652739968276178,0.011925079251360937,0.009083378255066912,0.014309249151941403,0.018183995722694933,0.019718192963566604,0.02231665455646338,0.020917793571769226,0.025589400171163335,0.023571531795631102,0.025244056105948924,0.023391809971408228,0.02451644348225666,0.022444505196901072,0.01862267548629823,0.019701294501455045,0.012294857478928632,0.011940532562526869,0.010559402716532777,0.010785384439757274,0.008598146188187748,0.008104338707579506,0.007727430803494412,0.007688064231226876,0.012609764266424508,0.007973641908984225,0.011057485081083793,0.01650617720387281,0.02842659044952216,0.024245740304283756,0.025293386803720893,0.025244836655538283,0.02418168999762612,0.02469799472834843,0.025979646156293196,0.02654074535989277,0.02906510743052744,0.021269097392736948,0.024852365580151935,0.01576774845303836,0.01202520001732016,0.01422023571108811,0.016283425207219007,0.021552216168243626,0.008580250516855365,0.020704733450778307,0.006528065925499924,0.0066522667036055284,0.006500750920533207,0.00795236988300079,0.011550942523635317,0.015670418051676155,0.019776202061115866,0.024210917583287556,0.02572146202382517,0.024303054478107742,0.027770203102565477,0.024403220586435837,0.02829552149072707,0.02825111918450717,0.03345655891425827,0.022686237514214003,0.021190630538366298,0.020203109828966472,0.015857727443448717,0.016287173658893737,0.01655331143680517,0.015305543446883998,0.011595575264331057,0.00925196691504589,0.009430767753758958,0.007719147220155383,0.008218218098714591,0.008917811426917954,0.011374066718844946,0.01847432203462146,0.024971398204795946,0.024814055190800138,0.02385635564833758,0.025158490494598153,0.02574368699953748,0.024801408147524073,0.02580119861646586,0.023571636707293165,0.02496845826347022,0.021872258229155273,0.026777310273008965,0.024419839602477726,0.016792732369882175,0.01200980440621876,0.01474023706199506,0.009892735410221454,0.013132165566812059,0.010674706641293193,0.008711415502678623,0.007757404861043841,0.014587049484107887,0.007083319378266608,0.007617576480403248,0.009738136296443234,0.011990622112638917,0.012805514683462244,0.013582596265894796,0.01491064256587568,0.015408435942495814,0.01347190348188888,0.01550171694197638,0.014797657661376985,0.014877966792184899,0.014126902912088705,0.018971529970189745,0.019310237378471023,0.021535168190319955,0.022162338110952553,0.019181062581610956,0.01695874058019023,0.01596654393469613,0.010502653814199818,0.00989474424176098,0.009852305881702586,0.006411973113918674,0.00671231730581658,0.008404608235287058,0.00690314363973656,0.00877482165646194,0.012272883132894697,0.013993576749445081,0.014965659520268959,0.013496130673615422,0.011578063519733691,0.01047187889528694,0.01274472670045712,0.013916724344003534,0.014513642802839788,0.011105390210456622,0.014581358324575156,0.011774876791457943,0.009758864280709352,0.008740574439913384,0.009029327031973707,0,0,1,0,1,1
0.018904620188239005,0.016018130369302677,0.011307336684573526,0.010270633705469828,0.009431337277295638,0.008655803199585902,0.010997364396196528,0.02156531615092039,0.03428908856226861,0.04005410785673139,0.039274418235873444,0.03794582302455148,0.034790396163522315,0.03537343625627235,0.03236476414664561,0.02817365165499921,0.030936895392938646,0.029212181477595765,0.03889301860068598,0.03178017541793608,0.031652506512231254,0.028611936700980355,0.02688370489360733,0.019837153203433277,0.01643755705436405,0.011371575218226475,0.011026987659574241,0.010355753034071047,0.010389874516355042,0.010789597791978777,0.01253281294658522,0.022074462117961106,0.038516892770352126,0.04870512087364051,0.05165619667445598,0.046143662311745604,0.0482889281827865,0.05010359899245061,0.045512777496340466,0.03485095023014472,0.031492476243022004,0.029325934917346475,0.032727896889155186,0.031801228949053566,0.03146530711106496,0.028361699389250525,0.024469775054731614,0.02217730873874879,0.016101416526023205,0.013303552137362682,0.012232639994613407,0.010941889265236903,0.010313645161097711,0.010150841731864917,0.011772220488198147,0.02191121080561173,0.03116197071198528,0.03576154667139731,0.04249664974630956,0.04316760568130415,0.044017023884055095,0.038920058287969614,0.03421496670131689,0.026103864642440442,0.029861486840187718,0.027425974545246774,0.02967350827899206,0.032196611184107826,0.03545553035181484,0.029947746892750125,0.024680324176966043,0.01934738805090919,0.014702459325784437,0.012066122454515965,0.011030148379956074,0.010132324286774743,0.010888943229888853,0.010174847622703442,0.011333062684412053,0.020632446022244365,0.031326709632125645,0.03511773736391019,0.034925181850006766,0.03413194597716028,0.03286998737480896,0.039071462174040616,0.03229203647233638,0.027779408927212982,0.0257576386323567,0.02493684638678291,0.03135728243784138,0.029712968713427605,0.03153560083711049,0.028600606802716633,0.028705537190928356,0.023268112093676033,0.0226600878065134,0.01345925700680926,0.014754566743191247,0.010888732054825082,0.010966861091859396,0.011442245471402197,0.015742306996831015,0.020891522673345184,0.03485310266894724,0.03458855601876119,0.03667142423304692,0.04909758589779982,0.04676447686976455,0.04059461200562061,0.036229501295668425,0.030462167963473556,0.030695440469219296,0.03254157525826594,0.039119731703088155,0.04073074670986949,0.029588277972715363,0.027717364216900266,0.02954546266330166,0.024376274579370385,0.025699697974548647,0.015253415732233882,0.011779703228593907,0.011288427149627652,0.011494040207575008,0.010648741042669075,0.011339674270664641,0.013483818052298563,0.019471969229963332,0.02487719627217315,0.03272505124529036,0.03368321403446307,0.03211926428519061,0.03045893616139488,0.026590715812691745,0.02693404989438066,0.02248928416199388,0.022382501206439122,0.02437661433280833,0.025571326508543588,0.026953147312465498,0.02916661405217201,0.026373234167552974,0.026987659284769077,0.027415884237364418,0.0257426001682204,0.014168853191308357,0.011797581286383611,0.010107082077505731,0.009290977703096824,0.009184847645959561,0.009670765860997327,0.010997612049178693,0.01306648018715724,0.015336952679526889,0.017725430348963695,0.0207026183668955,0.020300998093200164,0.021246088590933902,0.020569179081727677,0.021362111368447827,0.023211567753384232,0.02274068378129384,0.025959885779287793,0.02104721579755055,0.02446222964082761,0.02145587010681119,0.01741887622887361,1,1,0,0,0,0
0.018367040048887607,0.014813083801047086,0.011653286666068883,0.01037815654702519,0.010315621889554465,0.0094341181222183,0.012510624756590899,0.021865545906058152,0.03587294076958566,0.03736732481171821,0.03509661018777909,0.03004363892952431,0.02802644411622152,0.031726579354553947,0.031896247563372615,0.026995109065297174,0.03208869916903658,0.03550134336361703,0.03574687913584032,0.03817814327853122,0.02759694578155856,0.033538253876766115,0.025367023908575793,0.019558612870603096,0.019706351747533216,0.011348818540854764,0.009842347880256962,0.009987135484082272,0.009736701554341925,0.010190172788135728,0.013595434884778462,0.022664335765840295,0.03790016480320986,0.039933722424181105,0.04134476920526555,0.04546628305699622,0.047039666251301016,0.053334911933611964,0.0496112021676636,0.04772491454283712,0.04764811060525831,0.042343407373061984,0.052312575845745085,0.05130534486058275,0.04599325286464462,0.04218710747804927,0.038205235048099924,0.039041799637523654,0.023320773798577936,0.017062010242799637,0.015682574747802866,0.015194613975067313,0.01370839310412911,0.014117901156166021,0.016242527853311598,0.024611443982714098,0.03646016785280568,0.03430083231843376,0.04194570726572915,0.04080458569636462,0.04345654557159531,0.04783443631311003,0.04095185784753562,0.038850466240152357,0.0450953501270982,0.04932479225625838,0.0432878279774948,0.046188810312419754,0.04739205759190136,0.048046617667417,0.03892055900314182,0.03247749033627361,0.024284382720306037,0.018565657476313925,0.01526172330501316,0.015273458093489274,0.01431406906563599,0.015153127848360917,0.016685262126045514,0.025548873922545977,0.03575971451697797,0.030693469822558345,0.03548606574020359,0.03551195804806257,0.03717675930165483,0.04930818529932608,0.04700726508445525,0.03360781418233729,0.033411681252246035,0.032566907768745254,0.03523280987370293,0.04088860843338443,0.042317018389441,0.0435098010948295,0.03538921397579661,0.027060498024101754,0.01905001080812682,0.01501018637160748,0.019997518453199723,0.011190829895069754,0.010792475999331579,0.011859278446258484,0.013597362275013776,0.022048117763770553,0.030575408628476422,0.03194902797609216,0.03786521269930262,0.04856078349009916,0.04212732405153535,0.047536549595057806,0.048643335279503506,0.037609068585748986,0.034935601563635406,0.03587393202195787,0.03847346407673416,0.04214018760544287,0.05903230291862704,0.04694041036932806,0.03926734723016658,0.03146089975215317,0.029297284529014138,0.02179184899088473,0.01637952339739077,0.01633784128367886,0.014561732774749807,0.013140980138779745,0.014587787840740178,0.01728518762155701,0.02330902132042904,0.030050626733603945,0.03459999663043024,0.036958790883141315,0.04214503238176704,0.037174368949865866,0.037145719192807826,0.03890051717598926,0.03929243952586094,0.038034591926774386,0.036011593737453655,0.03682718455691205,0.04604328800121257,0.05339284603512485,0.04512511265082434,0.036935745186807596,0.031004865383974886,0.027191151004110004,0.017362060652785637,0.016553904725029562,0.01529677157983428,0.0147545479609723,0.013836604353153632,0.015623485485993746,0.016362066769155074,0.018031901025860227,0.02371419282234507,0.027007194338400962,0.027595348522394706,0.029445088032639212,0.03253803093268722,0.028926509355851643,0.027486555033061903,0.030616798279763883,0.029917518215754026,0.03667401293023888,0.04688852830471878,0.039452042480810016,0.03332085658063661,0.025858171716844305,1,1,0,0,0,1
0.05580552636495182,0.028761866072555285,0.026076029660743752,0.025165311459996918,0.02357451936156903,0.021416523153239858,0.024507693989405468,0.03510956797540976,0.056128344332896485,0.0567359511054775,0.05063536623019018,0.04586913740889645,0.0467428457954135,0.05449842883324626,0.05247879337685933,0.05750623240437679,0.05472315940608679,0.04841702955002505,0.05828946344327815,0.0708129380084099,0.066422554893699,0.06425304791156078,0.06708129054498688,0.061232156618931416,0.050474300934665685,0.03179679958327805,0.026158596656134306,0.025067982528394345,0.023783076821428103,0.023648174822951947,0.028717003744773973,0.040670011411694684,0.06081905022212127,0.05489995591691843,0.0565780472527345,0.057613716053673825,0.058839161182903985,0.07107750972134906,0.04717611943788094,0.043942709235879354,0.043456583463913005,0.039362513015181226,0.04522281509235098,0.04341863887592959,0.04009960448325204,0.038515097777888495,0.036269900584076684,0.03658614422546148,0.020212256624619947,0.01706174534601519,0.015275109364561201,0.014943844468945163,0.013593328395159265,0.014227960470613366,0.015308993299835682,0.02224256587363584,0.030238381494809206,0.02887709965713775,0.03283590653384264,0.03576294970406872,0.0343014570961555,0.03860646497805254,0.029395492996203455,0.02959622092431453,0.03503495113882235,0.03065643431084161,0.03314257560086224,0.032298816287153385,0.03496853533298833,0.03793737134276457,0.03338027083335909,0.029420952476583717,0.020830629299531795,0.017359908426190715,0.01497523410345244,0.01510900692361787,0.013163562858554627,0.014303411312570277,0.015507091476651339,0.01995822132023455,0.027644210985199404,0.02397860109867499,0.02699536879838738,0.028127975666482178,0.030904800726718827,0.043313374169604506,0.041043067584422874,0.028821934683837303,0.02842641379769341,0.027830231977305945,0.030369169716734347,0.031350874325978426,0.034508425951280584,0.03451934980420486,0.03082070931614983,0.02178143387675341,0.013914314033372276,0.012409918181303698,0.017377885652726566,0.0106844260049313,0.009655484272526682,0.010842137515296186,0.011495550136924774,0.018998634952448815,0.023189455473224575,0.024763568342737345,0.03010418024214024,0.03557321887951932,0.031335938532733976,0.03869069356866997,0.03837168094329368,0.03165096243242182,0.028277366731756647,0.027030829645708677,0.028516584992067582,0.028970167238195704,0.04095450613652869,0.03313620481730676,0.027639470235012936,0.023497078543998632,0.02017282311524109,0.016757742263517623,0.013889064566956141,0.01438066445487788,0.012914657254701506,0.012113746792023336,0.013220533840455816,0.015220118256285125,0.01903543835336383,0.023243186045348082,0.02753865106458995,0.029929086534567734,0.03384836178836188,0.03039590808769942,0.029950050587546285,0.03410086431138094,0.034043866090742975,0.03127783551697922,0.027961597857669634,0.027923912499592488,0.03475682698927802,0.04125287645693693,0.03569059134316553,0.028030059760185074,0.021954865036656782,0.01770642439753348,0.015519555675896224,0.01451291227978813,0.012943966127617288,0.012938665420099383,0.012799680537159193,0.013546962639736803,0.014810863832722548,0.016114600196615383,0.02041140622360758,0.02379494639123023,0.023734702910033087,0.025735622957281556,0.027216544520982863,0.024582025443306264,0.023576020787885142,0.02562743343318728,0.02545711028170275,0.028748503745004667,0.036617460771886434,0.028775349453547403,0.025905612044264496,0.02072242583442239,1,1,0,0,0,0
0.11584325474612645,0.08092740740482897,0.06896542259684131,0.06110865878429313,0.06429866072125535,0.09905786267432025,0.09146873120989271,0.10390928444396841,0.1484055279909632,0.14307763198418488,0.15213642861532753,0.10880173945552124,0.12425628214227206,0.14494805923112267,0.1290040586119078,0.14149229348672251,0.13095985150929945,0.11975889274578039,0.14687745623891243,0.15664573462498158,0.15223932829580378,0.15873296794849298,0.12385121130990602,0.12973533799252898,0.13204991324999638,0.09747709018702505,0.1329971813712657,0.08051580965283824,0.067133897950404,0.06724951561194696,0.0817669428781506,0.10329844107910541,0.14796820174788325,0.1455106270443889,0.13638553597389694,0.1409751035958788,0.14003225842956696,0.1944597360709347,0.06893431026145896,0.055727058739832046,0.058714285952551716,0.059130177444410015,0.06430561774850899,0.06283180823536287,0.049831266903565215,0.0522100816856439,0.04556044049904533,0.03829824381940268,0.028358690088531077,0.025647295971623817,0.0228124058052538,0.022931769957073047,0.02168580585351094,0.022877974335232417,0.023770568684914898,0.03585441271407294,0.04707384695970369,0.04411386382805129,0.04140545743961734,0.053371707170600115,0.03873335468507273,0.05011621785021943,0.031955554512178984,0.030959189481060245,0.033104970839748296,0.03398562559145686,0.0330362207251973,0.02760598407147824,0.0310102452968661,0.03706946689930119,0.03246930126359208,0.03139242181802431,0.02186219743419074,0.02248420215974337,0.021239885724427664,0.021096060803098053,0.016955638262226843,0.01807201991720459,0.019492022689516615,0.02201866963457345,0.029601324783350928,0.032704542957558876,0.03293567958067477,0.0350595444605063,0.03520081090549386,0.04259320760311075,0.04315449432820175,0.041128172193743914,0.039717768424983334,0.03651892163169432,0.04185270206690477,0.03788817687586579,0.03615628827952742,0.03488622764771299,0.034140356210399486,0.023156270633873214,0.02052160238021012,0.019164862414254226,0.018607881817748497,0.0181013025654361,0.01608287477890656,0.017594120392759354,0.0195901855379617,0.02635706242239787,0.030276889393255766,0.030436228734150278,0.03662510118772316,0.041019883765931436,0.0416101603997044,0.040815102923172655,0.03810376096356145,0.03588520557354077,0.033770301581793095,0.031560436554098556,0.028092250540405993,0.02717098837200205,0.031544360321158024,0.02801167497023212,0.029254388596400723,0.027940551171858966,0.020106241844921994,0.01980058415549796,0.017930122752982055,0.017472978730505084,0.014868375493393529,0.01487688377256602,0.015888513859254754,0.017271248850262707,0.021350176434430518,0.023492466212554467,0.03073425749812221,0.03543771368410041,0.03337570983748193,0.032744335698757086,0.02799638960076352,0.02887448231717214,0.028542454493328397,0.025654939526503096,0.02686410411930108,0.0282530974083228,0.02722444498903703,0.02767816133481656,0.029433497617037323,0.028273477509986353,0.02371001833906009,0.02044377409363336,0.02045104664818866,0.015824846947464735,0.014411396878075711,0.014718078020638639,0.0156735570323284,0.015555549163572645,0.017669438312955574,0.019968842909725188,0.02302499648970297,0.024607588909889528,0.027192216895366092,0.025059964553112185,0.027871052958237122,0.027661877581190784,0.022754839599241617,0.023584974741580222,0.023861729786659822,0.024864857188729973,0.02415562216308944,0.0222418452865413,0.022155231405062457,0.020313924631949098,1,1,0,0,0,0
0.07820638032776209,0.042396732348828625,0.039748692850855194,0.036769903826490764,0.03596782790247586,0.0388857065842904,0.042705620188445405,0.0596669241869708,0.08413086570379887,0.11400114984507799,0.11650305878655903,0.07795511105112374,0.09638207373596668,0.102012940613566,0.11014598329688798,0.11395078358737877,0.08441175547582791,0.07793003376216848,0.08378746339994324,0.0945811463887004,0.08302527128751988,0.08417343405636112,0.08180051715920247,0.07861267953505523,0.06376965535947712,0.05915161101621664,0.05315783798710982,0.0458810808747869,0.04676746835371258,0.04510210482428876,0.050158731757427404,0.08017565826152254,0.08854597859258108,0.1392367785054523,0.11675008124161901,0.11098518950380544,0.08554022644913101,0.11663102430137338,0.07931826501292272,0.06506623100390108,0.06340958408505389,0.07392771808331945,0.07497196236436975,0.07641880489013914,0.04900228365165305,0.04820099181719386,0.04108351915368009,0.03923042416099872,0.03193515666582684,0.029313814793699527,0.02731721772838791,0.02588199847965801,0.029062309399617306,0.025256442363346072,0.0267283647915218,0.033429176075499514,0.04136510506420254,0.033792554479832676,0.030001558993824375,0.03209933706442149,0.0301390351265617,0.03187579394353792,0.03201966293037203,0.031484129223782686,0.03391674967587902,0.0364087583496266,0.059617594251538744,0.03936662197249132,0.03803429900225435,0.034236159764068526,0.029552483425327344,0.028433472123887693,0.026587354564281407,0.025655246478973166,0.02482115271654469,0.02564234845701091,0.025511565642875232,0.023694261886248517,0.026381218397918106,0.031170601862308425,0.030207012880312765,0.032422235373113534,0.030064858914916916,0.030162901143372785,0.03101333551321485,0.03292439839241433,0.03594903452242664,0.024119173667927044,0.02414444179308849,0.025777714524116042,0.03270403412527834,0.024515342850433514,0.02031233428789192,0.018641539653886208,0.020168858127201258,0.018279936770136805,0.014231688157592157,0.01244866870629093,0.010511791884349385,0.011378670987192264,0.011353042888641907,0.012401079351914408,0.0139617855347803,0.01862462357201202,0.02275896208076181,0.027665093808900976,0.026377501510503273,0.02809840451654974,0.030851880997891733,0.023672367243029385,0.029085411671478417,0.02696272670125155,0.026118801936319266,0.026674556429407983,0.03144054828437634,0.025556089449366545,0.02257869266202147,0.02440344936464507,0.02423035520032341,0.02110054478477244,0.018462264469433526,0.013290547386188435,0.012257599010168825,0.012703514394389165,0.012304657508251774,0.011734426563681953,0.011655460074290473,0.013534126700685255,0.0161120281291785,0.02199379555043698,0.026306809823938442,0.025617175853927584,0.026410361279196392,0.028995758522290426,0.023751361112962,0.025453612861753804,0.021331610607816166,0.022665343721233196,0.02136994957455272,0.02310105607145472,0.020671629317471782,0.019357518940059666,0.020077234580617002,0.019286307059769206,0.017307022891519894,0.014135481961961146,0.011280595006455585,0.011117787942411196,0.01028411888163399,0.010709696686616825,0.011139831165001494,0.010936803880983535,0.011008795167391354,0.014810347542615366,0.02159408657777587,0.016694814036391843,0.023917813445454985,0.02002472628878958,0.018930571677654644,0.02365060838964901,0.023445756267078014,0.022661721780522236,0.02610432440558333,0.020336523873894827,0.019620645032217127,0.019466862029925855,0.020065355078799398,0.01824165313390011,1,1,0,0,1,0
0.07326268607314329,0.05689369491132396,0.049355932160473875,0.043869960540015976,0.04295198862049663,0.04273399056318853,0.050129714650150904,0.06771629825802813,0.12491811550062418,0.16076846054793303,0.1483132118790052,0.15266102718214394,0.14814309955442032,0.16192759613134067,0.11101480947959436,0.1116190248392406,0.09425595025350912,0.09881449255978161,0.12343054667498492,0.11552226327958746,0.10465545965145771,0.11166663416790214,0.11908411167165353,0.09469808213081392,0.07987750061941538,0.0787350517844072,0.0587762748825517,0.05442954881679913,0.05386189042967655,0.05282200784057883,0.057958557898307735,0.08864610593970514,0.12477061511196236,0.150732486085185,0.1469992257869391,0.15874341507318768,0.13841949891443678,0.13686214826336637,0.10245721264350986,0.06897693208294578,0.06958771419548793,0.07521827578709757,0.06654270585786096,0.07842938518041802,0.06831032234584848,0.06088328705743861,0.05736397829578879,0.05088281745680892,0.05105594744429664,0.042801541995174615,0.039690769639092446,0.0372609589397825,0.03814182010283991,0.03684631027044081,0.04159786943336935,0.048885695008641,0.06659926022129332,0.06319539743036036,0.05662498644601464,0.07861659712754678,0.05847933605990864,0.0500610089453383,0.046170526299727774,0.046825584799127656,0.05023003753119208,0.053334998750453076,0.059505177323321466,0.0581406623197221,0.055738117273446255,0.05133384281194747,0.04757123748729585,0.04232034849939473,0.04199756809442606,0.03591469323025888,0.035064175775980914,0.037778927112386826,0.036244362133561275,0.034144292573292344,0.036432460600347424,0.04754890409240485,0.06447153452213714,0.06810226496310491,0.0720904070391778,0.07655520952327395,0.07490122843656719,0.08020291027294249,0.06030695192302083,0.044920150474410406,0.045868376545523254,0.04740132419285096,0.04567271185797224,0.043814168588716194,0.03810246614032406,0.03546997799067721,0.033780054091945115,0.032224322293516905,0.029494478420143633,0.025103446275514085,0.0232009526193458,0.02262191069724698,0.021468320417774998,0.02321109303954759,0.02445037774152635,0.030520208719956015,0.051170216757006184,0.06600675598791857,0.05698826552267487,0.06541145814562907,0.05612862648390057,0.054482242864034296,0.056208424617847114,0.0521015476385087,0.04628688256762928,0.050020579565072006,0.049265227740956354,0.044021036136038125,0.04392716307508245,0.044460232573779034,0.04702411405833463,0.051849864960018754,0.04608209828134783,0.038701918750666614,0.028430603286607008,0.0245564432318281,0.024018518871180145,0.026277039556954554,0.024572487295549568,0.026379543884081924,0.03622765460663495,0.04200567037316856,0.044573352156546044,0.04519178440790214,0.04129732719708464,0.04353970859281634,0.03722268154244442,0.03742368501606228,0.03872175461537431,0.04140650080031117,0.03632344403621575,0.0428902876435879,0.0440103655039478,0.04687031302914434,0.04321807570280947,0.04770803656391866,0.039427587299395,0.032836183133935416,0.03809518260971126,0.02523886279054882,0.024110194348151506,0.02279232034370445,0.02205061698440045,0.022748010205095433,0.023893380708636804,0.026467232828666924,0.027929421765906563,0.028586426164645157,0.030989969309597305,0.03211545820961621,0.03110326266444982,0.032101256071298115,0.03260710977292168,0.03586855922735526,0.035130568848480634,0.037414373652111366,0.03758761320971671,0.031892248629581565,0.04261845846059859,0.031325658198622805,1,1,0,0,0,0
0.08155818873408839,0.0650642408489259,0.0558508663238497,0.05215940154532799,0.04872283734918419,0.04950497817782256,0.05636493594810161,0.07690069575859115,0.1304555491703764,0.15851184582604785,0.15264304455845415,0.15326430393016285,0.1588255221657365,0.16833662469805785,0.11996956088294927,0.12605962838249793,0.12654285928912756,0.1283132393422863,0.1388235393115134,0.13242407159541986,0.12233023827842446,0.13138206262668953,0.13379739238734947,0.10795034768110094,0.0859168457070299,0.0790734338242712,0.06519869760526315,0.05956258544115546,0.05820741642617666,0.05618296477115372,0.061958904971086116,0.09024276177886381,0.13079657930401348,0.14244455338954906,0.1479329090116907,0.1552713058223755,0.15466227759138484,0.1444932774866276,0.1044008137491091,0.08756390073821219,0.08125062151543198,0.08861787313846259,0.0870719774668664,0.08851094715543376,0.08515159534750812,0.07791974909869659,0.07567778578134016,0.06332881534257503,0.06187725980885984,0.05107756097316694,0.05009521623835496,0.04787607666996013,0.046199741141749094,0.047272923751440626,0.047731344631626677,0.07482291286210989,0.0766556220509728,0.07316377355534032,0.07028903071945641,0.0743741794356885,0.07048587116040739,0.07569700838037295,0.06933762033045476,0.07370058446464889,0.0809247086627342,0.09529595081423207,0.0840967467732294,0.09143747138754532,0.07939873287412376,0.07460244329787549,0.08124798030676056,0.06817480469039455,0.06003637787385446,0.05571163913537001,0.0508105611702935,0.049164065016304215,0.04859309650890813,0.04736301161212759,0.049645927892667474,0.07278223402096695,0.07943273511830415,0.08597770391933827,0.08419902527301773,0.09024946730451981,0.08667225370563464,0.08090662726224042,0.10135727731258369,0.06172694089154237,0.06450517650206306,0.06539608242339823,0.0630283616553163,0.060135495954315256,0.0565170645917998,0.05651139209380335,0.05132847157458976,0.04388557286234713,0.0385935923669717,0.03489287378714799,0.030666768633046605,0.03182718136911643,0.03218786943082967,0.03144911727088899,0.033403572985886656,0.04895727243486159,0.06516406383031145,0.0676403448329605,0.06448916176515161,0.06623494764149243,0.06216363978242257,0.05718054029476405,0.057619788035796156,0.05813921753815013,0.05775617353517208,0.06378251164315826,0.06443707895290243,0.0648853213142694,0.05397623261511298,0.05328271141011096,0.0556836882527927,0.045011722540346126,0.046678813359695336,0.035956587874958784,0.031172199085740725,0.030178566446389946,0.03038526250369365,0.03185717354980443,0.030945882119971506,0.03691637640430143,0.05014007914039449,0.05072344361878617,0.0623597780148076,0.060760767587744055,0.05494300183335964,0.052883328951294294,0.04677736280114809,0.05242200526253204,0.04769503691259477,0.05014199588864725,0.05967957427579056,0.05589980646606211,0.04890993983068636,0.048726368537278485,0.04523549056261135,0.04652140603033672,0.0458207559667276,0.038075043433302445,0.03489884191903033,0.033704289234114906,0.03181822141235074,0.03130960459800351,0.030000459347485214,0.034334319846375506,0.035041662892954656,0.03861037313179029,0.040455111141047065,0.0480016898115228,0.049277503942390666,0.041779569977179506,0.06007535546581542,0.053708499301026745,0.044407069278013224,0.05402930044652173,0.05378811331092085,0.05677964889668687,0.05543313036160584,0.046148080786095357,0.04872818214716102,0.04973548269232825,1,1,0,0,1,0
0.08625553036920341,0.0642907273593104,0.06711181834945237,0.07175692731393028,0.05021357629231209,0.050943270885504724,0.05227837763650245,0.06361550513254621,0.07672227933397097,0.07670934140547321,0.08395947047627476,0.08141821589773943,0.1040094135715979,0.11195458073634271,0.0963373639567351,0.10108316435980658,0.09195229556138193,0.1115709208272593,0.1209549306326424,0.15003370443683436,0.13776867173059973,0.11444496397855733,0.12479681496545428,0.12008402500371412,0.09939024360434358,0.07410196974104255,0.06048030921508905,0.0588756513968848,0.06544201210857378,0.05413471823273089,0.06493697843715623,0.09558451372223362,0.1096497372724751,0.08581842475762877,0.08403448434981298,0.1005000421466296,0.0904876504630245,0.10179176757477346,0.060243343914371306,0.04292222954269749,0.0408268797085852,0.04498217609531304,0.04810332636556147,0.04693773044962303,0.039941222093632024,0.03667455276222127,0.03380761695337221,0.03418925207095059,0.030916019011475115,0.030201030814549355,0.026527509617288877,0.02509503760645427,0.024588182096658695,0.025694234765625754,0.027914113286436674,0.034152225021369616,0.033794771017620906,0.030405005669662477,0.03297472507407154,0.029749207312647352,0.02942208816026638,0.03157161580875228,0.029897375619991323,0.02821443830139857,0.028952191644461153,0.03174814959883803,0.030308201330150518,0.03590679941115088,0.03528487143719184,0.032850127538910416,0.03523957959141976,0.031351295581772354,0.027756031429061336,0.022953300473350778,0.023696627324229825,0.022054075946150522,0.021266270893558183,0.02138975057003275,0.022745721587107203,0.03302836841183073,0.02951197087322443,0.030730300637112372,0.02951983808748871,0.0304246028498382,0.037147308525560314,0.03428239305561701,0.03784745037695069,0.023915628498915573,0.024115597135242292,0.023902409768342407,0.026828244854100933,0.026674401120294094,0.026152463426319016,0.025441583476873652,0.02282792152173158,0.020615525241697647,0.0198135573321229,0.01740142452401003,0.016053093668771067,0.01696457238088055,0.01731235722806425,0.017982733175404404,0.019278868162048202,0.022524442321966615,0.02308505882501251,0.023173577356426268,0.024481698973642406,0.02290684441593415,0.02344947843224272,0.024857806579397818,0.025843739129487335,0.022982795541220416,0.024267185416651495,0.023646740529087187,0.026901617196235707,0.02562900165698539,0.024735967230173902,0.024592644359260226,0.02410264421506889,0.02246839432498963,0.023157058154904903,0.019415944048425962,0.01767523421618601,0.017059102495162445,0.01657212137459587,0.016400812000089464,0.017769813510079557,0.017470495324797598,0.01959789410381823,0.02391926313502966,0.02667104384027449,0.02239728153554259,0.023790941457968815,0.02205597071948122,0.021532609781469144,0.022568569547157386,0.02031749078623962,0.02126058869920106,0.023158065502090295,0.023548336758953715,0.02041664415278235,0.021645197831127345,0.020559669730905138,0.019050131344620497,0.018265947140760276,0.017089661830514823,0.01568084754993038,0.01591550232286505,0.014483982107475023,0.014286089812130951,0.014611238788023445,0.015406137509345512,0.01593593750540977,0.017677701256114512,0.018067261562828844,0.018994963930830444,0.02180058274403111,0.02005938950553823,0.019427274237609513,0.019790488367132833,0.019565495352545963,0.020892394126952762,0.023103975209711993,0.02453070357635008,0.025633678695010664,0.021182140104800212,0.022107174247745706,0.019406685825990824,1,1,0,0,0,0
0.06542309518585102,0.041686713584218625,0.040519649129028244,0.04047977052159116,0.03446690563852361,0.03520316094669376,0.036782851146425745,0.04695077913005374,0.05632386072123967,0.05090970602776011,0.05251160134763467,0.052839916828942346,0.06161024424497885,0.0654174601831272,0.06105006826900894,0.06594065217508224,0.06887689718517459,0.076799641542514,0.08602940191280456,0.10565987086037086,0.09356947987786032,0.07708702934994117,0.08432137372766485,0.0768499866082514,0.06378982395979436,0.0528804244087975,0.043373739782039754,0.04131310326693453,0.04427292526448031,0.038427516916987425,0.044242924180515036,0.06124279179562747,0.07493935368807816,0.06429111036298608,0.062226129633261566,0.06658820132283955,0.060988226994527266,0.06758622224696574,0.057083856999016115,0.04965044071773849,0.05078928010692114,0.054908333640522625,0.060217663486264957,0.05425942666924467,0.04242706680025193,0.039691810361768144,0.035172342054424544,0.03456510074696453,0.029876650890813393,0.028038016830899813,0.025165439737509638,0.024349233803500826,0.02442550502873653,0.025836205577045628,0.028530586390003342,0.03441452460985602,0.035096713207378026,0.033097206162295785,0.03419110227198907,0.032801759978192166,0.033578689386727444,0.03372545758656815,0.032396915999617026,0.033126549173575534,0.03389815273858473,0.03564206869224475,0.03534537162533778,0.04001799102342531,0.038161702780919876,0.03412820085908768,0.034824051996578516,0.03221823015634006,0.029715289353992536,0.02541589809678787,0.02547347303007279,0.02428929158053858,0.024495434126429964,0.024414712927350157,0.026095395059357377,0.033333505744377274,0.03406481785634816,0.0371781754345149,0.03095632157414812,0.0335398937496675,0.038977986923944795,0.03810842723514192,0.03521064405782467,0.0270895762722945,0.03063597876407011,0.030268325240625116,0.03514029101439336,0.033104126164483334,0.03221617479305979,0.030884769065231556,0.027378699446011647,0.025181658866158467,0.02349167461943853,0.020596756362683207,0.01970175828666472,0.019560727280348186,0.01992776622469752,0.020731723738870386,0.022330692441452984,0.02625620940512166,0.027118589971805322,0.027764029514317133,0.027618134114790232,0.027742205636513494,0.02783583152261563,0.028692397336278017,0.030680568277712955,0.030273263850359534,0.030316824851745663,0.031177271381573522,0.03474021258769731,0.033684062306090924,0.030938763409995948,0.02877883058905464,0.02655785840987836,0.026387199808115536,0.025586749016308575,0.023349403593588777,0.020394374087162298,0.021173126211051448,0.020573614698441458,0.02090694253013317,0.02110577436430269,0.02145736281038853,0.022162784460338907,0.02564071416862846,0.02712499388868215,0.02512363022087478,0.025787174027858597,0.023385551620606786,0.023884684418717793,0.02679019724806683,0.025123372396763228,0.026462788320733684,0.027966266372432626,0.02727552425336199,0.026812582377666063,0.02523876281865177,0.025137857191640037,0.024012884271699442,0.021813244703663262,0.022811436489346405,0.01981394085006454,0.019639677714670612,0.017703173255836903,0.017357668830399502,0.017906954690256695,0.019649761237246335,0.020048466783371254,0.02242429263816164,0.023830112123079582,0.02561046556635774,0.0280248467551312,0.026014577882680023,0.023810987560779928,0.024375226711422452,0.024814711570444924,0.02655580762884774,0.026628253591897737,0.028817554679044195,0.02808316727840807,0.026451700496627217,0.025202372798716108,0.02230064903383151,1,1,0,0,1,0
0.02921032672598792,0.020930435257287335,0.020070094103921843,0.0200666141177665,0.021427527090730623,0.022038163189775462,0.024834873408294038,0.03211024231652499,0.039027853566963006,0.03506882563255258,0.03675113362119507,0.03325558118230441,0.0353479133109772,0.03746193259700467,0.03473779244719803,0.03404045084908222,0.03918364977648562,0.040962464170826364,0.047248666350735616,0.05350916480965986,0.04614518500838705,0.039363031893661415,0.03948991181003684,0.035319165427789755,0.030295519791635826,0.026057290936755066,0.022672516484828046,0.022567597367468994,0.023695614042939694,0.02258309491852892,0.026378639353582384,0.03734162611475828,0.04752299472925588,0.04334701668252364,0.04094603739735236,0.03967054047051929,0.04072840590881265,0.04183315557616116,0.04489208023352478,0.042353353719795525,0.04800339661779663,0.04881581663715484,0.0512805681174783,0.04607804783035003,0.0366413980941443,0.03261283828722449,0.029989055293892182,0.02782277684605158,0.024204581925944345,0.022574371439444234,0.020209573395921564,0.01942378482075177,0.02080443640560904,0.021824163221191052,0.025095021177099993,0.029545789540617363,0.032789206335063825,0.029979746788638448,0.030818744276311198,0.030283510821913058,0.03117095121113371,0.031246227901866354,0.031774600608665396,0.03205825984143551,0.03225926953850197,0.03411868541719526,0.035783466936110106,0.03717851363055769,0.03455616706575207,0.030126348307570334,0.029685302504144306,0.0292332625714458,0.026662751305255743,0.023890753756553716,0.02415117709231909,0.0233263315748409,0.024968080505188582,0.024443155843498564,0.02669457299579071,0.03046797576934857,0.03293031838558932,0.034299831905672616,0.029543573754087227,0.0331616019321698,0.03433172469207404,0.035141859519637074,0.03316722745201034,0.02559515496549909,0.029084299671503288,0.029155948564004445,0.03504569824998069,0.03203040076805434,0.03172265485264359,0.029736929691669217,0.026869016380069694,0.024010937418830747,0.022361358037055707,0.019420018332822756,0.018314674170136616,0.018992056549864224,0.01859590459282465,0.019502233779719096,0.022142637171328628,0.025580017846550902,0.027568141462086977,0.029270675810233262,0.026794326649707455,0.02904008482295411,0.028660579175876572,0.026428342674808945,0.0289694166648535,0.031476022379273216,0.029075873775607657,0.03112172584579731,0.03511349595140923,0.03384884063428225,0.028163026252714725,0.02572884406018364,0.022923285799761776,0.02221735801440361,0.022106744643656563,0.02085263361299867,0.018034514383742727,0.01993562267910868,0.019716025353397688,0.019895231281205343,0.020561390998454002,0.021009280927373048,0.020721558850857635,0.023638533484774654,0.025309084129354027,0.026320598794916123,0.023469420872536177,0.020766278018020196,0.02192269831249405,0.024759794575181165,0.023293496170795954,0.024428933434695786,0.026814108223115855,0.0243176903589057,0.024515709108105705,0.02293175556377749,0.02237686021770956,0.0214693007996453,0.018832245818921855,0.02052668727912612,0.01923838992280761,0.01828972564207085,0.0166491924730661,0.016699552524857258,0.016909546645744903,0.018296478460091588,0.01796725215164665,0.020469142090297248,0.021877517377162297,0.022183868947586838,0.024340543916526004,0.02290285417498133,0.020095185261567935,0.021861370786046885,0.021986458696496673,0.023949798368749598,0.022952350667664632,0.024347525133955685,0.02341956723987266,0.022155405676577603,0.02073137432330033,0.019296257318143124,1,1,0,0,1,0
0.002750221458807693,0.002274584096686608,0.0023017957065154925,0.0024752976910910477,0.0032714858802338036,0.00384195973499607,0.003992323883546445,0.004662678806233658,0.004561767773142291,0.0038107953262897076,0.003937775006479133,0.003729330059116893,0.0033724464986965522,0.0033373864079147995,0.0029565601013032466,0.0026475069867030613,0.003515554087830051,0.003477021946922244,0.004397233019432423,0.004434333707025752,0.0036381094586872007,0.0033603745186067445,0.003422623449758422,0.003006090463548379,0.002651008673162757,0.002100606587086052,0.0022408947267136643,0.002656196949881392,0.0033263208110217417,0.003071489392770844,0.004083055840036694,0.0054914279659319404,0.005453837995407792,0.005037587476005488,0.004845197306256476,0.0051569238956679355,0.00419119659430134,0.0036142973889535714,0.0026434765008843215,0.002514054861995251,0.002603142064769426,0.002685959603071604,0.0023931115311634117,0.002358340131374266,0.0017959072383715773,0.0015317936020045146,0.0014317149312858496,0.0013629211500919842,0.001136618474957691,0.0013561543359347549,0.0014417146568511442,0.0017993745182714198,0.00346678520278184,0.0029726574578280325,0.0030060072459051675,0.003915479451551652,0.004302471581546424,0.00391501586746014,0.0036697746831671823,0.003707392038703897,0.0031041065980854047,0.002696399900272559,0.0025266403829927045,0.0022299428754192566,0.002400030412239993,0.003076785244158724,0.0025255632200053236,0.002616319530434958,0.0024125022952193338,0.0018549237188648625,0.0015850304114268553,0.0016262797588532344,0.0017149489005469064,0.0016458818925232843,0.0018634241615094482,0.0023400110411565178,0.0029679324183026334,0.004394604226912936,0.004657210232918575,0.004470988511115305,0.004284446744355493,0.003745174232471832,0.0032200528577340723,0.003230215473280393,0.00294630091971748,0.002804460137435027,0.002483191791078987,0.001828987065493879,0.001551839578967589,0.0015616156516336593,0.002167677159516824,0.001994321009495357,0.0019181788927025388,0.0017779212399444404,0.0014524983529516165,0.001351134992472572,0.0014055537042368066,0.0014261328491338725,0.0015283532717108434,0.0024476692142011355,0.0025013541838558072,0.003575804796918048,0.0035024333346205328,0.0037667216347961685,0.003753340221825139,0.0032423315641838093,0.0028816959714403024,0.0037095037431838316,0.002886008687102961,0.003349745175125255,0.0032565718276068977,0.0034749158018252896,0.0035703495456625364,0.003369366075007669,0.0027157810197576474,0.002267530359036555,0.00170822333217329,0.0015932229150496357,0.0012575114942667207,0.001256706307657858,0.0011794673502302704,0.0011181934900223193,0.001426380678722932,0.0016179558105174966,0.002233042624346031,0.0019986181786815693,0.0019940746283576474,0.002179147477309985,0.0024885053703560256,0.003455156894248976,0.0033592393332460705,0.0025442459998606436,0.0025772821436025033,0.0017030956196147672,0.0016267773848451202,0.0014692750855188326,0.0013875693344245846,0.001451897337772128,0.0015736604902882722,0.0015878383626581813,0.001450778242164829,0.002029815596625296,0.0020687052380944475,0.0021422394041387552,0.002130977779042929,0.002470493025118074,0.0017174532556996568,0.0018570752169197798,0.0016934043487162027,0.0018638221391232724,0.001874477749946431,0.0022299799853233264,0.002382355295890045,0.0022794942818383035,0.0023896326614455963,0.0025748478593249384,0.002884334939092589,0.0023497971881911994,0.0012491444530375298,0.0014853820974537644,0.0012306836977792259,0.0010808497764475881,0.0013825389709685727,0.0017712197019574872,0.0012402965826385527,0.0009822228622659588,0.0014126291987010535,0.0017197303374522587,1,0,1,0,0,1
0.0005452846493355762,0.0009636705628119043,0.001211930709745804,0.001421605641591066,0.0022386032536214993,0.0028819898360805908,0.0029026704324883155,0.0030581121486181785,0.0023645309581499033,0.0021323870569232286,0.002178022605949222,0.0021384196333457265,0.0016683722075448973,0.0013871903588775802,0.0011305553528416711,0.0006666426406312966,0.0010513327608183962,0.0007251479258898034,0.0014194371396260015,0.0006325750474800169,0.0005031718685264296,0.0005543559677239395,0.0004908927523567847,0.0004201188902769425,0.0004717602241594962,0.0002921139924282471,0.0007491161834870218,0.0012164732368138962,0.0019856754678423284,0.0018071310685895193,0.0027855106398942788,0.0035915141543953998,0.0028894971193719416,0.0028710001799090177,0.0027372396058569348,0.0030954065823020644,0.002246298865281958,0.001307563303394293,0.0012063819891444218,0.0014641563883753862,0.0012902320335589422,0.001033057307536189,0.001029451314715332,0.0009220660661395982,0.0005944492388426754,0.0004826391287027368,0.0003992034895715532,0.00044602394246040164,0.0003919022732042258,0.0006569523803248512,0.0008038970366439871,0.0012090586813992353,0.002947393042433498,0.0023692135392484924,0.002266914770337157,0.003072218069945838,0.0033872945796198026,0.003086013571274908,0.0027653392928841513,0.002967561428668432,0.0023666780751675264,0.0017902815766561236,0.0015220564674636318,0.0012907970915935877,0.0014270160299892367,0.00184673202264636,0.0011561142285419314,0.001384180021414065,0.0012024145710135374,0.0007538345329024835,0.0005067769516152109,0.000540709173338473,0.000869347722504617,0.0008536998367790392,0.001010323869352757,0.0015251723321991152,0.0021482003519373736,0.0036702895474040468,0.0038808259917323543,0.0035713163949974763,0.003477891683683186,0.0030624586121786182,0.0023552570489345,0.0024070466629079555,0.002073087316004955,0.0018479397326666973,0.0014097078113458818,0.0008352812095152782,0.0005729313342872104,0.00043360465735907665,0.0007510703048192512,0.0007085132302419909,0.0007066043955971395,0.0007249143491517274,0.00043635185925951616,0.00041808125900965297,0.0005673555213683279,0.0007037508621836441,0.0008568228241383525,0.0017488182083543072,0.0018688909512073247,0.0029488125821422774,0.0027351938867050587,0.0029281263378713174,0.0029275219265319473,0.002350928090592403,0.002161979551153715,0.002877373208368705,0.0019770840734171817,0.0025328741144830637,0.0022954803907802137,0.0024157493794570613,0.002540554797211432,0.0021855031665245425,0.001303889711996272,0.001070758885946178,0.0007298695424656028,0.0006442521538789123,0.00041889362953019516,0.0005298941653168682,0.000523786923222057,0.0004576433097007364,0.0008367775866626229,0.000985783469415473,0.0016364101295691226,0.001341345058082305,0.0012709363827405234,0.00149260667603327,0.0018110409179917088,0.002775834910166545,0.0026376703712403205,0.0016799878133571995,0.0018731110501782379,0.0009014814820332187,0.0008147521162184335,0.0006461545841480497,0.0005542720076615426,0.0006263611943630469,0.0006010832600074007,0.0008161753024540606,0.0006865583843446124,0.0013951611375415428,0.0014156812542758183,0.001543405890709606,0.0016314899344507781,0.0019708696801696065,0.0011364429282199164,0.0013426909012233482,0.0011981426202154375,0.0013745745520987768,0.0013950553155283275,0.0017658046441672317,0.0019412845345214977,0.0017157114933962988,0.001791179385655114,0.00202001676865703,0.0023542686800703478,0.0017645117848433197,0.0006685076806136844,0.0008247546446402592,0.0005744102200806488,0.00034485447752314994,0.000616917472765701,0.0010669806465439739,0.0005252501810105255,0.00034303236078956115,0.0007786308750181862,0.0011351189470296915,0,0,1,0,1,0
0.0002514614870117231,0.0004933958936380013,0.0006673583141813674,0.0010103638705600167,0.0016629189008760695,0.0016442032956961881,0.001980000014499798,0.0026955303933016523,0.0031696654981547383,0.002404936900343114,0.0021661630432246145,0.0017986083063726477,0.0016426110278909333,0.001456234235230049,0.001178509327421847,0.0009797955888302381,0.0010503324432065769,0.001447710129102355,0.002709934887864197,0.001625543578818772,0.0011017295491789491,0.0006432151695168599,0.00034367153553381265,0.0003431765197678167,0.0005562605771314421,0.00026365040970200153,0.0005717398327268767,0.0008272258609789284,0.0013689925856250132,0.00125696967917677,0.0020681858941921667,0.003132661024418968,0.003025109067626431,0.0028008894002420574,0.0024201174716507734,0.0025141170008463392,0.002049238193591139,0.001888771815633649,0.0014192615630711843,0.0015840259612864606,0.0018155616351899016,0.002540340973939001,0.0032428015245618974,0.002894161548291704,0.0009457978943951256,0.0006327199817231818,0.00039439743041511143,0.0005151206390231395,0.00038759767192026123,0.0004014620961133187,0.0005182196391615567,0.0010900480760010322,0.001694165218248764,0.0015456563425178336,0.001741838478391328,0.0025896335077057976,0.003211210770962948,0.002801597795254047,0.0023483626114869788,0.0023500447525344166,0.0035727175654342953,0.001812122675010505,0.001859165821257265,0.001519375777201016,0.001751534547389645,0.002326740230806392,0.0021442471104116782,0.0018460824535287423,0.0014837292564268414,0.0010118737722765747,0.0009004023910933081,0.0006142009187823027,0.0006901977841423824,0.0006303482111836651,0.0007912199092067532,0.0012161043068257178,0.0017226046647119068,0.0022703327211115263,0.0024169571276041477,0.0026214755986418703,0.002951048840916036,0.0025592415743163335,0.0020628283215198785,0.0021460754973212795,0.0018685308213846174,0.002061465104450366,0.001448597152934772,0.0012406376484393354,0.00145506861169976,0.0019194620952949551,0.001992694708322057,0.0014649836031727541,0.0009121647309105936,0.0010028644923190375,0.0006918142105569324,0.0005544484242886139,0.0005672841057055935,0.0005907806742204075,0.0007402571496069881,0.0012304928647337903,0.0012661435829743354,0.0017441238266230018,0.0017268517191667634,0.002351971494323971,0.0028429267445188216,0.002180488589488083,0.0019325229898652363,0.0019706229571023453,0.0018737273994982558,0.002027015164082672,0.001697759348171154,0.002109700251727074,0.002283076817090025,0.0024292813073453056,0.002395251153371648,0.0017076819868538414,0.0011609443234302918,0.000811051136575717,0.0006146336844679101,0.0005630317365183041,0.0004287991593979264,0.0003096530825675187,0.00044494645179928884,0.0006720213574610185,0.0010826320274277958,0.0009463536253755153,0.0009043343200205677,0.001111411007042033,0.0013351878640828051,0.002101563743061396,0.0022444960125655306,0.001639438656842993,0.001509295531967131,0.0008131551057636479,0.0007668404363020424,0.0009372968442449749,0.0008017182404967585,0.0007878041818396727,0.0007674510255438955,0.0008942910485203598,0.0006909356492814833,0.0007429653661032471,0.000682549656371203,0.0007966641891960088,0.0007983596890797791,0.0009729302815928529,0.0005215906968500813,0.000813297378502352,0.0007365699567630241,0.0008185544635772048,0.0007883488489999148,0.0009693903237209432,0.0013644085923695435,0.0010742726266221609,0.0011295465552622768,0.0015026894921902026,0.0016571947074991262,0.0015385441666897722,0.0008345144813171512,0.0009230833862639153,0.0007862511685925776,0.0007643087877629233,0.0007880267908156138,0.0010772701567550518,0.0007701573161978522,0.0005172595132055349,0.0006946729448826204,0.0007677665318064756,0,0,1,0,1,1
0.003759284424744414,0.0029282564675600026,0.002662102978364376,0.002931242612801803,0.003545700215296486,0.0025126842608653834,0.0036047322667231456,0.0056483139494253615,0.0091195987552987,0.009287062362881331,0.011931961994966107,0.012415504326905859,0.011208929928581218,0.008948206825888358,0.010144715725656226,0.008660217703999844,0.00863457403045459,0.009157817049903346,0.011565391840584752,0.007747231418997219,0.007731513875780121,0.007143483351576869,0.0059685011156591005,0.005974622927103478,0.00625974914620756,0.004284988960218534,0.003561535267180626,0.003483572639490227,0.0035735393702522626,0.0034615268375828307,0.004422940194650191,0.008816658164939274,0.00966974172462321,0.009022921894193594,0.00815580375026806,0.007159122235237796,0.009094417471510055,0.010586861377629956,0.009133126862326382,0.008729556482349356,0.009006644664157955,0.011583196872796842,0.012148374816885384,0.010400111258514642,0.008419845110106466,0.005265667039967381,0.005679789289232546,0.005001190952266791,0.004471349065984439,0.004076040420661487,0.0028754213291074405,0.003808796927628963,0.0031314986438177985,0.0035852151250599417,0.004768534375383394,0.007548638707578608,0.008265532111614021,0.009381099591617932,0.008174137142072258,0.008506263877891936,0.010275687780507171,0.007628201387264801,0.0077385855446046835,0.007653333296306139,0.007911701099820543,0.008067464669808561,0.008513763325454893,0.008126994017312142,0.008267482464230357,0.007417750128907585,0.004733728039151878,0.007088222259755627,0.003328094629277266,0.0028863420093574775,0.0026691995687019993,0.0026925624214088756,0.003408018290710484,0.002742879527755443,0.0034209142693483706,0.005278263378106668,0.006434801576514427,0.007496919988281879,0.007953252394184535,0.010533751602926088,0.013240780105031416,0.01628187054893644,0.016749862157152406,0.011981442623183045,0.011896235045725198,0.010340383001457627,0.008205621598286358,0.009882492155218319,0.006438899025996295,0.0063106578970624745,0.005164246969098666,0.007743548449543235,0.0042154609720168835,0.0033909632026475683,0.0035718533616541405,0.003191331319396221,0.003078353403912405,0.0031549249979233767,0.00399430342762958,0.005988802778215005,0.00835909880711521,0.009604288563058502,0.007017766970676319,0.006818938279195093,0.010504111563022285,0.008805691851670829,0.009258363738244586,0.006906255419107743,0.00989087308924495,0.008807439637290864,0.00940752570373092,0.00723686964160759,0.005440417965520518,0.005821009101955116,0.005363066417543585,0.0041262591740825316,0.004028381796598958,0.004187195107095997,0.003011773551992159,0.004336203813373089,0.006695159150856668,0.003039499773848817,0.0033554051061634588,0.002928489336621756,0.0046156633345260665,0.005566642072327523,0.0054189633478808705,0.007001588954342043,0.007099013721615552,0.007613849205585631,0.005266462906378466,0.007893757246963113,0.006351230664215255,0.005692459398127095,0.005805978668202336,0.00967941764557993,0.006716576451584466,0.005139952367590279,0.004198385310003108,0.004630288043931857,0.005050500578860107,0.005851188969419862,0.0031084337450694947,0.002904857432180495,0.002656282969527607,0.0024653356333191826,0.0022385271901172853,0.002558949832441324,0.003584917176166139,0.003910316247265148,0.004095609937635713,0.0051650047072950185,0.004104801127852934,0.005139170501936314,0.008459364617587013,0.006665929314486162,0.006161296605114856,0.007531447892089165,0.006714612500846793,0.006231525834253805,0.0066934472126005335,0.005680850740798299,0.010728720786981338,0.004500511247040215,1,0,1,0,0,1
0.011931165206047468,0.00984296320370387,0.009428162457494005,0.0095821129968642,0.010642018580921632,0.008534252741238934,0.01089261580571726,0.01516246447166854,0.020582168594032453,0.023000466150235304,0.02582018756248311,0.02668139479343705,0.026039682843378553,0.022208800196593118,0.02500699442941891,0.025119361115651967,0.026429903276438828,0.027476627124455314,0.028255709160666966,0.020735648092584002,0.022514724142030502,0.016991590148863152,0.013770823351449546,0.012837681416243266,0.012382853538099765,0.008990365175141898,0.008522282995618774,0.00772070937859084,0.007214970113554162,0.007472592347543732,0.009364553983591367,0.016381367214456734,0.019696110045762674,0.02076347627679888,0.018589931508902726,0.01848024839837205,0.021086461276647643,0.02588150751470733,0.022865454334323652,0.023994935852664174,0.022622608200298627,0.028225554058738892,0.024745951095525145,0.01946370819591689,0.020236309399528408,0.012001142461018788,0.011498942812425184,0.010036450245198378,0.00939819500310968,0.00853011932949297,0.00697856574592758,0.007583674438067805,0.0067115240105636315,0.007213692148593926,0.01101670799162842,0.017319849299631096,0.017663138983840133,0.021236937053335115,0.02047072753588928,0.022763767383895295,0.024298581047183864,0.022325266008811268,0.019829644645885762,0.019231205738286853,0.025215957618833235,0.019877363085282377,0.018508064797466316,0.01712607216250696,0.017177238927613445,0.013890047265331598,0.009211754335230587,0.014236630812751413,0.006545091545098651,0.0055360603678078265,0.004893046902620173,0.004376901965893957,0.005595537575438882,0.004517248730601758,0.006711311702971296,0.010383242675001899,0.01397735585055858,0.017906877161062373,0.018931275130661906,0.022351313001562758,0.025784252110332175,0.031003196257199286,0.03200884886710254,0.02547246176586261,0.0260557919609484,0.023840239646088557,0.017970746328370833,0.02185634071228175,0.017713655352159872,0.0147101954027971,0.01168695892130386,0.015482098019304268,0.008416534231536819,0.008779332639795205,0.009021563079328953,0.005941620851187251,0.006268148572991813,0.006395219842214474,0.008101394562936797,0.012473846530588127,0.01769628556721737,0.019732922499734226,0.017355067240313746,0.01784034593648523,0.021999218237771956,0.021486920401027208,0.02189118131823549,0.02227014183432516,0.03333120933448732,0.028297732420803315,0.02479435573968768,0.01935930222732911,0.016022641287314697,0.01534208745880728,0.012498377730740357,0.01437045886067071,0.01159083728973266,0.010532507329785156,0.0077382111799266465,0.012093981302012535,0.012427027493588738,0.006204238162364553,0.0064406617721719985,0.005888800968195092,0.010161587751961566,0.014075249034812623,0.014255252223808617,0.017068977453842504,0.015929256305328418,0.0167566534487767,0.01873331881384641,0.029507839823732503,0.035075989003028316,0.03027641134580709,0.024566883355411614,0.01936435498035852,0.013379965926151108,0.013537393091913246,0.014662535139159286,0.017862686105188767,0.012758579066392795,0.014471072910104929,0.00847106567217576,0.01087369151635036,0.011514020592537534,0.00715631304261521,0.0065806654499986645,0.007606249682477884,0.009508427918467196,0.01006708235180275,0.011978459427353054,0.011948778531855065,0.010497781033388004,0.011358696522433463,0.015836528071297665,0.0160945516393442,0.01534891954017706,0.024312413235575918,0.02290768608309709,0.014134040916347991,0.015272244393070436,0.01486491997497747,0.022016624059068613,0.011991654832800295,0,0,1,0,1,0
0.01795630525629826,0.016957454345618888,0.016068561015127776,0.016665781277264067,0.019354001104676572,0.015024163418776474,0.016209262624137043,0.021488126193670624,0.030987648889050062,0.040271779755005385,0.040975884318563194,0.041219926383004805,0.045595631149288246,0.046865519118631106,0.04345403804673277,0.04798302864419147,0.05212242216115591,0.05012078016864602,0.04748648395949449,0.031222259787909844,0.02896494302695809,0.020346272987659043,0.018641851533662934,0.014475541375486595,0.012261352101291274,0.01007784193851256,0.010730149147825194,0.009604061624283448,0.008941629403036243,0.009753770301200471,0.012331806163283459,0.01706337757135946,0.02654858006211204,0.031808642790601575,0.03680658866529715,0.041466414129183116,0.04040501648788384,0.046315622788639675,0.041732508133565424,0.048163280387177675,0.04228288581323508,0.04322370066043433,0.033144923466862264,0.02513175995152008,0.02553431411116044,0.018754430646058435,0.015866758906919878,0.020795032357439288,0.010144738730714736,0.008985423292404694,0.009250286332775583,0.009204032482658239,0.008494090258140526,0.008880815609636678,0.013538452439723443,0.0215409161109267,0.02626303418180107,0.035072238515860145,0.0355591372133925,0.04098157756084441,0.04316369738490401,0.03829227953575381,0.03682420753149396,0.03757622219369753,0.04172725939441907,0.02991129482142144,0.02609298656382184,0.02180120658017729,0.020977401996705544,0.013672338230755476,0.013851212915285063,0.01465392299528002,0.008894870815476982,0.008067608445876092,0.007264358489688807,0.0070724899186726,0.007933127907692806,0.007491002937080635,0.010024201827512829,0.01477930086974725,0.023189115779216715,0.028049614771864965,0.028977858730697973,0.030344484685952293,0.03070521809806448,0.033790250634069416,0.03238470834108492,0.032389963073220084,0.033313332326199235,0.034921065260056706,0.0300995519491577,0.02332599603155989,0.022818052310508354,0.01720456963655162,0.014873479564651999,0.014583610406532395,0.010462258290622617,0.011462403468006643,0.012011742358319534,0.00728185426593706,0.008483702765538947,0.008723806894432081,0.01056780202495178,0.01631650686160102,0.02447097585762535,0.02732986476599398,0.03275444327845193,0.03352603782335008,0.029339797592810357,0.03657854060300172,0.0364369227154811,0.03982125630840911,0.05130530387531378,0.042223483457414494,0.03399850233651181,0.025529575171481377,0.025452822988373074,0.01971610423014993,0.015918930529901183,0.021536740377113693,0.015961381759980207,0.012749292985245408,0.010591277126877552,0.014822233417770763,0.00999551979267857,0.0085928933277428,0.007855817949461552,0.008632838769849169,0.012344117547562147,0.01883265055312194,0.019938919066985573,0.020701811606270597,0.018590495021640698,0.018165156293269327,0.025436977740633908,0.03759234304984571,0.05300908446876229,0.04472153338740308,0.035188623034240474,0.017788419176224004,0.014050844170527854,0.01730318222926123,0.020040019512927137,0.024528186781064693,0.015552983474744117,0.0196962111866594,0.014268380455527903,0.01808190501866549,0.023144333242684563,0.015596032040729036,0.009713641732750435,0.011058660867338832,0.01305877813206893,0.023268496721234547,0.01558879475163308,0.015092056886384363,0.015876845494972258,0.013941832447659,0.013387837173967543,0.019590806237518948,0.022443827941388543,0.03588734472000634,0.03208954037494347,0.015755927596128903,0.01802481924779244,0.018860529843405003,0.01878697608465113,0.015019715517485502,0,0,1,0,1,0
0.018000174427052353,0.01839125941429029,0.014720692250638535,0.015454483267570216,0.01953059505105139,0.014202486871978908,0.01414826242212867,0.019501362145559118,0.034480216628142706,0.051008318050103134,0.05823178065657159,0.06106101309873068,0.06709955183033281,0.07129885724368362,0.060605034188325406,0.06402373549245038,0.07573918744188972,0.06262805197209932,0.05811389693827705,0.03237323347941575,0.02314454949054057,0.023098482392023733,0.026876739930722395,0.019260934384192338,0.015062476529921804,0.013078128787568193,0.011685005914645616,0.011034322402929833,0.01068077833820812,0.01136871771367972,0.012828665666754347,0.01889017934878498,0.031599820189399386,0.039377248305417764,0.05444646966099815,0.059578276009623066,0.05949593560221007,0.06250428687814795,0.05729353147594402,0.0645694694467806,0.056706363342636304,0.04716809032787864,0.03518949150171994,0.028095704879883474,0.02696727826840176,0.025821840597022687,0.023540615213962144,0.035496538158061273,0.011032136809629502,0.010427732296419608,0.009800765328892824,0.009482974938126176,0.008658560521807445,0.010148137507402434,0.014555746704671994,0.020607628273518686,0.03192989552191601,0.04949152877365716,0.04820202894210567,0.05208107382243096,0.05485617211945848,0.04895671084502752,0.04962862921230371,0.05671914967450332,0.04799986833479135,0.03910103653419344,0.0325096025918929,0.025563580184199988,0.024237552120056464,0.015688077978597205,0.017825085788042795,0.015931056512670915,0.011022176324058332,0.010500011759738867,0.008995578199674047,0.00869677594039689,0.008497788564452248,0.008854015267436828,0.011933235036333265,0.019239167015265183,0.030205488489278665,0.0346563409174436,0.03663865145925975,0.04085425325994309,0.04327192070042381,0.0444723877534767,0.04330793421183735,0.04363778657000458,0.04108246403057651,0.04222230919128053,0.042627685817240975,0.024994349854841936,0.024809294747823184,0.01936342210981162,0.018890939520056396,0.017413718876213923,0.013892977363926709,0.013214489866718897,0.011829938216470761,0.011662687721461956,0.013098611004183233,0.013700807910510971,0.015473006952144376,0.023583022009064574,0.032140334378572034,0.040763509703460876,0.04789071897750508,0.04915882549944259,0.0423845078592176,0.05166102517719281,0.05418031907993908,0.04703672873697336,0.04673596652715941,0.03915828325923825,0.03527800856590205,0.026180422642787922,0.030060148165811647,0.020991752364153172,0.02046181914462551,0.020901192510444182,0.017388701449739655,0.0138616724150402,0.012148344255589503,0.012462644113371226,0.010795836453858147,0.01152558565355009,0.010626257789887756,0.012372270094075676,0.013733043851312892,0.018896819962296703,0.019152496122555297,0.020314372726085658,0.022362618674800626,0.021440667380861873,0.022182470184615825,0.022974052233986478,0.032593705536492254,0.026332721703007746,0.02406971541842192,0.018555790593008607,0.017437340247935553,0.0203517955591702,0.018860334655224794,0.019177944120657302,0.017702698182819155,0.024411096285894985,0.01945777914763992,0.01764490727375493,0.02491463968722153,0.02124885134300826,0.009396874318112765,0.010281613590583695,0.01290541812379562,0.03618211790590553,0.014319418633994217,0.01766625307075521,0.01933256377191884,0.016484472722606353,0.01708188518036136,0.021843435392307754,0.02954746863528618,0.033781762837106835,0.02562285031238506,0.016685527888249098,0.018747354123037952,0.020165830510633913,0.01837747295062458,0.014231065259147956,0,0,1,0,1,0
0.006847613718714275,0.00629832320616535,0.004299322812856327,0.004743203653745486,0.005259331043583838,0.006290576285036729,0.009568854106929293,0.013732527271176726,0.015554969280017853,0.017541007836978942,0.021230913576950033,0.02379873883124684,0.022272584090621605,0.022313046371934132,0.020754081508881674,0.020404588118537306,0.033564282142953795,0.02441335682721215,0.017320729236272123,0.013547619465675769,0.010713540912406332,0.013705496386001718,0.013543200936577574,0.01344183231439912,0.00858730228797821,0.006779439056208284,0.006441309151279288,0.006614069182205558,0.006594553890282532,0.007299208023891054,0.007945671009299833,0.01332148757368917,0.014309551147865137,0.01653470311696885,0.0172891873934282,0.01710362926295761,0.018575904534748007,0.019999216799724,0.01865402303956699,0.017142253755502417,0.01744381202965333,0.016982527732657005,0.0160865190847965,0.014220835206664912,0.01193456027368372,0.011369487586023276,0.00828985046100616,0.007819483638941875,0.0057850076328777415,0.005674155071426299,0.0059224506842686445,0.006363300308738108,0.005972982712124452,0.006851946207294667,0.009377219605566504,0.013780792151185018,0.017092362514404387,0.02193854691268652,0.019321678575852836,0.01667931591426981,0.01978311709519935,0.02811116237094427,0.021901588247499316,0.02750039897050178,0.027576316580662903,0.028864525704755343,0.023035007450131047,0.017225120863909905,0.013278391647681366,0.011938440604038545,0.011064703249040813,0.009697161437108599,0.008281521781958732,0.007721987900962292,0.005840822106532262,0.005512728268804681,0.005925390622009399,0.007052376458788512,0.00976441445623569,0.014842839257750559,0.017708803056755252,0.02201010701544486,0.022969881171606848,0.0243908384045651,0.024394383000905115,0.026668185650990106,0.025119924660889203,0.025804966033229394,0.024434098337609293,0.022859981924535814,0.024036193654270833,0.02147019815492829,0.017107378693191663,0.014726789390395595,0.013452827987606398,0.012763800615688364,0.00925012268977947,0.008983715944425926,0.007977114881991203,0.0082983441507706,0.008128947843822776,0.0086235070469042,0.010817686867228745,0.01906553274246542,0.021663302243575776,0.02536862790029869,0.024437841161313385,0.025798000609494512,0.02546597899875726,0.02684734584888016,0.026855852691441844,0.02563813895683616,0.024473381870032253,0.0242915788999695,0.026644578042216396,0.021409210013007822,0.019330768550928,0.014128924476133007,0.01523473575189529,0.017372580091471652,0.017981852447799932,0.0171911865557259,0.01776274521331155,0.014139897590043516,0.010074653083951335,0.008116228349933426,0.008789927601373846,0.009493795257307381,0.010805225242219383,0.011843610496339276,0.01322174708112993,0.01652759439254423,0.015164471565698443,0.014791630522406828,0.016754336316809552,0.015488611973478351,0.01597155065490393,0.014220506677545888,0.013868538444728053,0.010321037970189736,0.010795488677935772,0.013734553346077621,0.013430261416241453,0.01249830626544922,0.009763738475456397,0.008635158925919175,0.008212723110665704,0.007294212339247215,0.008223726556994684,0.006467508514466344,0.00590402312294312,0.005838910596742392,0.007740074175653901,0.011779312255031375,0.011287555426620114,0.01159293025108024,0.012326373836099202,0.011412775737785978,0.01147473850376748,0.01305060298794101,0.016499868790177376,0.011004984369367598,0.010541301235064787,0.009455157000726484,0.010393113006756433,0.01366355171082205,0.012834756251073332,0.007687424039905775,0,0,1,0,1,0
0.0071712244472977305,0.0058973887167741955,0.004953001275010358,0.005171595297894189,0.005594341383899284,0.005931124764263946,0.00874527919360697,0.01564901615960732,0.018406569975106916,0.02244755674750584,0.02819889789652838,0.028533504592239942,0.02864092857194251,0.032758676048461215,0.026742751614733145,0.024098805090529946,0.04540104419413649,0.0256339743771692,0.022355574225260168,0.01571039539525054,0.012753499261977264,0.01206703384250783,0.01240076866813845,0.010077741835920969,0.00910938306654926,0.006820845323163228,0.007166813024472447,0.007070326331120658,0.00707728792879983,0.012803500014278525,0.008968988426891296,0.014594285110329678,0.018652812921367237,0.019807466555252798,0.022965235599146958,0.021975279546126675,0.028041408751424992,0.025982085657237617,0.024232377275871398,0.023489996047119023,0.0260736876526914,0.022481650318043854,0.019262290058639022,0.02019789253414608,0.010899516479393585,0.011553119955414732,0.00916432815197022,0.009342815327042916,0.00796333139507445,0.006699530049766383,0.007127635507922021,0.006963732437326769,0.013920042229930747,0.007447844036999799,0.010197818597271013,0.015683888679760855,0.022465501797351108,0.024721740604308314,0.02686210475739227,0.02316598249328932,0.02010590529437281,0.025846010405757062,0.027212837495248214,0.02774363404146351,0.03103800613056755,0.023582428357250374,0.026480259734277593,0.015208786609906088,0.011385056258823877,0.013042133452814115,0.015257032525807459,0.02462686826701273,0.007551865246503343,0.0262099862592803,0.006531670366103381,0.006556627157942307,0.005820642908162797,0.00774331981575257,0.010401977333263812,0.015036732928569729,0.019948365363024596,0.026327573126960244,0.02510513980835036,0.024987575499381548,0.029404470323506716,0.026401344631478856,0.03149554491932079,0.024668791352241783,0.03801375461070221,0.024589185432057074,0.02007884103053344,0.016230650262693956,0.014405844389631016,0.014296671505182514,0.014147225132981224,0.012871845103200212,0.007928207491445528,0.007558371069769443,0.00787043600138087,0.007604722200177334,0.008070212181140308,0.008623860555454282,0.011159179964746047,0.017781872501621554,0.02612697748865814,0.026990181841803164,0.02481320584244138,0.02701014205089079,0.02701229869495877,0.026485803590601018,0.02795206898013345,0.024435292626648168,0.025061738278192348,0.02203912560288436,0.024897252766986944,0.0195306065910457,0.01591214855352671,0.010161218383517414,0.015770150762832887,0.010098971417341064,0.010244586809862757,0.008173524608455612,0.006919500594885014,0.0065257006309013925,0.017265105677941844,0.006627164538514253,0.006913792284521416,0.008369316573773548,0.011672844458521852,0.011866764273630526,0.011738946789908998,0.011676187694066616,0.013094689695383644,0.010799804460612373,0.013068420921632996,0.011962583354384427,0.013249674572282771,0.011697897694677451,0.015136125249587592,0.019747730901620148,0.02232235064872414,0.024732632248131794,0.020973035817206793,0.01829911718117969,0.016950805132165875,0.008387545021451307,0.00824187505574108,0.007809672803953158,0.005250762936854236,0.006124300549497682,0.008552698916802279,0.005834199051301823,0.007274151128540369,0.01040849010049194,0.0089326396942639,0.010064366924354865,0.011054750396966023,0.009358270850317535,0.008952364346053135,0.009861342125166837,0.012021104864902904,0.013831124626504826,0.009764118397154693,0.009497609398342252,0.008039167345228356,0.008772177653946975,0.007989557945418523,0.007295824428415946,0,0,1,0,1,0
0.008584144212316472,0.0063799581984699295,0.005637205869932289,0.005694434903848233,0.005698709588732778,0.006643758523675648,0.009621555728163374,0.017887144654572206,0.021900627196915375,0.0250896324262449,0.030731851310354316,0.03159303716968246,0.033561187078145156,0.03386332690101855,0.029249648798508977,0.028489296257844167,0.04195863238803159,0.027316876594974913,0.02840425647959561,0.02851391322333259,0.020568183658260263,0.016806675406464334,0.016081334562597485,0.011358171154523472,0.00977972339484756,0.007853848201240979,0.007937449574455437,0.007361969882491498,0.007529067386736069,0.012435867917434512,0.01112140431669005,0.016054860318903137,0.020723242750308405,0.023083140182541175,0.026392708720229537,0.02606044833131459,0.031538227191635265,0.02992655278261772,0.027181474182637725,0.027140856651613837,0.030202702778950374,0.025106421811218593,0.028603150900272697,0.02555173882369262,0.013470927868403412,0.01613115827649203,0.012313949130555182,0.012936118816483669,0.009763050112990763,0.00845233031401573,0.00749709691742452,0.007165365526405583,0.012431360371780775,0.008471822650409543,0.011692675387107321,0.019157652333218252,0.024743355544520253,0.027542988305297843,0.030727693550471134,0.029889866328256173,0.027843553684356648,0.028259357026631314,0.030601226103273437,0.030220140334178264,0.03359095468580213,0.027222707566076285,0.037932438930818026,0.03157453589762626,0.0162118584049,0.016874104358872953,0.016053080063979316,0.022401651545252935,0.008954500940322798,0.03129697069559864,0.020625056158908067,0.017121836417206004,0.0069300998191556195,0.009514392631910918,0.015165065493982595,0.029582995114081564,0.0351677082119976,0.04017758783866593,0.030248834162102434,0.029570668745678392,0.03222573907938485,0.032988463672519945,0.033505604431099276,0.027665872751677933,0.03835154463409026,0.03166430358878703,0.025377557778821933,0.020325188274965787,0.01915024959560028,0.017274872705117475,0.01615349360553512,0.015023253438833836,0.012026873509667196,0.009622778928216832,0.00923625582429676,0.008484781568114157,0.008955466336709418,0.009396429585919646,0.011683702362824703,0.018341096325261177,0.03146541794143306,0.03834630644818079,0.03714439414809156,0.027656230061174323,0.030077813742980603,0.031038066101434086,0.03132055401580754,0.028058511475989263,0.03050122570590302,0.03032004187148355,0.029668256722288695,0.026334179505626953,0.01881060477686233,0.012778028946553461,0.016072674129469732,0.012718855546064481,0.01378824250700481,0.012894283010595082,0.011526270688819493,0.009341317505724242,0.014867190575356256,0.007377897687790572,0.007662827768496883,0.00936700232062286,0.01365754822371346,0.017603424513832764,0.01401505416437195,0.01427833699919945,0.015110776759019449,0.013024461787744938,0.016732956129629918,0.014367041125323174,0.02291024062710295,0.014617581244610385,0.02487511417644526,0.022733364447413987,0.020563675520209462,0.023213233559916356,0.01959556807401504,0.01719449414357781,0.017272409210166904,0.009145714690671379,0.008941562019011553,0.007814059908544219,0.006019526702966803,0.006767074778404181,0.010288904028078426,0.006397851465111302,0.009661546242251552,0.011335523944881168,0.010930768686709462,0.012333320723090875,0.012483561752568536,0.012463286441418772,0.012003270134527615,0.01560196125548753,0.014547123152313064,0.019023534929170905,0.015056667442939103,0.014498203616779342,0.010762253872200065,0.010243441162172396,0.009031116435582753,0.01339431508024704,0,0,1,0,1,1
0.019025510801614354,0.016108378713517363,0.010713274781919817,0.009962700702534926,0.008771185511470712,0.00810045050930873,0.011021718263623194,0.022630500032557486,0.03651816698855943,0.04279990434070969,0.04354486750518409,0.04022082871807895,0.03724314054288452,0.03493823134454784,0.03282252789201707,0.02759370013941258,0.03018098926999821,0.028624822415513288,0.03932110864862675,0.03002954701863578,0.031789861724648705,0.027914839421176993,0.02577616583890745,0.01937863804378147,0.016408105008941704,0.011040627640276118,0.011342563502738975,0.010316356669588701,0.010038286933410053,0.010943360937309812,0.012384798289550447,0.022522008450386675,0.04260804324066527,0.05471040401611648,0.05916441955729293,0.05088887276207835,0.05096315278491645,0.052592463742106875,0.04689615862681153,0.03638647135196069,0.02935015856772092,0.028270407105648532,0.03211528701122887,0.02974344660376235,0.029496688317555274,0.02595948119392769,0.021045516873321415,0.019194185608763042,0.014530476856380753,0.01162635023633334,0.011373329811579524,0.010264624038680944,0.009459236386414655,0.009131865314548364,0.011261318192548015,0.022313374087949225,0.03310609952026342,0.03970376107818037,0.047482904359891456,0.048399426584487114,0.047651892826295034,0.04093539253546706,0.03588965243028538,0.026060444010128952,0.0306946565710632,0.026331712344442745,0.02663524429697502,0.03029702156922912,0.0317258511190241,0.028131862630299462,0.02383326151373946,0.018867887034768632,0.014192287863516315,0.01183043318665411,0.010805111140590863,0.009804873049159958,0.010945358812693672,0.009655211554357886,0.010595393271681698,0.021208704662314514,0.03281504244330736,0.03913289075123288,0.038386642618311845,0.036753065215232555,0.03428004092851348,0.039224418994676234,0.03262684785394916,0.02727530446942267,0.025500540237288236,0.023761985701049863,0.027239019377962904,0.026962232671548392,0.02990867828573312,0.02592130470513154,0.027099675599886436,0.02182780023282924,0.021728916843408597,0.011813837237327115,0.011264018831427193,0.01004551553572706,0.010340269265491007,0.010881787197012799,0.01616248356354364,0.02081874004128153,0.03595344750918301,0.03711366385306057,0.0389347680563123,0.050943420701343035,0.04800971642728424,0.041822166658924416,0.03512148564322526,0.030891876576105176,0.030887089167402133,0.031899212035386156,0.03897064372659707,0.04043775149350531,0.0256090932416793,0.025613041463207396,0.025953887472050678,0.02297807531472741,0.02590295256818689,0.0147410633487749,0.011196856716255369,0.010856035648212423,0.011132049318740674,0.010267864163164678,0.010822504117055588,0.012925191492293623,0.019947755081724333,0.024598845502204016,0.032649824599917276,0.034171522722497454,0.0320950065108391,0.028822743404616605,0.023011168675274373,0.022792521184011986,0.02160128698315979,0.020944305044392156,0.0232372228198877,0.022397360485324543,0.023659842172762287,0.02452018241259357,0.02073920957242565,0.021493257411053127,0.02286754045931851,0.021610228175885995,0.009694718144512213,0.009198389423448437,0.008706664611503543,0.008349089465173862,0.008567090740810525,0.008710619139964376,0.0096932302665276,0.011744349446750357,0.014567933340244487,0.016107299562450612,0.018906521467785306,0.018457489178031253,0.018926386556395666,0.02081482565729254,0.02110613202109568,0.021285176774848636,0.0207990235835241,0.023891936521583345,0.017526611770876596,0.020970322381880183,0.019571602714167774,0.01516707414687985,1,1,0,0,1,0
0.044157840735414775,0.029371122327129053,0.022953827877908693,0.021008504219328594,0.019941738166323657,0.02321479807890139,0.02849453863007406,0.05280812864454447,0.07759537629228139,0.07663255864676354,0.08114147687359613,0.077039084578183,0.08160551635799866,0.0720300045906845,0.07462015107311139,0.07095864762667954,0.07360354171036675,0.07845985568760908,0.09744963436342281,0.09103247541396124,0.0783346545117681,0.06596155737609899,0.06974193561428144,0.05604751730691763,0.04546810439976788,0.0345306480743133,0.02856372655942407,0.02455753515310991,0.026088189287017147,0.029419161256245465,0.03229161252857071,0.059845018562843605,0.10070807474330225,0.10351722815224762,0.0849527130122782,0.08692303924705488,0.10450493472433565,0.10091599280406757,0.10621796439742534,0.09105451302223945,0.08063608349310912,0.10664235324013085,0.09663684454966472,0.09418588107090275,0.09211344332979778,0.06956053957415724,0.06489853402139734,0.057071703730713685,0.041640328587055415,0.02785171916452294,0.025627054381225062,0.02147482843088217,0.02319860511847868,0.02075490992927575,0.028796422872581575,0.052141745822380965,0.06786216997815607,0.06306804042395793,0.07587507160222821,0.07784926843968888,0.08601790951541664,0.08000187443570991,0.0678167800280565,0.06132442245632911,0.05836369075576824,0.055848160100689756,0.06035474485465073,0.06825854802025318,0.05888621079562828,0.05591187015584004,0.04806625563614106,0.04234704264673783,0.03260452036872186,0.025891060663111958,0.02201905126428891,0.019270425526382796,0.02177247037002627,0.02023190608827313,0.021452996858008087,0.03530071377564907,0.05003975772278252,0.05265271587848237,0.055532006407183074,0.05779707126797103,0.06097928584363354,0.06597265116342477,0.06138274292444318,0.055687238730418906,0.05635038523484221,0.05340840918013489,0.05466660689220427,0.055175056499496854,0.061541930952038984,0.048520458058073646,0.04688359015507001,0.03830529223277249,0.03617614524870763,0.02870099734807087,0.023418655386322207,0.01948411432214474,0.021448293833413214,0.021294686507398217,0.024716078459483922,0.043092872358908,0.05285684464557438,0.05524247685357317,0.059004038947050995,0.06906843447059707,0.06360500403246738,0.07017268418764681,0.0639383156600896,0.054143330264123504,0.05649869640267608,0.054085406139394186,0.05410923794489106,0.06256523405037903,0.06223755276962333,0.05195828881263729,0.04379229505878969,0.04236962520759327,0.03623961594358458,0.029829720100111423,0.023330434034325394,0.01893029996877652,0.019404244524711848,0.018499231027007488,0.01755184425313739,0.023941204682941912,0.029725393306027935,0.037381869293165976,0.04707837939336469,0.0435914382955498,0.055693200242319614,0.048050634364653774,0.04161419429000755,0.043705727343901254,0.04458450288382765,0.04962066035335046,0.05172275454950346,0.0480864104462232,0.06109947139262169,0.06294058857698508,0.05248123951348842,0.04841206153706172,0.04674178538334592,0.04103925122103439,0.0253610908888876,0.022115799530413812,0.019982007790757785,0.016893497584606215,0.015197182600388081,0.01646009746888523,0.022104394539910473,0.026681601775671398,0.032361145880815394,0.03828208318721207,0.04020376439189671,0.03857854099058797,0.03948471271880928,0.03773735534283584,0.04077453353167233,0.040510696647080784,0.043643887064183595,0.04518114723276738,0.05789897059482294,0.04613400564085247,0.039221691682682455,0.0351991517526007,1,1,0,0,0,0
0.01423530702529307,0.00960521401019623,0.009401101320903523,0.008913136907015368,0.009046644423334733,0.008760644406050006,0.010062435531962498,0.016643718047398337,0.022648210613725153,0.028481659860939184,0.024603139275885106,0.020161038170112843,0.02017762019223515,0.02243466528293153,0.01983296662147214,0.01921519956408405,0.02174198148854485,0.026325198203736886,0.027983427350410508,0.029886978913862838,0.025098948495129746,0.02903178786689212,0.020849283252736602,0.018625238007119817,0.016563460013409612,0.011340849339673338,0.009061075600230768,0.009397269955994122,0.009132343459782965,0.009127116433466089,0.012278649424333543,0.018768358905266843,0.025930788428837767,0.025931481365378786,0.028663928235335326,0.029608528406637226,0.03155622960762153,0.03744005194684324,0.033925454774005,0.03205100371340949,0.03053272274589497,0.030190220641865967,0.03780160655092299,0.037518050007237146,0.036156707037387756,0.03441334076130211,0.03206867036132413,0.03301629262110128,0.01745446602579508,0.013931910520752558,0.012163708196094471,0.011976220879669743,0.011432158561428192,0.012333140348190729,0.012933872071419992,0.018352909149881507,0.0260725244582312,0.023203213277335117,0.028504384368902343,0.029887801021918087,0.030421818377598657,0.03455594134971126,0.029395716503118185,0.027837794875285437,0.033629602473181607,0.02967917274468375,0.034790441644208796,0.03341531820113815,0.033562114723907646,0.03579936283273527,0.031442441808122244,0.027710062331168597,0.01828004972898178,0.01507432923560394,0.012552755065535968,0.013042792301010284,0.011963169649339763,0.012578423735409596,0.013732408074480536,0.019060308391709,0.024864038007667313,0.021193467658084393,0.024487785146184396,0.024519369399543463,0.028154465587609014,0.03686107235546192,0.035966917356226015,0.024015530037279343,0.02664685750160753,0.026652908073624852,0.027290715459962176,0.02831382104624173,0.03355995741955953,0.03502223963459911,0.030672863847429788,0.02307129415172962,0.012938557785543797,0.010590908577818754,0.01613291435811629,0.008746752679484665,0.008204343245021986,0.009957179389613161,0.010504830944613335,0.01699955883314496,0.019807993962302133,0.020982607365072216,0.0257366432443264,0.03053620328707427,0.024199236310191278,0.033349682391198864,0.03364462089500865,0.031457045165527844,0.025040010192125255,0.026433567877038218,0.02611480592426227,0.029124136573535034,0.04370201585846487,0.03581600654247165,0.030210575374013428,0.02899482380964157,0.020886304951792854,0.014109269737649144,0.012128263875007364,0.01264296114092216,0.011371783728149424,0.010930287947374863,0.011899984457413653,0.013698601542951674,0.017060029414600823,0.02247945748366996,0.025018709086311035,0.026721137467091448,0.03075031486004695,0.0287584125517538,0.02554359265102764,0.027068977480410036,0.02894958423249346,0.029268664396327203,0.026337216211936174,0.027131341789237675,0.037917716791168524,0.047280871008221745,0.03893632091549753,0.031876702628503166,0.024849465652099115,0.01711821937743751,0.01404553217930807,0.014145698384567735,0.012658148297112502,0.012129871476124363,0.012016730132258634,0.012578102202833312,0.013814219931369434,0.01511829125634505,0.019203429464426748,0.02125108848804382,0.02246246860826542,0.02386182116621512,0.025783576197880412,0.02092644936405577,0.02290199390600721,0.026714813973618592,0.02570831431950385,0.030380230626717453,0.03791962992261704,0.030226638370712215,0.02686887458630403,0.021425022566562493,1,1,0,0,0,0
0.02446366753448459,0.016663322466758678,0.014796161152807609,0.013841371404753366,0.013782964989943395,0.014244800281100619,0.01509995544160164,0.025094427538163155,0.03554412581006643,0.041578041205273135,0.043696263257397984,0.03973996694286401,0.042115170359200794,0.045456819332068917,0.045439847076969554,0.04390733832347734,0.042192707305193165,0.04537415708030322,0.05167100080478891,0.053782131170687975,0.05634399257570402,0.04915235937193641,0.042284108764797525,0.04041733240049116,0.02734846371824208,0.02607014473285197,0.020291314288233032,0.020162622918032058,0.01925997936956816,0.019995604037816923,0.022683200526726625,0.030870538313070066,0.044022289198409725,0.04285429955203139,0.046069135402845976,0.05012564293175396,0.04489589924688918,0.05108590460480127,0.047355263367003915,0.045377315487046106,0.05032153090242127,0.054066115054110325,0.06308219706681954,0.06138090993970104,0.052998532507579965,0.05083318103978349,0.048716423642272,0.04217692485141363,0.03045415894590669,0.022963286999069837,0.020741914631090826,0.020406313490589023,0.019738139122690384,0.021981580350680603,0.021046048006365194,0.037118136806369516,0.05382145883302308,0.04617600156902468,0.04515792895751343,0.054130650276181635,0.04659704231664961,0.05321695152222633,0.04395191089687931,0.03819479624345831,0.03820152493114791,0.04063478056586174,0.04699290514138493,0.041260711694031775,0.03773320941030938,0.04461638650065972,0.03718347570301628,0.034268645089945,0.024179211618103994,0.021572201214337484,0.019072040865188974,0.019501143142799212,0.017727460569309562,0.01793529349733924,0.019428024377625735,0.027446157023911708,0.032084850919273766,0.035746957373069245,0.03617066437284694,0.03858441992171702,0.04172474992402843,0.044110377690978066,0.043555571578083783,0.04127983039602027,0.04464526100993384,0.04462938002755649,0.045236574392896654,0.04311064919202205,0.041580974528379964,0.04228809055023109,0.040568634201408646,0.030875643269627363,0.021796648553774,0.017644254898309394,0.01801525348284823,0.016614309409447643,0.014901341234431618,0.01710140293268706,0.018991081138082587,0.02530976276656175,0.03142579502738913,0.03556642819626762,0.03716806992806745,0.0539529087563997,0.04235371371723977,0.0433129215621067,0.0429785409272949,0.05070553024429991,0.040971532168881636,0.045355585337393645,0.04137359422740217,0.04042095023334946,0.04185986894261327,0.04117444670681728,0.04100316205477758,0.0453094916658046,0.028017182643850218,0.01991053158810526,0.016506473263903518,0.015374048999474902,0.013808108697226776,0.014248854452751434,0.014851550429214131,0.016095350514484606,0.020610992177689764,0.02636940485805413,0.03251880704664978,0.039185221450633585,0.04097783423894388,0.038320455601830894,0.031309416473375255,0.03132796442724768,0.03257484000325606,0.03807923890665087,0.036713309491949064,0.036099504036788334,0.04063863470283626,0.04766488354544929,0.0422767047555466,0.04078112468726493,0.033154972272861814,0.023066924140735655,0.018679629186276574,0.016391071586131182,0.015187723156427432,0.014675180676115424,0.015864665896485556,0.015203953403765466,0.017315943240947318,0.020540819377493257,0.02435575061937411,0.0265270781939555,0.029682564084467306,0.028544524450871866,0.03191435836268088,0.029032827599075446,0.0330125793885542,0.036393248515907056,0.03615780001977054,0.03684975993797935,0.0326748233149346,0.031179020314209688,0.029991336479187343,0.024944080991967935,1,1,0,0,0,0
0.02810527402522414,0.021706670187353422,0.01953163210410419,0.019814280128239554,0.01892055916600353,0.01792681004981766,0.020961430009496313,0.029497475438761786,0.039631481462837716,0.04370614695815133,0.04517819857411889,0.03979295803897957,0.04544784797286623,0.04926076048699471,0.048743461567082445,0.04920161077466284,0.044640122399303234,0.042769967044876546,0.05030621068906033,0.05150699079391631,0.051451195287483965,0.04646186025648628,0.04327205144837765,0.043366659644734774,0.03856694029265144,0.03704131651769468,0.03390276958997744,0.03330977435174086,0.03314878077232288,0.032104312139487653,0.032826548798287544,0.0462111434286741,0.04222696461378472,0.046299819738710356,0.04463234311104322,0.05470304127421391,0.04530685918542864,0.04802281601471488,0.04641246384825746,0.044252575614876714,0.04431806680257337,0.04736771883310875,0.04737836732690291,0.0566073033552827,0.05177092145049194,0.05453481593979921,0.051347985754506574,0.04717338946999529,0.05248556316828616,0.0347126979197405,0.03347349772267332,0.030052017830033532,0.02869046987482644,0.028540987458720066,0.030180655282163946,0.041728840549035424,0.04625538199551045,0.04373459135515034,0.03990262396606964,0.04235652456673043,0.042953225152508774,0.04415169849447053,0.04346747724516133,0.041079326906517846,0.04139577405895806,0.04300078353280509,0.057446857027113586,0.055471828006438705,0.050189823805131775,0.048767713366671885,0.04409713204550537,0.04079609699004032,0.0417915378815704,0.03621542637421149,0.0345683840956986,0.03321470722276668,0.03287230459346026,0.0323593587461219,0.03373369153695626,0.039288206498221144,0.043060856047979455,0.05557337994615137,0.043388159576676834,0.04256751967304632,0.04363052704126547,0.0459222232637299,0.04661390426973273,0.038118789778495754,0.041160828780753965,0.03613962228518645,0.03170453444057878,0.03545746559081618,0.03383892811342813,0.03098743794146544,0.028215314502968075,0.028509698449065087,0.023331308155212588,0.020000042645014256,0.01872646610928914,0.019042964585580326,0.015257654543318127,0.01803512711284311,0.019515995632570067,0.025471160509237405,0.03314042616257603,0.05143310203028493,0.037150248047453115,0.04610280404526546,0.04207585047868903,0.040028087198729446,0.04187046399720596,0.04481951892095103,0.03349748120244574,0.036530624698263285,0.03705196807543347,0.03520047259695771,0.03454425572499129,0.030765844023670837,0.028893882614665457,0.03363275575567319,0.02912765846057639,0.018359793053812117,0.017604347534674086,0.01735587008610251,0.015823140865094003,0.015981592724624568,0.0147105279183705,0.01671073249559013,0.020049555821206676,0.025152170225467948,0.028579764035629878,0.030694114361925276,0.030918113022504273,0.028704866021452845,0.02790548217613883,0.02690709328448659,0.030669216343043617,0.02881414871240011,0.02859696850681587,0.029567225892203414,0.02798535297772855,0.03901745824404922,0.029539297998038252,0.028787610468610947,0.024355637996383066,0.020483330254849164,0.0167053190753846,0.019019873428017368,0.01598201719863381,0.015062504042517107,0.015299133719146858,0.015343935029153178,0.017672431505286773,0.0200060786854649,0.022865358660360227,0.024049319168227678,0.02743369761381586,0.027263436930108863,0.02781617187763119,0.026827559272653668,0.029183131969163056,0.030441558944048295,0.028890522442001822,0.030435202130182394,0.03045980122290033,0.026047944693205257,0.024764187139823233,0.021779460945536903,1,1,0,0,0,1
0.021717307711129587,0.01917120042913015,0.01718522973622109,0.018031157262544947,0.016715432974839527,0.015954354437390503,0.018668483525733852,0.024509410632407014,0.033112515019211,0.03295231597649464,0.03347438733095153,0.03210642812829706,0.0354863182760033,0.03934744451025476,0.03725814226347151,0.03784458188209207,0.03566620532136133,0.03401070597676488,0.04192068412977567,0.040442451184024925,0.04230756905097969,0.03819864935090262,0.035523279375854075,0.035988177433950136,0.03336320438148386,0.031617874978653156,0.0297161578486953,0.029377519985042736,0.02914659024609335,0.028158625596501483,0.02811456631837513,0.03892080146628099,0.03270530894581786,0.032879713340955075,0.03327950224239685,0.04172899895101319,0.03531652938120591,0.03579853472127426,0.03988768439580872,0.03773270510933973,0.036852286510599214,0.03717992250019875,0.037074341508732275,0.049020252173752936,0.046640040736585044,0.04972435535466779,0.04703273343457578,0.04350199714854476,0.04990417497741338,0.03337980654525347,0.03253072304489143,0.029258945277140402,0.027637286577050026,0.02756479204231531,0.02957635195750366,0.03808945708669895,0.03753267800957445,0.03821554596975984,0.03597139951809226,0.03635637874375152,0.03772288158904818,0.038291435775385275,0.03988210228783287,0.03916591788709673,0.039710821235282315,0.041336301172327505,0.05379962329983001,0.0543599255369667,0.048945932489906446,0.04555757780765617,0.04344462662794876,0.040254505811035166,0.04176525933857145,0.03654808580957197,0.03476575457337892,0.03314701262424939,0.0330202420991986,0.03252882770073334,0.03367157532450121,0.03863830677427975,0.04223517466185461,0.054584583809284375,0.04226987310851925,0.04154179915190127,0.04239981998695123,0.043721695231464144,0.04372239002595866,0.035333772113051116,0.03793379864619375,0.033339855994893725,0.028608273000359254,0.03287656997663567,0.03204547042767365,0.02938507015415085,0.026111550239658544,0.02738923811184792,0.022647398750933384,0.019673333777629875,0.018255542459028728,0.0185592677048126,0.014685105833532804,0.01750905856289357,0.018708439669801808,0.024887053483434673,0.031489587240258146,0.048533311886369564,0.03483681338393068,0.03966832403471943,0.03807144900159983,0.03644474853510795,0.03790175192652566,0.03994325398011919,0.02977842878601148,0.031756541723084494,0.03296299166454411,0.03312259639552396,0.03281427524549362,0.028352070122700485,0.026899103983203415,0.03149643439928874,0.02755666489928454,0.017500526719260036,0.017336842142249093,0.016997836624542274,0.015660185400051596,0.016084757592276858,0.014861255185136975,0.01748141785926849,0.020271211190512808,0.024543530567951395,0.02704497091562785,0.028242474148911012,0.027413875385728804,0.026417826445964424,0.0260432898541327,0.02527703547641423,0.028999851648542265,0.025845456847058117,0.026821597719226157,0.02719580565713764,0.0262562405169573,0.03664393456115664,0.027890885336231276,0.02795070364647625,0.02347229396736079,0.019882244276615408,0.016604526029825553,0.019075939910366786,0.016321520339221976,0.014839050297074649,0.014758021195765046,0.015272127131444905,0.017627689013649434,0.01974882447343826,0.021608931569997346,0.023214173532447084,0.026635475787140525,0.025475107292004535,0.028102410444306693,0.025920871310566928,0.027130584764217907,0.028584512033982663,0.026401464662894707,0.02841968070180112,0.029181012795324524,0.024992021563136593,0.023152119694350923,0.021230128760301874,1,1,0,0,1,0
0.05133736179076349,0.044570498422065764,0.03894813847056972,0.03828886455240843,0.03758683478224791,0.03952274735238752,0.04361250268726014,0.06011730166273849,0.08396071713912698,0.08255437534105105,0.07842788883679203,0.07170540747886885,0.07949002811572305,0.08489843514155274,0.0695914820659078,0.07750280740056499,0.08176525214272506,0.0798443761770807,0.10178409244995357,0.07977574368518102,0.07956348009413973,0.08947943659925393,0.08777043196149442,0.07280393539171501,0.05825662849107313,0.05193882966356926,0.05016310496598015,0.04799880737415329,0.04768546450413891,0.04601785637508806,0.04922801276364977,0.06737664606907712,0.07984802343447715,0.08226902314699033,0.0895819526829301,0.09026238385439647,0.08302096221777881,0.0822401039842383,0.0940142480075606,0.0896698794623852,0.08892933328164723,0.08894552828488507,0.0942987279457391,0.09730855024112586,0.09960848007478725,0.0985408353183845,0.09441917498184359,0.07913018650314678,0.07254320194369104,0.0614335250733561,0.0615202438013981,0.06038410650423308,0.05735587087456567,0.06074288855777882,0.06098554121025057,0.10304479379244855,0.09180142206261722,0.09020185965118899,0.08854983853510291,0.08943596671834887,0.08730267529212903,0.10282098952560242,0.09546291587636178,0.10121687563763983,0.10916286527809735,0.13164057253075956,0.10599943790075377,0.11556038312420584,0.09960371652505602,0.0978400418652395,0.10664023268353397,0.0878643843512269,0.07620719447251173,0.07384009423649246,0.06692460202387773,0.06411585396610683,0.06399882516842076,0.06325351519918501,0.06804612188282011,0.09412523212508773,0.09714904237761879,0.10100001741389306,0.09887366532371203,0.11122170022545268,0.10010073965468634,0.09021564839776006,0.08711050422722026,0.07688539311431684,0.08189320370757026,0.08674896676339766,0.08351197101739533,0.07813007877177194,0.07504736868291319,0.07030817092021363,0.06544966967662016,0.05836132664207325,0.05056970069165414,0.04420844275726377,0.040032060659794456,0.040943508594895865,0.03991821620790346,0.03938049510863699,0.0423943012098036,0.0704260094995893,0.08414965811395747,0.0845540463399196,0.0832392687180189,0.0828324646265963,0.07800105024972893,0.07585677078020134,0.07649551374855247,0.07826643128405986,0.0796417138447033,0.08728163642661618,0.08274515321972584,0.08847962355197563,0.07423277946565571,0.06643392856193431,0.07455122909067531,0.05899002992957769,0.051525587595894,0.044826766486605975,0.039876859849697695,0.040271485175068476,0.03943294239640354,0.04174692024379274,0.04148752999134979,0.052792476126871095,0.06848337119781694,0.06266025146126807,0.07494806522192317,0.07526421540137468,0.06939323965671429,0.06859392262807079,0.061591643267959656,0.06842220676362966,0.06371420795656255,0.06506303203500147,0.07768849696490815,0.06698944252196268,0.06651881654737318,0.06277587870395447,0.06271359378617951,0.06310956722635452,0.06219228497364405,0.0513092800066245,0.04513546379182234,0.04387560245926911,0.04216029880861372,0.041328193176646766,0.03907949456483831,0.04671173364011514,0.048457515436374714,0.051359590063340184,0.05446782805692167,0.06207997643226867,0.062251837509281115,0.05437903392749868,0.09522814972303276,0.08182477358276334,0.059610220867562756,0.07233449729995138,0.06972617219739952,0.07677392210877022,0.07647659522928278,0.06195327950762019,0.06348148333364922,0.07354524000934573,1,1,0,0,1,0
0.05883046821050395,0.049300760461028624,0.05155716171545589,0.05574515043302897,0.03988647228392602,0.04188100536320713,0.04284063050377351,0.0514000110090622,0.06023858610693908,0.058932409880257566,0.06319983487993651,0.05713372165711891,0.0774401257160568,0.08195621395203229,0.06996811850746808,0.072758693631625,0.06164666051679515,0.07651345831650025,0.09548387985954238,0.10409295047018921,0.09934894558441773,0.08689048841851939,0.09326211073564322,0.08963361242370438,0.07484408084130321,0.05608579136400821,0.047811879884529764,0.048160498866751424,0.05320604033942622,0.04590725885399821,0.0542056372661355,0.07721816193762662,0.08322360192204536,0.06548718117762145,0.06413719781847219,0.07755308491110953,0.0637705725667059,0.07362166511263565,0.057009566237615356,0.047171540758344156,0.04610729701122442,0.04868576426499909,0.05508264554502044,0.05654246815536585,0.05406811166370409,0.05223483270333603,0.049220505095494124,0.046668691788510894,0.04147666139982125,0.04040019060468796,0.03722076992487153,0.03687513616954433,0.03442961785445568,0.03641257380543471,0.0384533588827045,0.05303766391291821,0.04787768868219601,0.04353526356293523,0.04678656636004749,0.04284714391687666,0.04224807932627805,0.049388842766101455,0.046946709203238575,0.04433404597783417,0.04618499603610905,0.054281303317300085,0.04535877432140392,0.052684218552504866,0.05014971918911711,0.049299528666125844,0.05314739082790705,0.04558167204360983,0.0395882667640403,0.03555245834875966,0.034978661229051064,0.03279368168084015,0.03170989589771737,0.03181819651011647,0.03423881854839328,0.04843663483665828,0.043343783605634525,0.041432705490817144,0.04214230037335871,0.04651104423985597,0.04966673010265346,0.04388817581337334,0.04047071711820432,0.03371940729510628,0.03419929839574886,0.03605450910189334,0.03769566011104118,0.03743089217471723,0.03671534181323091,0.0338668380418828,0.03171252422182642,0.029040896849426782,0.027317550689447613,0.023130366144930935,0.021231812358112313,0.022478682810737727,0.02256655743513831,0.023049683481881165,0.024855044255782045,0.03463772181814555,0.035629878815867766,0.036471913224586046,0.036734451027406724,0.03416173549538142,0.03350236480148526,0.03635762636707791,0.037268493923527594,0.03417139231905322,0.036453547248903095,0.036778271186532804,0.037768459904469434,0.039401702792587576,0.03644588402236685,0.033601624714353844,0.0366597837333559,0.03169580744256233,0.029352272001555595,0.025712267754316776,0.023467683923549035,0.022733137266316206,0.02193873978067478,0.02204505277272141,0.02412117721287353,0.02626652878930637,0.031231541012459736,0.03291151503025366,0.037595598616451446,0.033323719051986576,0.03437994498143997,0.03334057850436948,0.03105902721881204,0.032392680384480926,0.030028264965907776,0.03060456324344893,0.034689611844832734,0.03215347481176699,0.03040209903940031,0.03065638334016647,0.030802811501993037,0.029144177493031255,0.028640173897090837,0.024651819837661064,0.022424671210688564,0.022144522766498524,0.020898392608477766,0.020776294096638784,0.020394472168950455,0.022718587214178333,0.023737576758148117,0.025271078947170938,0.02587471037964802,0.027028135793451296,0.02917826844221173,0.027206644257007567,0.03804249742816556,0.0359238814641582,0.028117153829343752,0.03148966174418363,0.0333344629302778,0.0368798038677658,0.03891256438333859,0.030368303149074148,0.031571084022576294,0.03305094758932271,1,1,0,0,0,0
0.03482647763081251,0.03014296517778631,0.03108295187842218,0.033863084318171865,0.027581037021834964,0.028643528261528186,0.03005493051711823,0.0350568221198506,0.04045247739948669,0.03812963527161779,0.04501839263861089,0.03581881862876506,0.050115477739733766,0.0476704759991206,0.04307482835453412,0.041490167608124476,0.03686626125601859,0.043933045163485764,0.055171435758068016,0.06235888544790429,0.058959144238232154,0.05032029720031548,0.05263792333398621,0.05115468286301204,0.0441065998826849,0.034070082323513,0.028849579718821586,0.029781291308511308,0.03282235585010155,0.0304321570336885,0.03572385660461526,0.0497280918434662,0.056753030966780194,0.04494897703083726,0.04094962406604194,0.04829348683519553,0.041838557484082134,0.04885754042419223,0.041769583554476165,0.036258443840546,0.03768049636382181,0.03859017418666289,0.04301337779301263,0.04374557178406361,0.0393782066610216,0.03636283051774403,0.033988971768845355,0.035041427937456286,0.030929705545327146,0.033184092812004094,0.028049889236512283,0.02646370370749469,0.026336034462873484,0.027859239916289438,0.03166717918940296,0.037043964536965304,0.03518910629859001,0.029751925744910885,0.0346941873768963,0.02990650156832313,0.029789913222835217,0.03454913193552429,0.035296722894193444,0.030923001826432858,0.030151036378877838,0.03262243934008337,0.03126160169887854,0.03596524669699803,0.03660426375449065,0.034813175821379896,0.036554578370038,0.03433395968799618,0.029508593925637476,0.024777045984491083,0.026585112714531654,0.02471356896468344,0.0246541240675059,0.024445967014729147,0.02708431239275021,0.03603806994735732,0.029072799354025687,0.025944579173522397,0.027916132297422378,0.030672674355512193,0.03567631063602316,0.03311077094721545,0.028874781099555775,0.023536346586714836,0.02308445572011231,0.024047943325221446,0.028473190199928885,0.028647070985504695,0.029531068281085312,0.026507280851840797,0.024842864619771525,0.02262099180076816,0.02236306129497263,0.01858345122877432,0.017148974687969967,0.018951054629930884,0.018506464622965155,0.019581798025044356,0.02236664673748511,0.026119453767629624,0.024254407009653,0.025125606237170826,0.026132053484971857,0.024245934590874603,0.025191074172703443,0.02650134462654174,0.028370447024811438,0.02597622108964806,0.02628201158618153,0.025201898530505744,0.028667628239394095,0.027774860956966605,0.02536580645752169,0.02467622786036386,0.02529751210216609,0.023186117989947987,0.022711965490193907,0.020955145913435808,0.01925201379345549,0.01938505302182989,0.01857655041569294,0.01788001052185846,0.021272244773724806,0.02055176909060783,0.02087476470135635,0.025374408043313902,0.0278290817543341,0.02457823357090813,0.02409145851249896,0.022697667892996036,0.02357883598717867,0.023499517604289658,0.021472380500717304,0.021490736332021712,0.023377278722644737,0.022248277109304562,0.020668878599507452,0.022799876419289714,0.021712064729601997,0.01958901253916342,0.0179769770571423,0.0171815668216624,0.017582788448501273,0.016850983154990402,0.01558905966134541,0.015794873477027252,0.015885517882765907,0.016244021909647494,0.01655591653167105,0.01799833784959131,0.018140495918741714,0.01754382963656064,0.021158308433915165,0.01964773096439214,0.01954464619961676,0.021419058421049617,0.019238667883614675,0.020003072880709422,0.02217131063299279,0.024227036091034493,0.027057076101800085,0.020301788871561553,0.021818844774097783,0.020637416265875935,1,1,0,0,0,0
0.011854245380531815,0.011214324670970463,0.010300070662187953,0.01128430648914112,0.012678437081703475,0.0126532141536647,0.015306999812361685,0.02077228875157909,0.026532874366111805,0.021795757568490906,0.024545861194609424,0.018194949782403755,0.01988917108568476,0.02198735332360492,0.01915317071053241,0.016581692978278804,0.020323314652944555,0.023212380235151205,0.028575509425258244,0.03142455370126496,0.025612713172908325,0.024020710632506072,0.022012351148800353,0.020271676820275805,0.018390230489995617,0.013971119733177568,0.01289293417106604,0.014299820835730908,0.013863100902349932,0.014573674526975122,0.01658544752590496,0.02531090640987889,0.03156746273163322,0.02651946266636383,0.024468757165615057,0.02353521729265057,0.02372949589621289,0.025829994704620753,0.023357295079406714,0.020595554520464816,0.026802281850174383,0.029063446095983998,0.025756471443937324,0.026127948543376585,0.022411804449295972,0.018475640096511103,0.018931921551263466,0.016802394489072774,0.01420321164772163,0.014129861974647724,0.012511115175698913,0.011760234329858945,0.012838948420185474,0.013412440494216589,0.016635800388139988,0.01942349008853179,0.02171173302385643,0.018942454103969948,0.020362551484200693,0.0179749609836734,0.01811790455237147,0.020136795745094926,0.02201124535195324,0.020315088703267016,0.02040831168752269,0.02376445600058281,0.026220215500652375,0.024884094268041817,0.02315164689218787,0.02092971510986086,0.01982002505887447,0.020646341832340598,0.01689220627537631,0.0157821842749885,0.016960784896263577,0.016719931787808964,0.01804711134990547,0.017696327494130942,0.019803538417550493,0.02116932342336653,0.020196519188901148,0.01794316655922983,0.018634609742081632,0.020765854508064386,0.019675163395157666,0.020884164298273722,0.020757770245635042,0.01789220775109333,0.018333124269042964,0.02038904445225789,0.02586348746950654,0.023351446573292124,0.022951654386748864,0.01998068683968178,0.01904056299110793,0.017016942184828555,0.01592576380615091,0.013559048009415134,0.012614480199917887,0.014223491361659967,0.013001917680072108,0.013874658126513652,0.016657302287007025,0.01853280273936564,0.018988780213501366,0.02007362078085422,0.016908947520518844,0.019378554506380357,0.019347897875729717,0.017285285939524754,0.01977169868777998,0.022232689655063035,0.02055721006533716,0.022647625161909227,0.026292045162737535,0.023123318413856984,0.01803614244576378,0.017026372366080938,0.015229375898705566,0.013165970954086052,0.01257381825547544,0.01261525627670138,0.011440523947677068,0.01280251807272649,0.012808980077337757,0.013113595646318428,0.014760952753135687,0.014561670125955963,0.01404959913937766,0.01563879632859518,0.01679673967554012,0.018796699423692734,0.015221559617048972,0.014445806755654626,0.01529183458550151,0.015788651802170303,0.015264117816541202,0.01546936164044275,0.017765188643555217,0.014391418027099022,0.01439972200688824,0.013596287432863,0.013079539770866174,0.012291338783189559,0.010395786915757502,0.010960859672907034,0.012165141809121559,0.010970387599651943,0.010386165495902048,0.010666001679633438,0.010443380966391337,0.0105189628770732,0.010096925374052169,0.01189664042078388,0.012534367992369708,0.011365031692332045,0.012436469006404875,0.012435282128988024,0.010873637192610787,0.013159747937503975,0.012597890472890873,0.013668393402829365,0.013869880213125683,0.013566234101491093,0.013696757608544503,0.011519819999298896,0.011743825460726293,0.011775091749376694,1,1,0,0,1,0
0.004115401461219834,0.0040972207952835625,0.003740967032888203,0.0037796259456286197,0.0036600985796025236,0.0042241780058464426,0.005215796520112895,0.007159493287713723,0.008322109673168907,0.006257873042277101,0.006033253904881059,0.005817911824852889,0.005744830035227602,0.007058653358734087,0.006565117544725911,0.006167522908391201,0.007442287789094924,0.010361497974855065,0.012883857883125792,0.014768963551331022,0.010902978590852992,0.01072099859261747,0.009884591710455666,0.009147014194776516,0.008721837759057537,0.006182506352729204,0.006164141445180935,0.007369777958745532,0.006175526496002126,0.006727209453797852,0.007000060056989386,0.009113035251847012,0.00989205940822424,0.007571729471189526,0.0078180328045842,0.008122562661308869,0.00734711902813788,0.00800295312000573,0.00904556724391439,0.007963974260918258,0.009410003386576873,0.01564165158998297,0.01233471648566604,0.013178032108746067,0.010357797934708214,0.009040630738859499,0.009138802765171322,0.008204149173705029,0.006232215766327264,0.005739424981737882,0.005714753321477463,0.005820883181206086,0.005953217500737945,0.006214494011830417,0.007181924839978734,0.009243657383653466,0.009394815309148435,0.009396690994514713,0.009029852410956713,0.007396720115282741,0.006944600766926219,0.007825815230319185,0.007950745652525803,0.007442250322256906,0.008512968135033832,0.01133867009153425,0.012382669574811725,0.011998594920441488,0.011018016542829422,0.010114066588585264,0.009201609139991433,0.009105805565649144,0.007075589289364344,0.00671997982638374,0.007113619673633732,0.007570302627317773,0.007584785423670387,0.008422487022372041,0.008942810185135656,0.009718968493023788,0.00869707234866007,0.008222486407532984,0.007681896759825158,0.007482029715273746,0.008202645877008677,0.008774735669827054,0.00964313034395871,0.009136965821425196,0.008926278403579999,0.010647706315821154,0.013293034826098622,0.012008168567723083,0.0105806330995219,0.00926606079132321,0.00858636139525616,0.008246395392869551,0.007435894729279042,0.006663672129525243,0.006550731302867018,0.007212106585699007,0.006879062695178425,0.007611657013301557,0.008226156140619978,0.0089138225346832,0.008466128420309017,0.008059082032422064,0.00631219828308472,0.007673020596985117,0.007497357528681203,0.008524409670712668,0.009457203261155516,0.009892105098304639,0.010867230272370163,0.01225515176215804,0.013708828723103514,0.010631063930032329,0.00939186037890273,0.009219282115497428,0.008068849208481443,0.007092035501938744,0.005779856817831777,0.005676408674378519,0.005547687527594427,0.005645172597409414,0.005812763300829488,0.006535348027345248,0.006615080320278861,0.006554647494225045,0.0071639860371473085,0.007450745109698297,0.0073672649551322685,0.007308741039713866,0.007369937365321771,0.007744916480780394,0.007301213621529367,0.0073190126600503475,0.007562810814081177,0.007899655405703872,0.008413273457758157,0.0072525802722409605,0.006914971677925536,0.0057463918195649315,0.006072232958941057,0.005945489710652497,0.005452503521438526,0.005422699928850233,0.005092503054474922,0.004968062251288913,0.004772315818415983,0.0045599989824092095,0.004522505180945167,0.004677843826695033,0.0049167148740301425,0.00591889925027153,0.006327013619673664,0.006489278839991699,0.006194562567422492,0.006489881688357611,0.005544865609633752,0.0062552003238606525,0.006492818171814826,0.006635027744430469,0.007477555485948268,0.007133285436071411,0.006392297657980777,0.006091252241113591,0.006461968098347186,0.005916073982117724,0,0,1,0,1,1
0.0015921941671134955,0.0017589741199467849,0.0017526513800709706,0.001975331556471868,0.002360432905600625,0.002596082359084208,0.0031134181939751395,0.004232020792186176,0.004848231741169346,0.003682679175092505,0.003440782846590106,0.0031819110829431054,0.003031366660410503,0.003365668758567513,0.0030232693054685258,0.0027387770308874267,0.0032443425638099275,0.004490687329722167,0.006152257263319497,0.006125942434821038,0.004437241594321029,0.004125006516484487,0.003657144350667268,0.003390228953327615,0.0033863270230331454,0.0023122767251593174,0.0025216313110032317,0.003122902957936583,0.003065939017163205,0.003182971470980852,0.0038182455289487213,0.005211778872717476,0.005336131838485983,0.004391647886270301,0.004265637427137163,0.00446046613539855,0.003857119479914537,0.003916075651387895,0.0040271448576246205,0.0037570611102856833,0.004388029439291674,0.007011936688910392,0.006334882761618045,0.006491419103533562,0.004182591327785344,0.0035473628141827014,0.003426412392860837,0.003184648824157519,0.002408677914848112,0.0022416812447244522,0.002336929943581407,0.0027356426627895645,0.0032470767594353226,0.003196251896261895,0.003640869432654706,0.004920408277770572,0.005353657743912056,0.005097795716089226,0.0046863707941707375,0.004134074832976165,0.004647659258072009,0.0038573653000946277,0.003920337028512955,0.0035538429666567796,0.004059927534971315,0.005444431584855893,0.00564007320760216,0.005341825583330514,0.004763775985557796,0.0041534821901313594,0.003803433595973356,0.0035395419945124743,0.0029074165134924564,0.0027383749253978096,0.0029840681187350377,0.0034294379284140414,0.003764593291836588,0.004474341812105503,0.004743086069669906,0.005131896785631386,0.004966283915651129,0.004534039099052295,0.004019314758800528,0.003996868600881987,0.004081023754806973,0.004358072611717384,0.004276965351875471,0.003952131081978635,0.003994695402310712,0.004882669559312722,0.005847026067202459,0.005095402095980966,0.004249811776935364,0.003847829751701338,0.003413421583987823,0.003219989504915215,0.002946220730154489,0.0027031031327703946,0.0027646295829665225,0.003337549482894507,0.0032537236862152097,0.0038629870141619173,0.00404777785534298,0.004667612357544949,0.004795434530963906,0.004196141591239448,0.003452543657818722,0.00398883963937211,0.003822846463952316,0.004321138554537167,0.004440730134829741,0.004842533173996087,0.005321299503434344,0.005845434372973681,0.006269173873236468,0.004772276079139161,0.003990168510149723,0.003727235020879081,0.0031943830571267836,0.0028297570384821884,0.002287075157690342,0.002175669346037073,0.0022403374044806185,0.002415720729103416,0.0027591469402737786,0.002911739072195544,0.002903931966775267,0.0030177497457053344,0.0033824301984111318,0.003998125067896513,0.004041866950268445,0.0036013276015234895,0.0035698244585007782,0.003230079769871278,0.003046322989119549,0.0031403329662400966,0.003135384301142006,0.003237692313772576,0.0034141623003504946,0.0031006476913385842,0.0028665852355161583,0.00252511394188986,0.0026148115530138082,0.002646551002048669,0.0024746028387785,0.0025890698054214243,0.002135289190336502,0.0022829290646373757,0.002162516607418964,0.002155487327321069,0.00212807515520942,0.0023124646283838694,0.0026475170535030868,0.002800633953480563,0.002978463661282316,0.0032832587681906594,0.0032944945098577387,0.0032898561284191103,0.002468162718528416,0.0027622215219269526,0.002749703205738265,0.0027731973916208926,0.003115467765052742,0.003183789052377286,0.0027156495705424116,0.0024484759435024588,0.002706667224752112,0.00258660727647898,0,0,1,0,1,0
0.0,9.149960292431083e-05,0.00020129912643348407,0.0006587971410550388,0.0011711949174311803,0.0005865956362020911,0.0011914911929890445,0.0023849787409510907,0.0038549614526590713,0.0026328594834193093,0.002152070660780387,0.0015065825528777054,0.0016183784313598805,0.0015115734403102108,0.0012167783559794134,0.001247389132230132,0.00104808636076965,0.002061569235342577,0.003808047110796493,0.002470857404491323,0.0016133875439273751,0.0007176896127556295,0.00021959904701834626,0.00027749334123243583,0.0006271881873178196,0.00023889714508970952,0.0004208981734518303,0.0004940978557912792,0.0008417963469036607,0.0007868965851490744,0.0014526809686096198,0.0027393671483452496,0.0031409672237257165,0.0027386662969824784,0.0021480779508343834,0.002016983974280845,0.0018872917004528489,0.0023849787409510907,0.0015990803332885173,0.0016865872262668243,0.00228201073254312,0.0038340705248537483,0.005271686917525197,0.004842309842581388,0.001248089983592903,0.0007697010411660246,0.00038559579317206316,0.0005722884255632331,0.00038429833228210606,0.000182999205848622,0.0002744988087729328,0.0009881957115825584,0.0006221972998853144,0.0008417963469036607,0.0012970006804284837,0.0021766962866715525,0.0030705040619856084,0.002550977444384534,0.0020058148522006415,0.0018398200633266513,0.0046338230897271454,0.0018316930446152172,0.0021591995020053207,0.001742437594598647,0.0020212779249100307,0.0027504906567959123,0.0029939751640790857,0.0022134596842644854,0.0017346059447312155,0.001216678028703281,0.0013227339110993366,0.0006770970616399011,0.0005444102553524021,0.0004391980940366925,0.0006038973793004521,0.0009515958704128338,0.0013571886557393051,0.0010639903157019213,0.0011410823807112413,0.0017989816715559116,0.002492088887243396,0.0020855572390180476,0.0018143913015168567,0.001888353107086426,0.001700008330373672,0.0022308597973592524,0.0014822955246535637,0.0015934947936085528,0.00221739112234314,0.003218110087822177,0.0030638810305555755,0.0021350167156167638,0.0010961070365137677,0.0012572151797908381,0.0009251194029275453,0.0006862222578378362,0.0005663013179239534,0.000494097855791279,0.0006404972204701767,0.0007868965851490742,0.0007502967439793496,0.0007136969028096254,0.000863090799948026,0.0018659972474084836,0.00279211482782253,0.0020332894971724315,0.0017506121842193456,0.0012049064252567133,0.00179619562276758,0.0015977848296782865,0.0011934875479620464,0.0018579764278123612,0.00209871420057077,0.0026572900677426037,0.003348099687773904,0.0022492620024999743,0.0015365986768809644,0.0009535922253858359,0.000784604861332069,0.0005993100171069886,0.0003476984911123816,0.000182999205848622,0.00010979952350917302,0.00040529545920274144,0.0006078900892464562,0.0006078900892464562,0.0005895901686615939,0.0007875993937915718,0.0009336994750670131,0.0015238842959760664,0.0019115806859567174,0.0016124955655561865,0.0011944896400080001,0.0007359895333404916,0.0007226805001881345,0.0012033135955227528,0.0010212063680453201,0.0009202862000790705,0.0009153995544821508,0.0009585831128183407,0.0007095130658552034,0.00018529484422508005,6.861232014598526e-05,0.00016469928526375958,9.149960292431094e-05,0.00012809944409403543,0.0,0.00036599841169724376,0.0003476984911123816,0.0003476984911123816,0.0002744988087729328,0.000292798729357795,0.0008783961880733852,0.0005306976969610033,0.0005682957156172288,0.001063391748895009,0.0010626948120916904,0.00135459960579857,0.0009863055557248679,0.0010064975894471466,0.0009571853246522512,0.0011310058915544935,0.0009467111820956405,0.0010846862019393741,0.0009883019106978698,0.0006735078769329384,0.0006231954773718155,0.00045620446829105045,0,0,1,0,1,1
0.000400965491913452,0.0004089306173557937,0.00045190255887939145,0.0009595212599901276,0.0015053328273590563,0.000820492173151605,0.0015423359984133146,0.003114513177626954,0.004578926924169471,0.0038580318198215228,0.0032714326590387744,0.0028208583319273535,0.0031776886776899715,0.002898245766510899,0.002848485149460545,0.003074009706502524,0.0030195000293441214,0.004088672555571695,0.005501012521097735,0.004005745129113136,0.003440008118199768,0.0016644136908846128,0.0008990127972050288,0.0007508553802969278,0.001089412296051382,0.0006175867763413029,0.0008719843518544639,0.0008672185218774082,0.0011369515006732851,0.0011711551815661325,0.0018313705998612136,0.0033553756206654017,0.004208061874448502,0.004080786901859449,0.003284146844589164,0.0032755701016758468,0.003191705192244194,0.004211599315223482,0.0032140802312732543,0.003635725034179438,0.004036639384763308,0.006035087408284894,0.006829536217454287,0.005768978689495812,0.0025713570319270615,0.0014927954947026314,0.000885505197173921,0.0010289435691313309,0.0008465224410156688,0.0006396543494167201,0.0007255849871755664,0.0013780232731650808,0.00096747314014412,0.0011815032219970017,0.0019909746650651405,0.003227911424237075,0.004065158529922692,0.0038939254316006358,0.0034639908897612466,0.0036578321755960375,0.006365304863311682,0.003747395243717714,0.003637526556998695,0.0030862166498297474,0.004522570666542772,0.004262209684964745,0.004153573743751021,0.003122407510179984,0.0025913555622389733,0.0017195614760906893,0.0017355848157652612,0.00133980391633019,0.0008185651915327942,0.0006619567006552771,0.0007375525432716027,0.0010239924175638735,0.0015186886455377786,0.0011672057320658345,0.001374060578376434,0.0022474729281786307,0.0032434072882129624,0.003293483462245183,0.0030005590639434875,0.003063313800054269,0.0026800807460434523,0.003414454455823301,0.0026928858087884727,0.0028700634595725753,0.0038092441416922246,0.004947445200360293,0.004113397767808175,0.0033563003550249734,0.0023670849194949942,0.002237757674011444,0.0016572051257486627,0.0014183079806589529,0.0009304088969082412,0.0011512357453161033,0.0013310489009877888,0.0010207931220985878,0.001017607071921651,0.0009921451610828557,0.0012362114660341547,0.0025244107800059335,0.003725958939672998,0.003082379791508866,0.0029337840854430962,0.002551724977325357,0.0029292468375021483,0.003082551867810919,0.0025523150483354106,0.0033761572569377804,0.004942713364175599,0.004854013629080911,0.004733029978027006,0.003349770444215548,0.002495736328413504,0.0016608508013998414,0.0014250140375431685,0.0018591717875746175,0.0011329225794428916,0.0008011543392151936,0.00050519605025716,0.0013164590852925183,0.0009197521385124743,0.0008584935216923637,0.0008401936011075016,0.001004767217427361,0.0013248026797221624,0.0024037807921194745,0.0028818562678201856,0.002730986545840781,0.002045222031616797,0.0016214549946493649,0.0026662493429352833,0.004417011121094667,0.005416395526669522,0.004566660922568433,0.0035563646859850034,0.0017103934101560636,0.0012299781123886653,0.0011195835311331775,0.0014955430455775522,0.0020358715808598687,0.000876723691254821,0.0010358407660647669,0.0005624654817119256,0.0012681707685025109,0.0010104053458026704,0.0006094398538892185,0.0005139643108879111,0.0006102297437892779,0.001268223749655908,0.0011321459348311814,0.0012755542916312343,0.001792926185570873,0.001692815258128323,0.0018592069569920995,0.0014142448554918502,0.0020890016747763694,0.0019347282719941086,0.003387712426640286,0.003000788310178289,0.001530203415176543,0.0013327067329828835,0.0011147317680772692,0.0010241609692852674,0.0007346309087469501,1,0,1,0,0,1
0.01293159522777775,0.011405656283627478,0.011554449165295187,0.011955387731055664,0.013267721735617825,0.01101484387431639,0.01367606710116261,0.018576241813048948,0.02197125106630784,0.02414762337560286,0.02109976705340835,0.02022466891651689,0.022712707326753356,0.021450502470475436,0.023009499361267578,0.027651113773447766,0.030050430152432424,0.032528414881144524,0.030270390054155966,0.023840413781977977,0.025831957765770908,0.014636303305812412,0.010603261707985477,0.008815077629754007,0.007720792352005106,0.005957416252852002,0.0075052747410271365,0.00629466440276563,0.005686326036183173,0.006435287277805396,0.008719679958099864,0.012416660094092877,0.017313725376094956,0.02068546835936003,0.01769556027186286,0.020196775981991807,0.01946111268786696,0.025684294228643673,0.022402834783261882,0.02603397544659567,0.02360082438259466,0.030257387662739627,0.024328473163637787,0.018020760744550925,0.01846931398070978,0.010238171388811673,0.007193600009058925,0.006622088877480306,0.006497066138274095,0.005579736461976515,0.006157040445692484,0.005986895441994164,0.005628682982241159,0.005678540084238934,0.01073594494328434,0.016952631621321306,0.01723209061070127,0.020196784915571152,0.021200808482217292,0.024626276151417836,0.02770358934791075,0.026233286822403855,0.02148015119284473,0.019696565361688807,0.031668241451746175,0.021744479229901335,0.018041629455760752,0.014866535766968371,0.013640500288363056,0.008462490440229516,0.007218567422682001,0.00913118351495215,0.004430124365020088,0.0035141133819235927,0.0031480959662323043,0.002721210271805446,0.003885471094107417,0.00319391513962582,0.005756684548412768,0.008944828071918697,0.014111591237541006,0.01812486883123531,0.018313906646700087,0.017725954679894764,0.016261459608442396,0.018851991663789005,0.018041309314709722,0.01917131290548031,0.02181965658427049,0.023876437176340522,0.017953015675398653,0.01909178254444666,0.018933213129242045,0.01356780422130502,0.010167593329320128,0.00974345468458823,0.005615945993564428,0.008723813503598604,0.008959973910166938,0.004146666902592765,0.005073889871062118,0.005103629617511775,0.006345320078099304,0.011212377420067254,0.0164972463332943,0.015460620253509546,0.017792399351659383,0.01840013854315761,0.01693953043259947,0.02061576116067756,0.01926016065795086,0.02820751419690778,0.042328674743068104,0.03636696073166729,0.028712029887377453,0.022081441836139557,0.01922961097338533,0.015615663797863945,0.010922118495580587,0.018086061389625773,0.012208334571971093,0.009300417936917339,0.0069717358739562795,0.01252841449296447,0.006538725030703383,0.0047808213564457976,0.004270861691501762,0.00480813980061939,0.008763913323534125,0.0150658153815057,0.016640024065205844,0.01703556655360408,0.013593349255019227,0.012842070691655336,0.023881250214459793,0.03893663747019603,0.05449394091690655,0.04646686323774407,0.03449233257152789,0.012387282834752362,0.008558439058298662,0.012606485222096321,0.017512509157752786,0.02289106842800249,0.011078073916033384,0.012281440104891118,0.007966287885706524,0.014152349523457387,0.016067423388843517,0.007833910162720083,0.00719100042126705,0.008383852641484163,0.010302033617717546,0.009849065779264586,0.013242373392469515,0.010996173913504503,0.011166165258410694,0.010386816895589885,0.00887854194906911,0.014808652714201554,0.014668465917207663,0.029192643985124788,0.028402915221454265,0.012203259951766205,0.012932582223234105,0.014480174978029933,0.013903918786244814,0.011764082482402148,1,0,1,0,0,0
0.02558674543497447,0.021681775238457306,0.020308495557383198,0.019917195764463245,0.020329193869221072,0.018428339189265504,0.024596223734414203,0.029152807209943763,0.038144383090806366,0.04005485773297615,0.04174761155045512,0.040480813774564466,0.04440843457601994,0.03472010325252569,0.03701527100052155,0.04765300949005411,0.04802619519188017,0.046703165163194345,0.06210350594328914,0.05070377004447512,0.05477591635810981,0.043947417493519506,0.04516577465132777,0.029850723810984595,0.023966229892264178,0.0192983275614625,0.018000324696803384,0.015625261694189107,0.015911598561037053,0.015648630115083606,0.021090281059412984,0.02795916574685216,0.039095670763207614,0.039539575095683926,0.04079607735238823,0.03550635596620898,0.04090615181857261,0.04839902797500396,0.037350023619133296,0.03990992620776446,0.038232566042062786,0.04555938716533898,0.04785520685937601,0.03929744179599013,0.03958788784179852,0.03222583081897183,0.03571331012416437,0.028838461509799223,0.027599726939135524,0.022180090366532807,0.014706304872052363,0.013547189990075346,0.01327359082864805,0.013123132310119636,0.032692709095202804,0.03232324317354677,0.034024277842045224,0.03760371252169001,0.04795770757928673,0.04322955425194615,0.06590652953284444,0.047036716268237126,0.04102001439085263,0.03594420515356409,0.049403566471658,0.04179752729141793,0.0436043792758769,0.0432256012410285,0.04107386621689797,0.030773229074094417,0.033421824491552024,0.04100308792874901,0.02517809650348536,0.020536360056115012,0.018914437162549445,0.016059322557361564,0.015470203635236412,0.014271049216097866,0.019279741213144082,0.02771203609090869,0.036735992686765015,0.031852520142956274,0.03345044761950024,0.03311630699970422,0.03379370711446387,0.03412864009611733,0.032978881874284126,0.03465166359939768,0.03492082272163438,0.03760002270056369,0.03357766880987074,0.04192249932726784,0.05386583005551256,0.03534279816869705,0.030913691189658733,0.030998525684573133,0.02201844225929959,0.025670228268068855,0.02006921402038576,0.02191324088631977,0.02102268787270767,0.021810882705730585,0.019326104191044198,0.024367111017550538,0.03367136632804451,0.03687555644094063,0.03496594627851257,0.032077789093942814,0.03958061978784419,0.03401783334775565,0.035397377445631074,0.04457746576209556,0.056009938865683145,0.04276506140043897,0.05212286150644707,0.044903521100329975,0.041046456932990784,0.04498324490591591,0.04271856171396104,0.039625263179973794,0.03393406623187819,0.03197118815315328,0.02450475411140798,0.028569584853033948,0.01714187521730881,0.014963829974515258,0.016044737802814908,0.016721899857544832,0.019235231911527127,0.036816156864149435,0.03920970859054996,0.030354601487692708,0.05212761114073375,0.040068485322284776,0.051281317486889647,0.05316936572705908,0.07092915929966866,0.058159622803605274,0.047878847940944394,0.03540994412514732,0.030220309912391326,0.03764534930121957,0.04719973390728957,0.03872802724691324,0.037094300545786066,0.03791937195161721,0.024838184736943287,0.0342685357405548,0.023384309638595942,0.016968759312643113,0.01567608614822125,0.021738570936962836,0.031002375734693062,0.028946630189419127,0.029929942826301875,0.0305566985247187,0.03227220272009624,0.03540287551975412,0.03529438604202991,0.03914632012935245,0.040600450153088524,0.06372764476216403,0.0552596748969229,0.04540148787024283,0.04217087388799718,0.04057886444393126,0.038781362570480156,0.045058134419380155,1,0,1,0,0,0
0.03026992390793011,0.025807062922578238,0.022661595769606434,0.021811890388255276,0.021640470455506503,0.021060197026568105,0.029603678982079523,0.03305860421264589,0.04306430819000799,0.04439227601552342,0.05077313156264585,0.05048030742406199,0.05448981870582214,0.04027904186791711,0.04200705277149274,0.053882133585881,0.057713176251387596,0.04977799493003952,0.07144322527924217,0.05961098779107718,0.06382934689335673,0.05821677436794351,0.06352327245489912,0.04224444867078026,0.033456318593261786,0.02781505247342764,0.024548994802616114,0.021933025183634138,0.02276957246858245,0.02219427207114689,0.027610613973886235,0.03635486297389751,0.0484073951574445,0.0477053617822398,0.05191691533698969,0.04098929297889376,0.04963866045640212,0.05523937077199897,0.042528130442698535,0.043138978814914956,0.04247031808010992,0.04706234887468503,0.05497838633778792,0.04790848533553275,0.048105231392657065,0.04334922023007415,0.04980577802621018,0.04058682336713178,0.037762286089948346,0.031203735347824918,0.019668942531671854,0.018248004708092222,0.01789034832145622,0.018045144186835584,0.043750697159026755,0.03926012688704973,0.04167275459019909,0.04694735574566235,0.05999699383079775,0.04898521313196855,0.07883654032266114,0.05564485663540659,0.048348814904301554,0.04478501163434003,0.05588067252956279,0.05259057728426202,0.056039048957578,0.05683486315989257,0.05338732084799886,0.04237649205771223,0.04658939966141359,0.055640811226027945,0.036193804629679145,0.030202635945795482,0.02782568932116873,0.023951556724703994,0.0221763009864277,0.02108727861827667,0.02809339064981988,0.03893250748196957,0.04817670846047986,0.03925768064237521,0.040755046687543,0.04154686228626883,0.043339510773737835,0.040587293832682704,0.03971766473724435,0.042307283631362644,0.04000743369783447,0.041821910588989916,0.041552996778653754,0.052479269281002196,0.07034812430194132,0.04721042478463486,0.042819393331806045,0.0429472630592762,0.0318517616692173,0.03743015975670137,0.027940013680947402,0.036848565556283984,0.03527786775954096,0.03674392522354317,0.031873204001447025,0.03475143591539269,0.043618955480871115,0.050318449133580016,0.04480129253227909,0.04091148488706824,0.05328171733451102,0.040967186214837116,0.044314654947569136,0.04971934991950813,0.05384996987657435,0.04080101989606734,0.061164649418830694,0.05504250364648581,0.0509073823182311,0.058335762007737234,0.05867679959863881,0.048858528136786615,0.04479795737128975,0.0432463695377592,0.03353596162373591,0.03527672408829892,0.023187658017953576,0.021717971646800217,0.02373766907173821,0.024903250872889724,0.025950754559206438,0.04823305311721093,0.048686590127290506,0.036673154754430635,0.07077256105515765,0.05407872989699669,0.06313422908487974,0.05329937578117481,0.06678722757009987,0.05434517907365566,0.048252645670539086,0.04585603301970034,0.04208110120320742,0.05070535818507657,0.06032624287053666,0.04349881718966796,0.049439638755262555,0.04862783029665244,0.032611471266157085,0.04099574627137975,0.023507117292249774,0.021339017669358442,0.02006068190766504,0.027752281251983514,0.0404793759590526,0.03871046675473654,0.03762319177392271,0.04136846413586465,0.04344089181166688,0.04832347883923889,0.04936018477084597,0.050131875587861904,0.05260723787592358,0.07427611332182602,0.06168717453804876,0.059860368025743474,0.05420869900224903,0.05205941003378753,0.049323285855265464,0.05975798117343727,1,0,1,0,1,0
0.007298438115121465,0.006950538130942806,0.004546243780027089,0.004982139880356275,0.005573820454270164,0.006670385567310043,0.0106249981471162,0.014538402044595637,0.014578625664021622,0.015261236172678905,0.01818700168333164,0.01918583675969305,0.019074349200789216,0.016283192682446476,0.015074297902169333,0.01605671540949579,0.03116164544320712,0.02134896692826726,0.015433572110100926,0.011530053570356531,0.010294514956596265,0.012775617692860383,0.012402431548940824,0.012016146301739491,0.008663609712903681,0.007510382993474099,0.007207878088692564,0.0073126384607048525,0.007268755468812706,0.007663011998742,0.008759629608898851,0.01433533471567992,0.014177257401071942,0.015644319609619255,0.015330728890681674,0.014321017613571093,0.015089509133638277,0.015702085160840956,0.015908858579223476,0.013756764805275757,0.014431275815484331,0.014618330640453892,0.014927449154220727,0.014094598718882686,0.012146726013269863,0.011298789383565898,0.007630829499502442,0.007483890496167187,0.005568622695225976,0.0059642893960141705,0.006076182020007089,0.0066794669500402915,0.00585757401210593,0.007355484166607657,0.009820271452546,0.014256437322601281,0.016049763870351987,0.0209750960663293,0.0166724584652419,0.01325845293824693,0.015434924003729167,0.023894291708447157,0.01535024625229947,0.019968857870796868,0.02105833166874396,0.025359879688790637,0.017981256967263808,0.01483098065475296,0.011038547686410447,0.008846241853263964,0.007742716343380944,0.006363204624065018,0.005892037792141242,0.005672532476262536,0.004913151441559619,0.004749346265716522,0.004969813047949178,0.005728168457922038,0.009245972890574753,0.01389795850600145,0.014939004191841082,0.016662007747508527,0.01566176260132087,0.016150628957417902,0.016776400224435186,0.015679024981218162,0.016021855523104558,0.01770868525908545,0.016175466412654445,0.01578757294141515,0.02112871871817303,0.017568563799060296,0.015183026575203736,0.013329463624901896,0.011735084768868724,0.010005109155096793,0.007290376475974055,0.009863965624016945,0.008483827189887995,0.010970874032055121,0.010821819822947177,0.01163570939896523,0.013289840796271171,0.018935664109664244,0.017526513383455723,0.01958495879758891,0.01720701987056046,0.020163782061848167,0.01805665508071978,0.01815483382190423,0.01942260165190866,0.018402841846630793,0.014901571537472133,0.020484108825378104,0.022911524710732045,0.017369103244460383,0.016989218915253,0.01174691925735427,0.01079402998257308,0.011618743161193478,0.010996637046756335,0.007772308633269961,0.007208979330994918,0.006917740953206114,0.006695441594683828,0.006437000394630536,0.00662897612927609,0.007844222408015862,0.00920046703683103,0.011276498873320785,0.01007500964071697,0.012078582486365693,0.012737002297470448,0.011231980308915979,0.015736936564590326,0.0138600976660875,0.013091137124619248,0.012948055546927894,0.012269794807836359,0.00807330723065961,0.008634894313063293,0.01160315894382394,0.009667878359757721,0.010142614207729392,0.00779218742055951,0.0072010605453827516,0.00672059365755824,0.006326331448546738,0.008290974190136769,0.005379050676980594,0.004847236597302762,0.004801430672703011,0.006679268896861229,0.008072846965926998,0.008937495354377222,0.010025847492093919,0.010278295541771114,0.00996653161900948,0.009762059899348837,0.008783275465412998,0.011192592642651373,0.008415907539147416,0.007793437296510055,0.007911687098047671,0.006741119303563425,0.011981842816613417,0.010376922987460957,0.006766825166207324,0,0,1,0,1,0
0.009165409654489268,0.006936234022753084,0.005514475906399969,0.00565582022668241,0.005297844436111267,0.007195243480045557,0.010585538638626851,0.018333368497563687,0.021717163466185827,0.022594838709571487,0.026639693105578142,0.028171926914748728,0.03097251833201782,0.025181346419798054,0.024067338084300754,0.02650800442766136,0.03149090386966789,0.025709228783631646,0.028111652704034762,0.03408729211740887,0.02371026543843278,0.019717747528190905,0.017915545747591285,0.012834544278111626,0.009493114935837524,0.008359497328547492,0.008028497514386305,0.0073147682368733934,0.007533523034786591,0.008935821396022307,0.011944767898750803,0.016303555408085958,0.019106147437215667,0.022265329295907646,0.02381834781853264,0.02418026798912503,0.026521420098683142,0.026712492939640144,0.024288278478300396,0.02381334674740298,0.026169962658141224,0.02221033848909719,0.031807263244793174,0.025124687009227688,0.015387557029034783,0.018621221365354386,0.01317533382950562,0.013868424138732013,0.009272191823582283,0.008747719526915753,0.006772774683469666,0.006710807082951062,0.006650257785327134,0.008728456044658153,0.012002473538424638,0.020091976099253554,0.022156756194758806,0.026906016027335236,0.02708756039782039,0.02841588483959182,0.02986245466071775,0.028472739373433704,0.025930359289631014,0.027259416176929403,0.02927830543197178,0.030170749952523744,0.03998294128373347,0.041345859585715905,0.018712479440953937,0.016627713918383632,0.012048198936727176,0.01041526121858356,0.008418465141437483,0.02264487102969678,0.02817497797941795,0.022252798945446163,0.006554631927395369,0.0090102586027599,0.0169422539975354,0.037648728240008374,0.0415325810477665,0.043123394373403394,0.02777383400828587,0.027046857640554728,0.026417476589022416,0.03087980426442819,0.025819481441457598,0.025245925795690523,0.026033739864431235,0.03090979437824965,0.0289225657006597,0.023249650353194564,0.02208005380300678,0.018058991476899242,0.015587540848123192,0.014331701643248405,0.013918345419133723,0.010463909502097407,0.009303321743547782,0.008352392743059822,0.008508729504752637,0.008932861441604833,0.011037093500259328,0.01886210440827495,0.029685500410179862,0.041123411018623886,0.0405649712533646,0.024012684503616703,0.026674051957551757,0.029068461211805115,0.028316924163496387,0.026839739270622796,0.028112097237095398,0.03426235612395887,0.031001087520953208,0.029076133562772666,0.021048056036234736,0.015031538013126308,0.013279575403725583,0.014902884952055414,0.016245804110054145,0.015413064097363845,0.01433220531910278,0.01104057956578552,0.00717088197849514,0.007383983907726464,0.007648847233884483,0.009267319926234632,0.01309378621212999,0.01925397174678797,0.014045967827894397,0.0155645125065901,0.01566353877051534,0.014013509462260446,0.019979581411341648,0.016516285341020374,0.028438737948541955,0.016656021737327723,0.029075097614942442,0.017862273581534357,0.01146757890035034,0.014578199633269026,0.012093347605759776,0.011690226194329955,0.012055800572094556,0.008462496000419319,0.008315629767678934,0.006607148967216629,0.007779319564903147,0.0062861423444961805,0.008867321263655194,0.0057519733452424835,0.010319679352838349,0.010162419000315172,0.01169646117827459,0.013056883755892656,0.012525889699356224,0.014333050896714336,0.013940457738652547,0.01828812918345909,0.015453530373916802,0.01900606353934412,0.016968423635395274,0.0165019496182544,0.01143602280109743,0.012628744524710965,0.01068308318167586,0.01629599358019015,0,0,1,0,1,1
0.010817525339609179,0.007314731752998871,0.006524401129770055,0.006398913519365186,0.00565033165883048,0.007894387984142673,0.01129679148243182,0.021198560438991994,0.026647051556997047,0.02754670119467223,0.032271864899669746,0.03417945723990616,0.03912277632914451,0.031222511021937557,0.03022779225545421,0.03361201218228449,0.032167625522413854,0.028873093104608522,0.036633681576022085,0.04890027615524085,0.032887490025944786,0.024760646789646238,0.022053010272818002,0.01383863956013048,0.010568963342079485,0.00952548559709026,0.009046943421255733,0.007742596240020914,0.008155981387376384,0.010244867455976128,0.014495591464704244,0.01819514714527766,0.02280995401794693,0.027224367093432025,0.029899425096020737,0.030819225807410068,0.033964909822263856,0.03383982045963181,0.02987336228462639,0.03059267161494103,0.03397849640118415,0.027353692124456937,0.043074297575157586,0.032755631769830346,0.017954525047933136,0.023662775255730704,0.017087224470475962,0.018358824343713102,0.012020336481139343,0.011020948193553053,0.007659822681613967,0.007228326491370844,0.007598744396084326,0.010023599936793248,0.01390886435749215,0.024416895661498912,0.026656125540257862,0.031149764867801057,0.03432969291656374,0.03848598736659275,0.03951549215319669,0.031699387678095874,0.03304602692694008,0.032222490087684214,0.035051741189366874,0.03367589007055915,0.054755564189185,0.0589087821092092,0.024089927644079325,0.022054940851439293,0.015228656167697354,0.01356208417257829,0.010636533593831743,0.034172458892388576,0.043744509020732805,0.03419924567076421,0.008283882221054455,0.011726562811445768,0.022611647724827502,0.05358375175780078,0.05928161323720273,0.06076120922029975,0.03618374862368286,0.034701570623554466,0.03334299844715149,0.04109386149688733,0.03259387328170151,0.03065162679146867,0.03290499842237105,0.04109290807589138,0.03440943741820416,0.0273978778470468,0.02711981386527554,0.021770421827079382,0.018657677650603985,0.01766777346236603,0.018604272887610865,0.012884680530408046,0.011160830746745414,0.009641706693853613,0.009968457125566378,0.010245495157770472,0.012102627394894384,0.019370206219128376,0.0379967544797767,0.05539734971075856,0.05584704134076841,0.026802535664610088,0.032689654509189925,0.036398042850687935,0.03454285306049318,0.032487607060637386,0.036879432102505744,0.04367232990814096,0.03691040575733241,0.037070776971755225,0.023901588094973808,0.017484597947330066,0.015148295832577282,0.017394512190525454,0.01987113071117384,0.020633552341266074,0.019245948956972403,0.01405196849781807,0.00785119128748601,0.00841902272457265,0.008691958277204778,0.010698794754385692,0.0161320825657429,0.02633196899389114,0.017179337071095646,0.018496076087925438,0.0181645836065385,0.01657644136792505,0.023364983503351075,0.01872717848098438,0.03892859625221961,0.019639606333719514,0.040365900167707254,0.02452141196601459,0.013759642762093889,0.016961748728385788,0.014084945259837268,0.013020798191544747,0.015209350381484377,0.009867511864015258,0.009617948972237665,0.007239921831413327,0.007928655754674128,0.007424774734433358,0.012006520448204364,0.006866837512782576,0.013279495726839672,0.012054459194542034,0.014063865820446447,0.015818930581265135,0.014480713877271683,0.017656117462067026,0.017155446160651955,0.024835601768374224,0.01847613073160342,0.026199314242224207,0.02329749764847105,0.02238391197604456,0.01485371379901652,0.013425652660547835,0.011267422687017992,0.023227345379673765,0,0,0,1,1,1
0.016831486974590477,0.01434309004007422,0.013428849434216048,0.011173362194275522,0.010793522041563234,0.013602370819395563,0.019968497056044164,0.04263130185102116,0.08526778138084744,0.11097806529297076,0.12743128407035428,0.11254066488910616,0.1120704092745812,0.11348339134221164,0.11069611599985144,0.0987061762526105,0.08555651455153364,0.07198537498672518,0.05917579433594659,0.04836208537368052,0.04563603000581925,0.04068828824751805,0.03359884075299902,0.02961670712760703,0.021665623163459397,0.017002249385390664,0.01696091555593218,0.015107691110718366,0.014956469949521043,0.01581526706393195,0.021513372143415074,0.041466124245740636,0.0854988857435177,0.12719062351784421,0.1561187883218713,0.15990139840846831,0.1492677275467443,0.1347429739533803,0.12264862506771083,0.1089041616671241,0.07913613409980177,0.06605318922612638,0.056782198390941674,0.0451572503275091,0.03750694234086063,0.03363148872318654,0.02655347538367266,0.023957376038594318,0.019744735181851786,0.016644729791531757,0.017888648027246462,0.016496880358871244,0.015514730928942467,0.016212740404258706,0.01847549123159405,0.03823114157714311,0.07832620267625641,0.10688296516492049,0.11901303152762509,0.1226586078624578,0.11177838899514457,0.10899710536451865,0.09633013169587676,0.08627142185413912,0.08238322304369398,0.06584029360296499,0.04623344460127589,0.04440757587890109,0.04317826270978027,0.0373020053086468,0.030425668856903062,0.023825833381969648,0.020064335752981888,0.01736799990989792,0.016718468643392832,0.01439155379361821,0.015584255683623613,0.014394704285314839,0.017295842313959964,0.03890839296384402,0.07823220769097394,0.11161032347101449,0.11901157041916438,0.12045513187522311,0.11728482235068499,0.10999787986858447,0.1024182283774977,0.08217746487351113,0.07185246406373205,0.06347866133016128,0.05816572535017357,0.04716765213603943,0.03632232384034779,0.0309061330512332,0.02822179251352898,0.028338616571107884,0.022565398175446786,0.016073248491943002,0.01589710092470511,0.013739111781189152,0.013205060652695118,0.014902866458332881,0.02119830797222394,0.036315020081136046,0.06707289823559791,0.08862030135222053,0.10039152344057671,0.10416289446279403,0.10705016342912621,0.10402967862679958,0.0994506407320029,0.07065678475519012,0.06589126014568257,0.05981975641416543,0.055674396543655254,0.04927329546502029,0.04408889880462631,0.033960844653446634,0.029208911657215005,0.02619545459230725,0.022969530603394153,0.01868418622688534,0.01632147725322142,0.01845587722102398,0.01607613268236911,0.017088747088515967,0.01996896181561693,0.022996090108190176,0.03319934919533114,0.03846924765882272,0.06367536645450393,0.07787896418424078,0.05425079415040137,0.049163675806530534,0.043944154001033166,0.03417331474565281,0.039550931631522956,0.04381389298467415,0.03734450459826674,0.03679190055922374,0.03536231587696108,0.03299566855714115,0.027962501914801027,0.025760593605343836,0.023750421602906698,0.021666643037555316,0.01629033919334535,0.01499644830029255,0.015138975294125558,0.01424367361306384,0.015071349491083599,0.01915950001380718,0.020026610046599017,0.025109950654979594,0.02816472448324539,0.033071053810770364,0.03094785899079623,0.035860626155699404,0.029694668887758777,0.03535176471919773,0.03478041572565118,0.037834506785540685,0.03280804165151994,0.03173076082854689,0.03464236779972838,0.024589102941150635,0.02327528458701955,0.018604603544650707,1,1,0,0,0,0
0.013153348289768736,0.009992614608900307,0.008090861015043022,0.00804799090878802,0.007445312972724711,0.008242363757052442,0.010404992891744633,0.022210744323664454,0.048963310564479445,0.0941745191075325,0.09623429857224831,0.09389642084159348,0.08661918496983295,0.07946763192054762,0.07210299166021455,0.05667246476984897,0.05968018026411535,0.04597782542549269,0.03960961489119861,0.036090849394130875,0.03486578762865555,0.02392688171652095,0.019875466058518726,0.017243277070057742,0.014311681390619113,0.010020789131861482,0.009092705279937333,0.00966500462693067,0.00935376485200791,0.010064090757974984,0.01222028533209565,0.030147594165796786,0.07203290503136286,0.11294074995010245,0.12772612616322943,0.12837482425504998,0.1247770544816558,0.08235577012957342,0.09143585560696904,0.08308435924507925,0.06010607105464208,0.04772210098668935,0.040409024563278204,0.034114407392476044,0.027310641474309637,0.02157364200403333,0.017876783243230922,0.01729328185232893,0.01345220116342921,0.011304003177501775,0.010979187187845822,0.009922518231797245,0.009421086925969371,0.008696370379577857,0.011789241195208456,0.026594852036940418,0.0607625223445743,0.11324654284349454,0.12533321218853802,0.12835188176014936,0.10326004540419745,0.08969051928529301,0.07942295021897525,0.07075173695143006,0.0639742826580141,0.053260010676253626,0.040210609115370444,0.032388970796569,0.02755481035766441,0.0207883824721234,0.01815629569951502,0.014031835813138766,0.012130558879539897,0.00998162805030977,0.008568523190630955,0.008683435695508012,0.008502942450223514,0.009266194387514004,0.011346792649676174,0.023669159135730092,0.05980744267836259,0.09497354861375729,0.12811085302238437,0.12594710480420834,0.10417891982995907,0.08344368830316036,0.07620661786450007,0.06171997061693829,0.05970157273668131,0.044962440641546704,0.04251740099048487,0.03717175237639113,0.03298012608018558,0.02340822554578594,0.020077947192879857,0.022008665940746307,0.01590200933429761,0.012491004406607118,0.011422325996465126,0.009873952123405154,0.009543588348226084,0.010238683550882977,0.013167773109757861,0.02276529226090933,0.04815429302868267,0.08018020739761403,0.09908497706225744,0.10286223980914622,0.08923888872085062,0.0889146530476963,0.063271858007354,0.05548340083323834,0.053619435196007134,0.03998386479430275,0.04295051922472042,0.03979848980520782,0.031187550869910992,0.02264522118535507,0.018127439897115787,0.017304061743688686,0.014917251365376508,0.010167307365121864,0.008777396579053407,0.009234585641623378,0.008156396284599953,0.0082262821866841,0.008215724273823211,0.01351681614507999,0.022642351269192246,0.030131371034003766,0.04838654075475144,0.0508927254362879,0.050131373680941595,0.03570624985142318,0.027735179270465343,0.025159652682557317,0.025590638893004232,0.02901062817611218,0.030493719553478255,0.030180835889126116,0.031170533243639623,0.025124685095344275,0.02412296117695762,0.020696044669622243,0.023112420504818165,0.015229621702634205,0.011628066924932115,0.01247483277866609,0.01183068090161421,0.009045305854893932,0.009568388906238224,0.010875374155375851,0.009737587455043134,0.012686229651778085,0.018091515145646015,0.02233602752619649,0.02053101970856001,0.02268059090071704,0.017640972940996716,0.017654160731729054,0.020842013762195445,0.028122900919071925,0.023901908709825392,0.038860211565614394,0.021703768891117407,0.021353945192890925,0.023017176053166295,0.015204398110929862,1,1,0,0,1,0
0.02820073927874794,0.022605641114065114,0.01858552918048662,0.018155113221103258,0.018975246859212203,0.0206505682504198,0.022941563865485255,0.03884595728629636,0.06974937632470757,0.09231854430231562,0.09186879544711612,0.08910398040174111,0.09754159554757706,0.09512614766973174,0.08256524894007272,0.07788561361751922,0.07652581788660176,0.08636928185024714,0.09296627073931128,0.09525989946481705,0.09002786239188136,0.08137637288128854,0.0556182866516652,0.05183093221345713,0.037383093912159576,0.03028723176940892,0.02268951852971103,0.021605912177476386,0.02139764353356261,0.02156148979240632,0.02764765460303134,0.047901898324085326,0.08291249794972436,0.10451756265206612,0.10575828375898179,0.1260481598643295,0.119699271112904,0.10423455728498852,0.10224350315504194,0.09056857025243671,0.09157743621570157,0.0849829247870732,0.08997053339759566,0.09788999218564996,0.08476247980359367,0.08230037588094273,0.07289347263898728,0.05867078515880022,0.041069462205531926,0.027710218682298032,0.02686019747721925,0.026597871267928,0.025401763748496203,0.026504462047655674,0.028291547450179946,0.04779151925671691,0.08433151493295032,0.10359249555164196,0.1123341479117331,0.12417876399626897,0.11377849100820951,0.11576933216676186,0.1159620915078866,0.0906888831949481,0.0817189424734366,0.07981529425257647,0.0894492610460529,0.08359964698042575,0.08116167603032942,0.07646874977623479,0.07284373273522404,0.06027874443341644,0.03655766950780904,0.03002329025519789,0.02443711837521636,0.022622523980892404,0.022665630198933147,0.02441068563759024,0.025722853323439238,0.04583115425770858,0.07714596084067195,0.08894383351494661,0.10336837214599946,0.10436408718564556,0.10262309860040664,0.10900106048370065,0.0952872133444155,0.07988719672488892,0.08334628956835556,0.07996117701894438,0.0916121163735611,0.08202074261872123,0.09209674932943855,0.08524354991297946,0.07925427608781872,0.07448591279779657,0.04848557684709878,0.0309796184904024,0.026817775276523334,0.02411776599719033,0.02359637437740005,0.02710860469319053,0.03117143260188634,0.04126189328358771,0.0683091280063911,0.08185392833238435,0.09389074990285977,0.10181628066698535,0.08831007011792888,0.10711964902508764,0.10504687925104857,0.09133032754209383,0.08169082907035374,0.07729230238590364,0.10734487110274436,0.09072018505920769,0.09895575487559326,0.09762390799523642,0.09741057394470957,0.09470279282509639,0.06894100688391422,0.038383849112910665,0.028407183725630815,0.02257833970803388,0.020289301692423364,0.0215238037207371,0.021949646072433146,0.025523695500755554,0.03460383543182314,0.060420212609632394,0.09931734054663965,0.07587506622912452,0.08204530609334244,0.07433390006538056,0.069561724398768,0.068683911533994,0.06832371721298182,0.07553159914294733,0.07606488284117091,0.07407032508563846,0.08978050141213913,0.1013878841641246,0.10461900147368718,0.08425595759134044,0.07579863657283321,0.058203062204969895,0.0333727490009658,0.028150339086689027,0.025187808348414876,0.022615686389148022,0.02429526211912197,0.026362670182256222,0.028941068496823878,0.03336996752506291,0.042094169603186175,0.04789586495310717,0.05228720688189915,0.04723391935496429,0.055104261327757885,0.04722033237916318,0.05227190093538455,0.062197596629357844,0.05851654886862353,0.06285697117966467,0.05938981618797373,0.06167875389219682,0.05376905548279682,0.04175293595060676,1,1,0,0,0,0
0.02033307073675996,0.018492916260324305,0.016708688029101415,0.01581977497283616,0.016621898856326058,0.018339852879251817,0.01878154969198283,0.03373968026110198,0.04128842447157144,0.04992719042959859,0.054439950397437153,0.050142033669207796,0.05351823427344541,0.05686211906204113,0.05839144241015057,0.05077737032007496,0.054479396088410736,0.06191111404145186,0.06714522972876621,0.06591274567241301,0.06603043258554685,0.06616995965577915,0.05358991566475494,0.04553929701998833,0.03338011371636744,0.030682794320203495,0.021555065641081055,0.020459552903915264,0.02025747071739065,0.02113423307345969,0.02539999802980933,0.03746528726446501,0.046270642366032254,0.05082011435584412,0.055906311305367315,0.05909274277164829,0.05473358109979252,0.05748010888791088,0.05133448461042325,0.05162850339533135,0.056630102063747266,0.06021116346179448,0.07204512213302655,0.06897380903514533,0.06127029764442271,0.054840209102372445,0.05631567300386681,0.046944461521511785,0.03319297157705904,0.02475997872912491,0.02269976239428452,0.022044593682861772,0.022595665594860294,0.025745432836950816,0.023388981176637964,0.04079731562323239,0.06114377960115438,0.05205259059073992,0.054732223079917514,0.06105186384818417,0.05480506065599734,0.06324295641034526,0.061377233760646334,0.0498176222211294,0.04668988277508629,0.05060722480527912,0.05889996194895371,0.05059079409968897,0.045540590687948836,0.051303795979998575,0.043261128247756055,0.0415116783928138,0.028359926980246145,0.023590938077195058,0.020165592572518865,0.021495297396193686,0.020386032280732033,0.020281191553381067,0.0219246646939489,0.03370289481137218,0.038686019527476495,0.04489686372397303,0.04435519781212957,0.049348507088640636,0.054093928683130794,0.051970713268435186,0.05098276324977691,0.04668779617844669,0.05325090073546033,0.056574019037330586,0.054244873449294385,0.05174526705214276,0.05088184948989522,0.052868010847673924,0.05041948724922875,0.040150968681311724,0.028110025455860218,0.022026648219844253,0.021505641477979582,0.019863581776080986,0.01813966311504122,0.02031274084237943,0.023073726465280105,0.029165581522903217,0.03698937470550779,0.046144268154687175,0.04665482058258521,0.06594406047113821,0.05085875220260406,0.052630576289133264,0.052674430367855164,0.06632991598643545,0.05301955932145114,0.060260317284779985,0.07423256382429111,0.05401977464198982,0.05695951876181926,0.057391698172426626,0.05463685165540179,0.0608204940964004,0.03477086390567757,0.02290563057474014,0.018539028448715307,0.01654430819404486,0.015147945869767357,0.016266153011880283,0.01651826440050864,0.01830076108930957,0.02364430551456385,0.033532384589634305,0.039840563640917086,0.047481495305727796,0.05069274304943736,0.04741000951422055,0.037116113551162414,0.043492839759536966,0.040205459708770874,0.04880573005590969,0.04459809175874083,0.042595825828569904,0.055803440007523485,0.06286228887321217,0.055032743302964565,0.05225632875900138,0.04254900834500141,0.024791795098967537,0.018986425802645167,0.017079696785432658,0.016261168691752145,0.016316100150254136,0.017134378770212556,0.016363229610504657,0.01897679067997743,0.02310461592694223,0.028476805279718378,0.030901197667509525,0.03488542439279516,0.03356807989317808,0.03891335338411278,0.03433277048474451,0.04311780816340196,0.04803810664275192,0.0477339329818173,0.04765447836201913,0.041956546510080225,0.0414586886797134,0.03732216854706825,0.030786860388725905,1,1,0,0,1,0
0.030370364279594546,0.028061622975738398,0.02499593508745138,0.025147475996060143,0.02429223606528046,0.02479538097948722,0.02797892477610475,0.041174234915081376,0.05684034022771512,0.05678861768000841,0.06000700500563781,0.05922910915645373,0.06045498790188536,0.0653539285630948,0.06425508395586976,0.06166565500465554,0.0628518873450306,0.0667703187245853,0.06929625430372438,0.0712396724077645,0.06929153211526487,0.0687171976659714,0.06130120723916401,0.05416965366679753,0.045880273770039726,0.041916580295175365,0.03730507387134411,0.03712311026674264,0.03585417603155584,0.0368187209313691,0.03953584430710807,0.050859951577050595,0.0567024213565378,0.058140743030384925,0.06525407190036939,0.07256409463045879,0.06671029338177915,0.0655291609914855,0.06458066830618886,0.06595966415555811,0.07112156227470948,0.07895006322018383,0.08072876129895588,0.07684444399845052,0.07473501022772845,0.07026863944423822,0.07074994373538215,0.06612932421398462,0.05472108713593777,0.04135200300836735,0.03819342040319969,0.03638306939037821,0.03509543564940609,0.03776035311543931,0.03858441396151512,0.062477519617826056,0.08295799345588714,0.07114848593402494,0.06613219749237466,0.07535259018455555,0.07302667324346479,0.07532800280129821,0.07180686271249093,0.06415770624558732,0.06438449582287221,0.06487734881671288,0.07292299685036732,0.0680485400208,0.06587237803291192,0.07200168781024359,0.06085163978524659,0.052872326221272116,0.044342322922533366,0.03820589482114629,0.03524154845380437,0.03476844965984914,0.035301386013535954,0.034346348184856254,0.03646219508711195,0.04921282214285374,0.05494265750198181,0.062096975502879466,0.0590711620514333,0.05890315513805508,0.06025390596926612,0.06581852357582685,0.066040374160386,0.06114959500492597,0.06271154786924071,0.06363566821269374,0.06026907347448278,0.06094424993575395,0.05595242432355746,0.05503134576708409,0.05299217622575596,0.04618515748966467,0.03820233600303465,0.03104408689743074,0.029659754671761872,0.02870151496077538,0.0255936860230183,0.027218290376996055,0.03002175839536074,0.03853107308729893,0.05074418825446279,0.0583290338423406,0.05424266538445452,0.07776258367390236,0.06621673140037251,0.06392732438527736,0.06403503535817286,0.07309735171986073,0.06245748210767763,0.0681750044069289,0.06483483025795599,0.059253018911146864,0.05948619893930008,0.05723429641117276,0.05595417682825832,0.054102982772527335,0.04081440791633943,0.03149918514477033,0.02849199029410733,0.026688410682921052,0.024450393057134236,0.025304476291692923,0.02494101278751005,0.029422885836315193,0.03273830474553922,0.038365689738213304,0.04569523647730489,0.053452232674389415,0.055813599860085154,0.049922563702181934,0.04659940449473623,0.04727849648721824,0.047008483139571886,0.053581769378416536,0.053247118335741944,0.052755538451620156,0.05517512737599167,0.05979981550957834,0.05041118045234315,0.05070930911464164,0.04022214731124312,0.03329077817454859,0.027794898417060107,0.02724033578937902,0.027012285611970055,0.024123581658719324,0.025907128253848895,0.02580491618489952,0.027758859845346408,0.03140011462213913,0.035725212385549494,0.03783158137856763,0.04377511449840644,0.04252031051582158,0.04308576993164746,0.04436478984252954,0.04931550587506645,0.050920401939928896,0.05183660194490752,0.055041301918025906,0.05112196437053724,0.049202471123766106,0.047145851771159535,0.03768839516220566,1,1,0,0,1,0
0.03477750233248996,0.03201412565963025,0.029413210694505414,0.030996219901006823,0.02727942866406821,0.028778191092417995,0.03246683509598983,0.03950047077611726,0.059414313785498586,0.05251373712578109,0.05144549259356586,0.04985277639314768,0.04955972937629224,0.055428659396039505,0.05522169893041003,0.05388217764695096,0.049835018392783224,0.05061070472606262,0.05180740183028803,0.05425693060270598,0.05501216893445881,0.05760923664377786,0.05409940976360294,0.047350424348112964,0.04238037123711606,0.0381401077800084,0.03559719525323243,0.034884870046462256,0.03352682382361687,0.03483005875835854,0.035409890864344734,0.04642863358085127,0.04639265173536039,0.045323035519877666,0.048644743210480186,0.050849191757208166,0.04945524067021984,0.052557712444714244,0.05004915375798212,0.05121288270178253,0.05231363453367976,0.051107116886217316,0.05388034221421376,0.05693199038324734,0.05988298390244867,0.05527256608314348,0.05706169109695961,0.057055605869702104,0.045535012222537634,0.04081211732243825,0.03800242992515839,0.037156899077197006,0.0357538364143479,0.037878776983574926,0.04131344242884581,0.05105628622824113,0.05557091396516075,0.05166120459231931,0.05125076624461855,0.053641926610298346,0.05198932040591268,0.05222772456525709,0.05635532567480154,0.05543522643636789,0.056977979058937596,0.053407200128478306,0.05819927204724376,0.05796767175034625,0.06060960391721109,0.05976341214753096,0.056198852178776425,0.049692162678605434,0.04287809125983358,0.03893241629907236,0.03631552987561662,0.0353181487706374,0.03677940680262752,0.03508967474694961,0.03620664793500361,0.044893398481251394,0.05027957701177396,0.054564205019934246,0.053864817308412735,0.05147757289063509,0.050973597219237166,0.056826896204548304,0.05569375046614946,0.05182829001485297,0.04844528125254751,0.05135924298426833,0.05083179321002955,0.05113681793452839,0.04838335869185659,0.04782662792121633,0.04638694769985192,0.04279485331531056,0.037984866810158856,0.03222705303053604,0.029772142885709136,0.028717347518683104,0.02535918560830665,0.026565612326585723,0.028833058760505733,0.03651018005692262,0.04404092886743789,0.041327780347823896,0.04356036857071459,0.05055451260786503,0.05230092363180069,0.047855497247493384,0.04772989386451121,0.05201672241439185,0.047978417743051956,0.04749644271095749,0.04752184844801996,0.04779064891428147,0.053092003043786765,0.047061973425261736,0.0473165453505959,0.042434827621287675,0.03352311260231001,0.030468457356499463,0.030862183475898503,0.02818435696865392,0.026202284650733945,0.028101784627079348,0.028007378423467025,0.03584381945187592,0.034187986140304674,0.036868151140459056,0.04031612151676664,0.044642741340475946,0.043128346329196855,0.04225871603169785,0.04121795736843781,0.042381385445663805,0.03877676130851818,0.04002754073085152,0.04470203655883902,0.0441904859404002,0.04615760247905033,0.04477013555477823,0.04021391747221253,0.04679459369352059,0.034765341629918615,0.03199089378031202,0.029439366720719996,0.028506418009559976,0.031040324122677113,0.024555545783000836,0.025720864480095976,0.026547655298995384,0.028400953416299154,0.03159689875761559,0.031839702005399484,0.03421688604861737,0.044257164473477516,0.03628370356681541,0.03914447012440001,0.040319417992502576,0.0406327380417591,0.03982505447699218,0.04116203075338811,0.044904036402336076,0.043625189022079555,0.04551357689189004,0.04225537174354669,0.035009364267871795,1,1,0,0,0,0
0.03241066699377821,0.028881887116852415,0.027409084025283654,0.029601622628136006,0.025406304163875394,0.02695049096687881,0.03032093019211843,0.03713164140125806,0.054799575016709935,0.05013174657736301,0.04924911678078993,0.046880007157577105,0.047026472689253036,0.05165258329041118,0.051201688971319055,0.051207479618047,0.04951168932699372,0.05007465213545042,0.0509058845036919,0.05045652202308345,0.04983306554478914,0.05203430955324242,0.04952615249089994,0.04437624621152372,0.03666113401889005,0.03172585268475899,0.028865123488146238,0.028788391159692072,0.02804754489627459,0.02909823409053693,0.030978403473399432,0.04100038763328832,0.04276286396071077,0.04403910658495101,0.04765287030819118,0.048907393081115955,0.04589171349295449,0.04672639925689455,0.04429630343086186,0.045194084266996275,0.04694248126035779,0.045877323417763884,0.05112449224881073,0.053443245937686644,0.054370699771507096,0.05271257867163592,0.054045585633159005,0.048926222115150624,0.037589869444590286,0.036134910428250094,0.03479396208220336,0.035155118560270614,0.03204993686640955,0.03320562126354227,0.03555245421382948,0.04633620695894725,0.05015342744803737,0.045632259596959025,0.045285011471008316,0.04960779746077501,0.04666372489917605,0.04620155246100844,0.05177193618944153,0.049559442728351034,0.051238004178976795,0.052173866986441275,0.055530054708214024,0.05551545111801474,0.05599400858680538,0.056266785465238146,0.05209491891883903,0.0468770859032743,0.03956680985838359,0.03786218965120693,0.03373957383964433,0.03232521036998228,0.03377749118265772,0.03210526368888519,0.0324966183727156,0.04143252034617896,0.046303352245779486,0.04980711912024216,0.04995432976204856,0.049498186820479795,0.04898256965167804,0.05113620868869361,0.051630941204564726,0.04743828787380405,0.043892044088221976,0.04773310128195338,0.04813110711735257,0.04905367366804733,0.046681931979668044,0.04550463918279945,0.044251909958529234,0.04065449665374918,0.03709185607445918,0.03165585365555134,0.029246840844720342,0.028219199695666594,0.025134068632602178,0.025945880568668707,0.02834822795064438,0.03692601139368031,0.04381803723131571,0.04379486912310786,0.042033274228742645,0.04588463220159584,0.04928355500223095,0.04526663323335283,0.045819639195530795,0.04431385321701008,0.044664116977790026,0.04677652028947578,0.04459081913187187,0.048748600086756466,0.051590940161815195,0.04434570857821336,0.04617118113511606,0.039460845421344946,0.032571620524825845,0.02887736265907934,0.029065586220479698,0.027111107841016887,0.025500682645380433,0.026164574810283298,0.02720142934893783,0.034442401469647554,0.034941123256411376,0.03526801698061385,0.037970061920647794,0.040604291218466974,0.0400463334109152,0.04138392340987537,0.03876036358573005,0.04114765630849603,0.03726799668515602,0.036701498874574946,0.04579275448324082,0.04227222607608254,0.042773772237400795,0.041658238633454844,0.03699138476966143,0.035789548426230444,0.034294234568890296,0.03084012783443508,0.027804409733691807,0.02742562049445145,0.02939966112441437,0.023372237966040977,0.0239323658389956,0.025865320827000857,0.027965830986915918,0.03065311746170958,0.03104649832472054,0.03262394238180501,0.0396709749081902,0.032537373768241375,0.03876044413304743,0.039633700060935056,0.03863593563788337,0.03865923919735094,0.03839089630740932,0.04067268357083741,0.040654179525574805,0.040492091272823896,0.03803972227190348,0.03365926340509031,1,1,0,0,0,0
0.03340456310823709,0.029715622861965246,0.02782668443027169,0.028999972674196572,0.026845834024175237,0.028513693439136446,0.031003894250393897,0.038293725274556,0.049020225328853355,0.04716867470051781,0.046139198178708936,0.043810909355646036,0.049196946042207285,0.04555202229844788,0.0461172829482711,0.04643928196379813,0.04544313813047067,0.04709799151895763,0.05844202536315285,0.055060707335990285,0.05530328020455361,0.056210154213208546,0.05300116734148357,0.048289106408754744,0.04048749662059983,0.03722436128588943,0.034324284310863255,0.03479807440844097,0.03449035439385116,0.03493812107800758,0.037021482843303394,0.04623179451210307,0.04906443755775805,0.04621615917402695,0.04533957352059063,0.05157063741444133,0.043558569105485764,0.04807751903833767,0.05244987885511063,0.05306791422343802,0.05284745500691848,0.0568515876438057,0.07195473540210347,0.07357569530730848,0.07266443125664174,0.06937391291600954,0.06904819455457695,0.060820431888508504,0.05160774296769465,0.05155156536023328,0.05022469203789392,0.05493206713479802,0.04612150004033774,0.0471295554067297,0.049727310582940255,0.06289373672355565,0.06322086633979976,0.05342109406853865,0.05406997068490531,0.05493833112902905,0.054964460726338614,0.05759165911044381,0.06035688154869739,0.05234796717607836,0.055626143608966214,0.06300924846524436,0.059292257543951246,0.06473861023986935,0.06496294124808429,0.0653142261448052,0.06445411381222298,0.05803090926815031,0.050809355841088394,0.04861375154884269,0.045534753296348845,0.04321865648242753,0.04232827091428269,0.04118304972133849,0.04189827613976947,0.056097495149384134,0.05582763496730932,0.04876642116546824,0.04876906493050154,0.05403831068928265,0.05693401080551641,0.052837369319621845,0.05400737064829318,0.04235485100757358,0.041885386846784486,0.044864147079862714,0.04588544427482674,0.05009841245430212,0.04784474971576611,0.044212005898938304,0.04352591036090728,0.040456411820348044,0.038866400946689326,0.031273535746983494,0.02840452878497093,0.028898391849341683,0.029462893623874675,0.02948328071263023,0.031600622809779905,0.042235954411378535,0.045147133713596625,0.05283627604556404,0.0423694987206537,0.04303007011342633,0.04188554402887241,0.045200680049752834,0.04667892253659044,0.04280875416890437,0.04532968331398508,0.04630231076483747,0.047380519044448156,0.05333522491836626,0.05152459968982867,0.04606898123831784,0.04899981702887995,0.04285204558400717,0.04103125579559102,0.03410013185514528,0.03206819961667484,0.029796752363908365,0.02883341163059951,0.02856035888640812,0.03129427713813086,0.035162487376548174,0.038871242686189605,0.04016950626740836,0.04641063600703075,0.043426543113806476,0.04437324283714841,0.04476889091770359,0.040276912468164464,0.041882119950623145,0.04029809585351136,0.04033874187825349,0.04743065072968838,0.04447515358716551,0.041381623607889134,0.04096743509103134,0.039346697247018295,0.038433502515129475,0.038623501144592516,0.03406258467246671,0.030036654126634695,0.030084908678593245,0.03016638196234194,0.028176576645174912,0.027878153912033188,0.030742090438468476,0.032363772588240684,0.034875923348210325,0.034879243481617306,0.035938700049448526,0.0401234082920123,0.03659520749827682,0.043706243646145136,0.04898007887651747,0.03905280917415434,0.040872543438295945,0.042769187708429315,0.04816392305529064,0.0494307008819364,0.043099927275201504,0.039911155784002304,0.039470952039650016,1,1,0,0,0,0
0.019761198431712697,0.017588948487258234,0.016856004469268413,0.016886604761309015,0.017016791200877728,0.020659831828844163,0.02468366347942628,0.03359688882749384,0.041089358175445644,0.03515236898234932,0.03515876747488541,0.03419327231564189,0.03422304770608143,0.03299646427697695,0.03494641199076413,0.03310212469185965,0.03253231967944542,0.03456952084193336,0.0431336449956593,0.041954607818872766,0.03717048728913092,0.033521691941157325,0.03186375889293306,0.029650897749495014,0.02534368710638061,0.022377387318191007,0.021563780265860005,0.022727377025941294,0.022682347575337,0.02492288628395815,0.028520042179832072,0.03714905813678714,0.04178317086938897,0.03570676186082829,0.034077909380861464,0.034637227720444676,0.03109802728551342,0.03412332327936886,0.03901271514615219,0.041098320573435106,0.038686343001143146,0.047654246183498734,0.05374941732144694,0.05249297083932045,0.04616999021602706,0.039963440128861744,0.03808620627618442,0.03515711283177093,0.029862085711955217,0.029369558556650466,0.027504463714309802,0.029179272102263724,0.027495735695986387,0.02900713801261991,0.03299415357009662,0.041062361519519856,0.04449062349974471,0.03948320469431475,0.03827012326682713,0.03517251867353385,0.036488760123262194,0.03766411240105126,0.03848247350822533,0.03477674129517445,0.03580678514853467,0.04227577961395279,0.04674767846125988,0.04642335212853025,0.043595801192330676,0.04021482979390751,0.038618144708963,0.03475706356161879,0.029600150763414306,0.02726765849136038,0.027601645582074667,0.02720227211779675,0.02662043204959032,0.02779219963408108,0.029644331938805068,0.041238220205546045,0.03892529629173479,0.03342139541099801,0.03175650425399957,0.032012772800175004,0.036383963002204214,0.033770256279352644,0.03489402798391781,0.030127946845158723,0.03035735775435159,0.03444077694711068,0.039486380020628625,0.039709176788762984,0.034027788260188284,0.030550086725613337,0.028951425083401813,0.02629162386085401,0.02453372410364228,0.02055330203093232,0.019119538881734708,0.020290764883214185,0.020619211120180975,0.022201841138900547,0.02425534371765187,0.031375172119274736,0.033685810038791196,0.034817871342441666,0.03032537121943738,0.02766219383804298,0.02945260524549966,0.03334733926961945,0.03497268719754069,0.03221843478223588,0.03404323133972127,0.03795524812567318,0.044872287341217676,0.039040043636480636,0.03345599997919682,0.029489059344410942,0.029480481834210835,0.02710538267155563,0.02645577771904258,0.02362195468738836,0.022246114767423466,0.02069233887942838,0.020301080910183754,0.02168390504504173,0.022721024108784908,0.03064329774516925,0.026479335779075793,0.029087838391745374,0.03254646224067926,0.02945936647322165,0.02864731328560577,0.028137959768257146,0.027790073669461325,0.02722480209106538,0.026026624250019312,0.026443428234822514,0.028729159863266154,0.02822078075935493,0.02536860291923462,0.025231372350116597,0.024927656747669703,0.023437510830320456,0.0238362992782987,0.023069214174056232,0.021103908042387494,0.019373142078785325,0.01792173740150257,0.01841549894751354,0.018655588952773472,0.019196421162475646,0.020569014864042025,0.023193029123191333,0.02294268391753386,0.024106501221642,0.02520997164304557,0.023397682596331307,0.02274525416875207,0.02754673435450838,0.02603177849157338,0.027068290549931324,0.02978914375805588,0.030574109290123108,0.029541801789584207,0.024699137807210197,0.025688604348959695,0.024452664780892235,1,1,0,0,0,0
0.014481682741600058,0.012693371235079246,0.01224083397473311,0.011705642266358975,0.012033108993356136,0.016782177798002583,0.022201556485092925,0.03353041865209052,0.042468396004899045,0.03349848687635757,0.031208567719229426,0.033559875031251955,0.027270812148523244,0.032189763730785095,0.033220748497799026,0.031547794710567845,0.03159490974268545,0.03445916502192264,0.04084507631668181,0.039608237692339364,0.03122283929773667,0.027174592749690623,0.025873116713367235,0.023774630206552304,0.019965864082633226,0.016278403356738917,0.01696342364384365,0.018313160087237663,0.01762099549750154,0.020464697817327977,0.024546808803234798,0.03434244392282949,0.03871616725551044,0.03240673971219687,0.03272304486440256,0.029139537733128173,0.027966132658645036,0.02901798188333538,0.0321690477215028,0.03507254850587885,0.03225872439698112,0.044073304197860895,0.043571391312680924,0.04117478826779122,0.033403130160360166,0.026088465616998673,0.02472670778748965,0.021926053776247883,0.017629523677693975,0.014812354131090544,0.014695536604425607,0.01546784673743228,0.01692287209823191,0.018583958429104777,0.022411861178706985,0.030549718480428163,0.03668439766634228,0.03550478589563173,0.03097518513768148,0.028147570013418097,0.029602248367217428,0.029294758518095723,0.02914441580144289,0.02942296972655655,0.030562872431136583,0.0381079509827977,0.04599161237777431,0.04117289064992482,0.0351708483004927,0.030455097301174638,0.0274234337890243,0.02361065921482467,0.019225705984543883,0.01859063257013676,0.0190040227946823,0.020016121443492053,0.01999644392995213,0.022209476671179968,0.024149239323855515,0.03368689727524216,0.03428787509934716,0.03133768397950962,0.027763881383558613,0.025262108319245528,0.02724816496758779,0.026376404477016776,0.029375616252721632,0.028769413912585324,0.029436794719390112,0.034844570640416635,0.04098678479584636,0.03818309455644541,0.02948070740206621,0.026382253157552,0.024498860231548663,0.021915155198484877,0.018819993147939824,0.016865565035693406,0.016029937847599787,0.016930849062101426,0.016625885078423792,0.018745254538380506,0.020480560993402425,0.02771467473229779,0.03250423281347093,0.029933104739570296,0.027032017961317215,0.024527605125113452,0.027183330749842756,0.03013490078006787,0.03145639932509402,0.030581176241561935,0.03217201087678731,0.03939380788511148,0.04750558618892561,0.036448587115028096,0.028945978184035347,0.024123960561911652,0.022752622412115443,0.020861881379479988,0.019342177836447993,0.018425007982362664,0.01761875342057817,0.016276817284502403,0.016284036617459943,0.019257048572561063,0.018195696843839263,0.030486390625049285,0.023228173796800363,0.024214109799104568,0.026467149708964514,0.025491554069186153,0.023225198719178226,0.02280119664362912,0.023234768561992483,0.02244128794545214,0.021471230650109054,0.0223225790884075,0.023895448556419053,0.023228747088040586,0.021311077853062212,0.01957590664893549,0.01989607645735305,0.018785751771473555,0.019554078207224386,0.019849048104010118,0.018005304089989613,0.015360632590813177,0.013798607934038375,0.01450095056134259,0.014875643348995226,0.014916986442003984,0.016406405275166333,0.01930122972570569,0.019334640990055822,0.021138806745407218,0.02007971311059069,0.01854927563897245,0.017659511360757583,0.020922759756785817,0.022865825480296212,0.023957790353034546,0.02611601123819186,0.02431119860897888,0.02056804160549867,0.018387013434140374,0.020676108754199108,0.019671849588205812,1,0,1,0,1,0
0.004869293151587161,0.0047235250115327644,0.004305547038175139,0.004276911072758879,0.004035424671435261,0.00479433089441417,0.00609958226490798,0.008610063183309348,0.01028415408407687,0.0077314129910921355,0.007327595937579702,0.007317724973261962,0.006964566207495898,0.00862003061119273,0.008215827733671303,0.007808619777691414,0.009081004573136936,0.012382375258283286,0.015248880233225902,0.017291568236824376,0.012805131650936842,0.012435942445536974,0.01149939363930543,0.010651569518827312,0.01003273540471176,0.0072020649656056755,0.007174931539418645,0.008474908566998748,0.00705571189821716,0.007797995009764349,0.008131984391587787,0.01063589496076708,0.011666570769936773,0.008939902936264047,0.00926613230196017,0.00939915052062493,0.008601659463181493,0.00944375168820023,0.010793518891943077,0.009779002465465583,0.011114517208589567,0.018445081973289326,0.014893015062178473,0.01570148133393887,0.012376876922644078,0.010684254295983707,0.010721252510294632,0.009606675136304803,0.007309470856147745,0.006627512970547576,0.0065871411592024285,0.006709908765734306,0.0066914578903616625,0.007124698613457593,0.008308922386928087,0.01077882589959727,0.011151762173652656,0.011200546303432948,0.01058781179305447,0.008694246524605693,0.00834553449261552,0.009336705472194694,0.009459174003487333,0.00896222082548492,0.010166264875425237,0.013475874633869362,0.01503568137559427,0.014380147761882978,0.013097321486755346,0.011974058616161454,0.010887975757770386,0.010586514090240402,0.008196061608982291,0.007806822240800414,0.008205787893078355,0.008696399513258308,0.008614842171834275,0.009459843011745829,0.01005918493731317,0.011356764158945355,0.010296165004604545,0.00973733617504034,0.009042879113848953,0.008665534346846696,0.009605665574903676,0.010201884979505702,0.011328514017538085,0.010883505257752921,0.010708597075468347,0.012818996354089843,0.015852169425686458,0.014366774185680964,0.012409326206523437,0.010890727309800265,0.010099649538715968,0.009647442208510531,0.008621219593925077,0.007716220006180078,0.007553545570444459,0.008179740240635187,0.007811896226987112,0.00856135935011946,0.00928627736003787,0.010316147349309034,0.010053498868657288,0.009544080206916628,0.007577337594475523,0.008812005667040134,0.008852872148601178,0.010072993477311602,0.01109669079832737,0.011460567661053583,0.012589728086269748,0.014494900216050927,0.0165309758602187,0.012742148236364496,0.011178914727903796,0.010782657333791665,0.009533116009005726,0.0084068851776236,0.006911905103339547,0.006763047803902315,0.006560466538962955,0.006563356595020662,0.006660776498844242,0.00761901768193698,0.007636165203985273,0.008131698704652423,0.008436363270310545,0.008633667772230093,0.008655486068443113,0.008612368881261932,0.008617105260095676,0.00913763772276088,0.00866408946112509,0.008662146674783414,0.008895891618814832,0.00930430654713318,0.00988529656357938,0.008632666079410607,0.008175706757325991,0.0067302789458215445,0.007104259237773102,0.006907313404727481,0.0064482463648566106,0.0063630990176399985,0.006019341311258307,0.005750805564672037,0.005489407789208735,0.005258486125743877,0.005234942705349427,0.005362844897365301,0.005666194928133506,0.006906873157615038,0.007334879158153344,0.0075892354260593126,0.0071364852089819426,0.007479385902765824,0.006592994253256409,0.007457022216995016,0.007853261052272034,0.008061676852430266,0.009036983979332783,0.00854003697752422,0.0076184142783475035,0.007248566879060457,0.007701739227518975,0.00701421844885981,0,0,1,0,1,0
0.0034007373384904926,0.0033440817698003828,0.003066746924421616,0.0031658300565754654,0.0030935841274097476,0.0033957060017221702,0.004401191848351211,0.006341266647916855,0.007743319241767523,0.005827050381484924,0.005493776306257932,0.005234498523997473,0.005211198896327442,0.006317383688006674,0.005888238041208996,0.005975906374596528,0.0065734184198035835,0.009294752043596137,0.011721215013785702,0.012914468878413209,0.00946643498077089,0.00907621175465878,0.008268735399521448,0.007662342719688887,0.0073632148580516955,0.005203391863167945,0.005184684403142069,0.006184816036217028,0.005182979688665883,0.005659023627132447,0.005965498714355137,0.008007014927518276,0.008820816562164458,0.006831781599697055,0.00691947779040447,0.0071186808002518314,0.006530950610831254,0.0072566308848703185,0.007989171039549449,0.007102623679984583,0.008438504582800582,0.014067016800284183,0.011885582899191586,0.01256733381994291,0.00894691813010294,0.007757651522006817,0.007724525781243883,0.006980955521917454,0.005298546291732862,0.004811702119890774,0.004791114113781604,0.005022078816839846,0.004881008030318384,0.005242199773276584,0.006181303402799817,0.00816069815651637,0.008512616451988878,0.008473892264651239,0.008006031457652307,0.006598291807917803,0.007013316480424388,0.007019795178052994,0.007285747192450457,0.006807943101174721,0.00773549459030789,0.010268889947961952,0.011205153032762654,0.010568031435658232,0.009599189020882285,0.00870054597208554,0.008093462083920543,0.007710316058539992,0.005958579902155184,0.005614197085694836,0.005948551069409391,0.006376994980254083,0.0064112655859223325,0.006958919509352984,0.007413557347498675,0.008364322417836752,0.00779556182997313,0.0072988958700306115,0.0068310348580057495,0.0066433824221739796,0.007313174677813084,0.00785149261302866,0.008495160672104506,0.008149770826677755,0.008187709509970281,0.009949524745480484,0.01205917244439067,0.01068388116469329,0.009139274667929199,0.008098524238569708,0.0074356140265737815,0.007078982616729424,0.006316989627353197,0.005665453909097201,0.00557936258413571,0.006078350301975475,0.005787653342166414,0.006320349635705543,0.006883171939464122,0.007801638678288057,0.007722908028614334,0.007208131697982787,0.005688974353956199,0.006628475717129522,0.006677324614889654,0.00751765858260838,0.008135256795863676,0.008583165448716897,0.00955254535254776,0.010938998043200253,0.012425399400039203,0.009524765854194428,0.008348914470361988,0.007997009521663526,0.007026289800526937,0.006146327843638959,0.004981250840109102,0.0048394581150107375,0.004757281528385826,0.004828954319479978,0.004916802394620618,0.0055217951564308565,0.005590197301388741,0.005599820546438259,0.006140415735912721,0.0064670192477761694,0.006489464254130765,0.006487013181242659,0.006426263679743802,0.0066738697262505794,0.0062969072565774685,0.006474095791547852,0.00663588768570878,0.006903735405162478,0.007303737744296377,0.006361014513791858,0.0059671315858529795,0.004749153939954016,0.005014848254093525,0.004925186250315863,0.004557296417862267,0.004635339734362751,0.00439396440509408,0.004360967452278219,0.004169657834214744,0.0038496184891151303,0.0037426047030260905,0.0038352444686909713,0.004167000868814506,0.004998669001417802,0.005349216075158009,0.005592046730534976,0.0052683293541667476,0.005634128286503927,0.004927339092422784,0.005515921114035368,0.0057307997501456305,0.005916524549955881,0.006604454307612068,0.006261964706809194,0.005637272855676818,0.005347283987183566,0.0055563888183576896,0.005081266705636129,0,0,1,0,1,0
0.0007649643822745518,0.0006870760380664075,0.0007985999588128788,0.0011496291706618183,0.001595561130262084,0.00126326187347394,0.002050611570166402,0.003736709795124901,0.0053916272170660565,0.004531379225985683,0.004075317630685709,0.003536688428557846,0.0035585367240558285,0.003619433575400531,0.0033227646574915904,0.004718084295177294,0.003181588208707782,0.004217060947218053,0.005793515083997647,0.004099994825396492,0.0028944899363498294,0.0019343310258905803,0.0014177083873112425,0.0013016970737499906,0.0013943489177948843,0.001008648957678624,0.001091719025906901,0.0012961847774041256,0.0015217582086531486,0.0015782063253862051,0.0023500719557197902,0.004224446599371421,0.004988880095277456,0.004604868827332245,0.00401839377923956,0.0038939825764988277,0.0038231682877378145,0.004211611528689962,0.003622804222882724,0.0035743666470824803,0.004213660280590462,0.005843973864156512,0.007338502784007255,0.006594258269112414,0.002535392698139587,0.0019436952672770692,0.001513541314823541,0.0015258259323218148,0.0012774035216583648,0.0010414899999159988,0.0010481339715534643,0.0016428409945364968,0.0013888468896469275,0.0017769228426425148,0.0023736508208503345,0.003944649721128193,0.005067652999680541,0.004786062826576559,0.004051268230137405,0.0038476570511653454,0.0065871604720371,0.003936826283569345,0.004440029195144356,0.004045417776594605,0.004337139567119149,0.005291312454748443,0.005327621895757628,0.004115619704461249,0.0031158468256046144,0.002357990231974327,0.0023963670047724315,0.0016465716635714162,0.0013294390583299212,0.0010831444786812362,0.0012149341709982938,0.0015423617636866288,0.0018885909049306613,0.0018573393944765423,0.002204553739689914,0.003497152560865224,0.00466604593562768,0.00411724180334687,0.0036618777345202172,0.0037011848403935323,0.003700670796113024,0.00396844553710563,0.003553903942551664,0.003428542631749269,0.004210739612329362,0.0054799264972150655,0.005478404420202342,0.0040372166873067225,0.0026452789126127606,0.0026152415570455884,0.0021086354511962732,0.0017168526882701256,0.001410179639943461,0.0013601425706937257,0.0013590512854169364,0.0015399180356233594,0.001474219804738848,0.0016587285356509092,0.0019369871601546327,0.0035658965875598123,0.004724270394213359,0.0039863641060376735,0.0034827977534744262,0.00313855261802924,0.0035174238369136213,0.0037146530217827102,0.0031803532671325838,0.00362031138049247,0.0042789058824673825,0.004976462517774153,0.005694978680390507,0.004326740501622326,0.0032748454048319416,0.002376290871650419,0.002079024459911017,0.001767428741656481,0.0015951937040983024,0.0013375490661822005,0.001648604862970969,0.0016166716453508707,0.0016102418986620652,0.0015434233500232926,0.0015335002868158514,0.0018657588689196339,0.002020481377741485,0.0029308862847372014,0.003198552236593268,0.0031526002957129456,0.00268804550384741,0.002022935721038709,0.002054835232105026,0.0025282808884139188,0.0023643328182849244,0.0023920666949029156,0.002325624216903718,0.0024119071162695856,0.001819569817905818,0.001254635195744423,0.0011794843033030473,0.0013086354380140342,0.001467657560006637,0.0023131534696051084,0.0021084953789943135,0.0023993473959721427,0.002155218007373106,0.0014780583333247257,0.0011085644703248566,0.0010755243247039317,0.0016567438219124697,0.0016839834949740082,0.0017898630785850992,0.0021882284316124805,0.002084336696522429,0.002158852805771179,0.002019171721115859,0.0022583768626932175,0.002237730589992628,0.002443217067344499,0.0025426718154117683,0.0024248893333710083,0.002109631832062863,0.0018200488860907872,0.0016094104558328113,0.0016195896677527924,0,0,1,0,0,1
0.014629249492096215,0.011149367798136647,0.010502159861364197,0.009947094404157917,0.009250378444457962,0.010087222500226315,0.013397159044765008,0.023917145204125013,0.031255819572490524,0.03558371270997028,0.03709517184647507,0.03465824142998736,0.035864084160951444,0.039004588798815826,0.036620889010024804,0.03889275713542231,0.0566540208885047,0.03939139281376009,0.042647598695408066,0.036406062157663385,0.03974081741105289,0.03299956183006517,0.03753634034852493,0.022794975154969067,0.024550325292511603,0.015230631613001937,0.012721034448563534,0.012126479113588398,0.011923998507205531,0.012850380262203063,0.015858701345737008,0.025184594859276658,0.03184013298509016,0.03563662216152484,0.03503292717309487,0.03429120371751832,0.04021557156570453,0.038177885268612134,0.039477638018414786,0.04139942408897994,0.040781488627410226,0.04410688943481048,0.040930046280040565,0.03480540386920996,0.03152792474135058,0.03627871433323136,0.03253041944635358,0.03240134309458506,0.022720851712033356,0.021487668899644274,0.01236749978587122,0.01212372022066005,0.012489108957788153,0.01281451783841129,0.016329387241414174,0.026423518094875233,0.03398953386009526,0.036142689894126515,0.03543905910425446,0.03757602367061578,0.04329145590969473,0.042219503598152366,0.03738520621357198,0.03552985038036818,0.034750764338934335,0.04225783992404461,0.04346056945817497,0.0386725251366904,0.034742009699561524,0.0334310841608646,0.03219523336291281,0.02073521774778822,0.01802668036469249,0.012760709136690156,0.013640817006120489,0.013833656896087574,0.013838118600373725,0.012145772124092352,0.01760126158730347,0.02498306433505268,0.03405485826093009,0.03291393865988033,0.03067265972589152,0.03164578052803921,0.03455828888615548,0.03511398726719807,0.03294741334563874,0.03574741594954325,0.03231034467381179,0.03772962127186131,0.03886106139337191,0.037109520913409036,0.03391003531896998,0.03213802135889563,0.029340917024002853,0.02806100604882367,0.017163474103486506,0.013719546855136865,0.011642732450814491,0.01119626442815307,0.011053418992335029,0.012118137809744696,0.01287393868558313,0.022490418199440015,0.03261433998254289,0.03165871746368279,0.03431646944304619,0.0316226843110445,0.03428166681218822,0.035966242033667245,0.0352231187026372,0.03387901128292766,0.03886679024603422,0.03813772764156922,0.04518803646853375,0.037968390538861724,0.031755277388660214,0.027438005701035023,0.020919975052503485,0.023710653849986545,0.01987263061752523,0.016147740938035338,0.0129888707138393,0.01446783263670762,0.01245573508707359,0.010417388918795357,0.01230866961887747,0.013796763363670403,0.01778956425930598,0.02331608366426301,0.028691218734753533,0.039719668509074775,0.02655409615909481,0.021491660789706404,0.02685823664906919,0.029139033715248775,0.0342015801754251,0.0317763386711776,0.03322931247769926,0.031091745832784103,0.025591475506422573,0.022925372848743467,0.021842817452581837,0.018646240645603416,0.018872364209350376,0.020925927474055646,0.016501238137839665,0.015092985897824028,0.01235139979295141,0.013157499414774902,0.011931732712405536,0.013685403889222656,0.014428134702638169,0.015225947799877506,0.020075912758117223,0.020651710991787083,0.021344588470872044,0.021154075569471208,0.022886944859374554,0.02699726388270783,0.024036121716986946,0.021167662440997714,0.02788180352348522,0.024819186877047802,0.027012231920022053,0.026871231535542158,0.026363132802447956,0.0184643034352835,1,0,1,0,1,1
0.035744911208172046,0.027905407037562013,0.02611836464679687,0.02416882124167991,0.022278852470661078,0.024841357272385067,0.0317136295698146,0.05407437879553583,0.06948794717908104,0.0813382287136672,0.08510386741461194,0.07951358403754276,0.08246010519898193,0.08967540974185462,0.0837642589615405,0.08490447112060061,0.1308478962403526,0.09010848602655473,0.0947634601827691,0.08396408472135353,0.09246816976888456,0.07766048595884233,0.08881048671382505,0.055003344784670116,0.057439841499222606,0.03728394633907973,0.031224694466526905,0.02962669178475703,0.0286816564816694,0.030665499950866464,0.03592678378694993,0.05687137030522108,0.07088300786572843,0.079868569050867,0.07911443376882976,0.07861435518967902,0.09241326976762096,0.08598910454146338,0.09048648632960742,0.09437623714135476,0.09313070903321805,0.09904985899112878,0.0899295067911949,0.07697514465662034,0.0734039818036968,0.0854397067443043,0.07629318227213773,0.07475033391993458,0.05294896064372878,0.05019268826923185,0.028988548506989266,0.028108924095174945,0.029164241071587185,0.02915327815461084,0.037221769011140646,0.06000361847025027,0.07629771685009597,0.08149842741305531,0.08051030459135974,0.08570016075720056,0.09542493390005025,0.09646494336188448,0.0846314897546317,0.08024997893325196,0.07892499179074833,0.09489865431487671,0.09813676575455087,0.08806435445270554,0.0795205569331299,0.07695728853472014,0.07505672045077569,0.050487555120874786,0.043220949316080934,0.03110513617959393,0.03238010610812847,0.03258841159801317,0.03247523033600954,0.028784829742414038,0.04157370519000108,0.05751151755408823,0.0770660315495302,0.07475180790573321,0.07035115832095853,0.07215792731273651,0.07877200561138534,0.07983407997755433,0.07521006055415208,0.08244811233125961,0.07297305222291828,0.08401405152698624,0.08700040243871526,0.08499173855039295,0.07998547845700334,0.07524710493432106,0.06773152851113322,0.06513365315102611,0.040973055125494366,0.03284327301998288,0.027987908614675885,0.02653411463361488,0.026656540989519095,0.028808262478046038,0.03057797671837119,0.05211342477289621,0.07369179433232735,0.07170141948640227,0.0785239374670606,0.0729656876021754,0.0788253717954007,0.08230042225628126,0.08155332425194645,0.07851637189186345,0.0896855240841241,0.08640968809564006,0.10259688621613779,0.08713648237489717,0.0727683328987511,0.06416268401836003,0.04946877148818091,0.05514930643836428,0.04671416851088874,0.03831842813316804,0.03074759977986303,0.034046931418446974,0.02916072390363802,0.024379234128070314,0.029047378865730764,0.032428972238233156,0.04142527434537213,0.054618428459000876,0.0672162184734788,0.09220566826395254,0.06276026469043404,0.051640129188241915,0.06413453135753115,0.06850081869141425,0.08046526371170325,0.0751000397614205,0.07914033587034187,0.07245302349214126,0.060383462650835926,0.054662405693197615,0.05312521997768175,0.044895970769598705,0.0454117355077255,0.049178730234722794,0.03873774778569419,0.0352776150346525,0.029410447511234766,0.031142625715977805,0.028833268842753293,0.03290473810567311,0.03408109522721591,0.03651620559332431,0.047951594413924555,0.048705616017995515,0.050656456102847636,0.04960835523183724,0.05356026956634669,0.06305459070025121,0.05684669102374108,0.04997841272671659,0.06499829789644836,0.058043890416730644,0.06359926865425465,0.06348843746728605,0.06265706300065148,0.04348362977745905,1,0,1,0,0,1
0.033164910949728066,0.02754258599632012,0.02663352285209084,0.02313941801911706,0.02255796557656872,0.023663041779603163,0.031151620765583254,0.04311432596723311,0.055865824919279716,0.06377284918441724,0.0652168933259343,0.06360672812049105,0.06704175417086304,0.06194736439570439,0.06002267363111682,0.06855434967921126,0.0801903716132611,0.0673829939145009,0.08200275652527968,0.07374170718102524,0.07520452641791447,0.06734233382395138,0.07385020801432704,0.05003416048575963,0.04396761591620875,0.031906411806133655,0.027524966011083035,0.025608755040974252,0.02542341432937018,0.025448578790518702,0.031255415205309035,0.046210763587447176,0.06010439658283886,0.06262595222259604,0.06477325750322568,0.05881545521020811,0.06907786596419557,0.07075666720987354,0.06315623636986108,0.06296267777797053,0.06347524296188053,0.07081483344677889,0.07297503043128487,0.0639022978700644,0.061093324152874585,0.06028859421829697,0.06041071660013443,0.054106230475441504,0.04524295774194582,0.03914485652566235,0.024475964579140978,0.02299032477203974,0.023414345907282183,0.02389417938044383,0.04163646823068557,0.04997642975238547,0.05934224352824808,0.06314041517523733,0.06925536441901756,0.06603749960819941,0.0868181755334285,0.07142531127534502,0.06651423309340988,0.06080725949078346,0.06647628013234795,0.07164000249175546,0.07525029591847224,0.07158981398215652,0.06777798027323524,0.05799634283631225,0.05911398012858823,0.055570340435972636,0.04055311431346007,0.03172349183706538,0.030361556757450274,0.028021760990010875,0.02747337749721763,0.02608652644708145,0.034861260644411696,0.04903188765693036,0.06252051806361696,0.05693820100960201,0.055691039296473545,0.056439005720116314,0.05920709827232435,0.05861761286110885,0.05628436958513156,0.05991800904134504,0.056483432115947474,0.062462780401335176,0.06263224757899812,0.06693603342900661,0.07460032752062346,0.06020221946402732,0.052930378230129436,0.056942690482927015,0.0373069518456299,0.03350856231646106,0.026520743520757672,0.029223495296342616,0.0282426947615984,0.031069728185207,0.029762509744103632,0.04509206924724471,0.05926153780220736,0.05982805941904834,0.05859872522942251,0.054658891917308584,0.06278606287538074,0.058759123224066116,0.060629973410761366,0.06339034797551972,0.07126979339805659,0.06239607117225867,0.07975360126240287,0.07313597153980658,0.06314493013682129,0.06374500714627679,0.05799044742504476,0.052874951476123914,0.04850924100431012,0.04511950599455511,0.03716839244711052,0.03706867746053724,0.027516150465871744,0.02460457679241701,0.027817686304651,0.029965915927441366,0.03352015989564148,0.05361609609130984,0.05786670542253113,0.05786119580497121,0.0702061022811109,0.05677619699216181,0.06632972897583422,0.06270647382535037,0.07109546296802484,0.06291570127164121,0.061432342816467915,0.06015457861394868,0.052914376019152526,0.05604000454318187,0.058919540317766125,0.04589042585740409,0.049784420876183406,0.05322052282616409,0.04046951618153762,0.04419681823449614,0.03139911436199326,0.02762119748267777,0.0255485576930552,0.03123578009581937,0.039726602558483586,0.04253562767137381,0.05017471521674114,0.04835902630048152,0.04947421577825928,0.050762171181122216,0.055136236971791944,0.05833518539170304,0.057800591663561676,0.06948197421473493,0.06648521494248089,0.06432375410270827,0.06164853381095997,0.05899211273557307,0.05826805144144457,0.056469169381474615,1,0,1,0,0,0
0.026346206680910794,0.023126112559653272,0.023316450758303485,0.01872640402131612,0.01911229489123281,0.0193104239168938,0.025741668806249993,0.03199247841350384,0.04069350386166733,0.04620010484913958,0.045209944587095915,0.045963677997299786,0.04911823356482789,0.04152930664754393,0.04054997241476663,0.04882803919595494,0.0476926851747074,0.04672852727908234,0.059010032872189075,0.05554915340499439,0.05361158656487851,0.05164880781402323,0.055596056801192714,0.04107864638479763,0.033560757315333936,0.02469856977603493,0.022033836162945727,0.020006262695005432,0.020251338062024584,0.0195097810341502,0.023497610233111515,0.03300581403405078,0.04311736596092935,0.04494492164111602,0.04760499159842355,0.04073788024047919,0.04759135306883896,0.05170667316370045,0.04110536675264023,0.039430094837244384,0.04016298043097436,0.04607192672425805,0.05103338917453652,0.04682347429102484,0.04624713005918468,0.04000704843315113,0.042348229907003876,0.03769408609628328,0.03406541354599456,0.02834217067402309,0.018977455863827226,0.017670539721790734,0.01761218774636639,0.018412279460537626,0.03412416387202357,0.03676044566676184,0.04236619224105194,0.045462888434588546,0.050719381167022265,0.0462613444303317,0.06302012385986185,0.047642829840574254,0.04667360552404035,0.04304881558080109,0.04907512976095513,0.04945052858202938,0.051519170072409956,0.05122316893304534,0.051978856790655704,0.041878929333869636,0.04206465043205166,0.044213360658029104,0.03144227294776368,0.025581564440437143,0.02376773519374081,0.02114492062014651,0.020896060927916384,0.02032839275443736,0.02633226925467242,0.03634676252748404,0.04419576721984797,0.041543292428224646,0.04106587300878284,0.04198645541551454,0.041947815237669,0.040489563726456824,0.038846275110943865,0.04153863987721569,0.04052521931243063,0.04261051594481156,0.04156087732657157,0.047184237328320174,0.05702633147586409,0.04536487112655257,0.03934985667826156,0.048312262269854335,0.03028951080877083,0.02764347604926384,0.021559366860820724,0.025214843525908276,0.024812269734363637,0.027634027426501017,0.025416985978514127,0.0362055943271045,0.04496904185119383,0.04509815254665766,0.04206509124588213,0.03934486694090263,0.0459226482810346,0.04016070341655208,0.042996859706815535,0.04691862040386779,0.050394069994985496,0.04364074078226379,0.05680713797614417,0.05637670462937204,0.04947747609705157,0.051964094599875145,0.04947586254073931,0.042981873498176795,0.04071190339712745,0.03932364218185719,0.03156821390590347,0.029856823812525125,0.021873107132033366,0.020451271200011268,0.022641905676524333,0.02413017093115504,0.025978243057723623,0.04393049813900667,0.04310648382193277,0.03585465424164086,0.05693837483956526,0.04826786231641869,0.054742974527675715,0.05036852862105558,0.052789489116440214,0.046106197722322634,0.04362065404088164,0.0452822127100691,0.042460696853752,0.0481207746551307,0.04869532591811206,0.03762564391905056,0.03975203739650458,0.04012410939028537,0.030612172575657542,0.03504690218296315,0.02427949522135682,0.02123173981924539,0.02044675927414727,0.024899746023448785,0.03402327623254132,0.037679704169144956,0.04596474587089495,0.04136032332930642,0.0413635426521987,0.042495933130840935,0.04736986059208456,0.04681908130452215,0.047578980567799654,0.061789932604756265,0.052521779927569935,0.0540611339150958,0.04957991669672489,0.04691627977539111,0.04739774277680687,0.04954879043998319,1,0,1,0,1,0
0.010469600021020183,0.01004013862684984,0.008993879596617453,0.007478284182572816,0.008082725123438689,0.009119225195739525,0.012875464599032594,0.017969423620251893,0.01932940072005892,0.021745439952065532,0.0221739647705304,0.023209098900533007,0.02347241218233891,0.02144467341926686,0.019662714180872756,0.021022653926251262,0.0315198781149623,0.025141439786819188,0.02079170740212769,0.01946291032023669,0.016721729776975162,0.01922231468033006,0.019584127437907134,0.018030718238132574,0.014327239003726974,0.010389003692885826,0.009949624819743081,0.00961107870994425,0.009602459554305992,0.009630331098997533,0.010815499957435262,0.016821760113496117,0.018115460569919747,0.020320093139820587,0.020518548047478935,0.01930286037853561,0.021119488065187677,0.02194914470180191,0.020159024491011753,0.01771379303943541,0.018507161822986205,0.019789860272780378,0.020496715889611813,0.020134219173409615,0.018605868858817112,0.016205012806712823,0.012890110332564212,0.013135135956592452,0.01070807939055755,0.009853273493553985,0.00853888474341411,0.008764765343497967,0.00813462362046523,0.009578582151314758,0.01245617306358047,0.0178323789829353,0.0207761778876874,0.02509464327667444,0.02092973772419776,0.01911399683086614,0.02054929781902116,0.02589455679583634,0.020606386517768274,0.023803961501922273,0.024771683637867255,0.028291268007735796,0.02265521687247415,0.02032142585831907,0.018981282950844076,0.015640858748589642,0.01372542781812039,0.011200372707839211,0.0098776775011131,0.00859869814599847,0.007776543293841878,0.007312604494545445,0.007751889657111341,0.008329916914621092,0.012053499264751875,0.01730499610626118,0.01913339184516199,0.021689692466183373,0.020515517368022776,0.02131306545162249,0.021206537460815442,0.02014039435412576,0.019781566507765823,0.02193820043808505,0.020606191380658355,0.020426755547971073,0.024023876979694728,0.021814208772906143,0.02039082844137065,0.019598895998465062,0.01677290039750891,0.01967659136999075,0.011979912516384422,0.010364428685625713,0.009201066245297589,0.009717576118367469,0.010120846386371885,0.011597959797773214,0.013228692339230961,0.022451976125011996,0.02319875062682427,0.023289190434108115,0.021689159683456097,0.02349732629363254,0.022008926580321202,0.02203836748123885,0.02339638829250459,0.023567112319059346,0.0208651680833614,0.025450652597202608,0.028301554594623912,0.025589419709149266,0.02343457818109647,0.01879526182248033,0.01685473864012419,0.016882206240400325,0.01621422915798086,0.013377343004324587,0.011273713158789191,0.010010159524735147,0.0093461222650271,0.008894546154262228,0.009597441116868069,0.01090754636897766,0.012798779966427934,0.015970944826375375,0.015559726698207056,0.016511980518494798,0.01802017264138577,0.01749163843736321,0.021535265304430645,0.020748837270759705,0.017798954924414957,0.017518477257774917,0.0174716328365662,0.015555850300594498,0.015996167785667433,0.01879229110049795,0.015183397098471043,0.014541417437945436,0.011828443203948578,0.010592674943765642,0.01013292237832407,0.009668351308049813,0.010614764943966829,0.008297731208752872,0.008095271862355518,0.00832432681941136,0.010761862877828888,0.013853858090769553,0.018805011351638246,0.016479670790290054,0.016400344122520293,0.015683850347378687,0.017456119111452253,0.01625703682135863,0.01786351259136741,0.01684004653770139,0.014721571344749345,0.016217436971818582,0.014936301181742346,0.018193624253506478,0.017813316786200472,0.013127956888831248,1,0,1,0,1,0
0.010844929473333468,0.007729954141486795,0.00647698429600343,0.006237656031060685,0.005822078090914763,0.008136067705711944,0.01287552609144223,0.024575530355209606,0.026416281393869902,0.02587958220007731,0.031746686944706635,0.03266255829695836,0.03476402540084955,0.030340211706362388,0.03092905093231712,0.03233101873795723,0.03144711978392851,0.027471472138411168,0.03181878410668216,0.03881516786903379,0.02709041082498117,0.021588416068459012,0.01939870471269413,0.014555091931845569,0.011620426560187663,0.009955322289445885,0.009209976563691002,0.008162984079975342,0.008247181715233348,0.009788681653911155,0.017404556031705605,0.022966102452619253,0.02795002125762981,0.025538189235608712,0.029573886520715745,0.03135977523507024,0.031621821156033604,0.03210683018557112,0.02958965767802823,0.028089219860605606,0.0304778499282907,0.026296231639254306,0.03705872042382878,0.030645535457406097,0.018232092743472577,0.021526064909919745,0.016237887538424783,0.01744833865280207,0.013727221889045257,0.010635226934057739,0.008224058742712927,0.007653902861750963,0.007948476743952321,0.01023898450484199,0.014452162774895846,0.025065145466946624,0.026355061385247073,0.030382547320947643,0.03226210883272357,0.03472131384339566,0.03559012695954901,0.030393236535897254,0.0308585253307209,0.03058496864168044,0.033753352527671886,0.030566658083771483,0.04272637886850536,0.04452479425795315,0.020574411874677533,0.02085577540107409,0.01630498785908527,0.01335458982512312,0.01261624771724531,0.026654837124354194,0.031971193832470254,0.02607667784149492,0.009212077472455458,0.012502706673424046,0.020002146313509366,0.044530997592084294,0.04888579717037102,0.0487418757421435,0.03309997260570494,0.03322681886041448,0.03524656793954145,0.03663517693125802,0.032288555411276225,0.031383271948531,0.030997624570118718,0.03493850343246235,0.03001398578926938,0.025804835544936004,0.02416990065725698,0.023052166876456632,0.01888978760531448,0.017419922451035262,0.017798081650921695,0.012893390746539706,0.010358992541880118,0.009558542907796598,0.010353462537648466,0.012945836953830375,0.01595765309495356,0.019893291967164942,0.032726275830751946,0.044612854521520376,0.04447555077751714,0.027206339207106238,0.030277147920644107,0.03250513900035548,0.030992697562533353,0.03342561439145347,0.03277068450242886,0.03894355292066957,0.03223904717248842,0.033198003009514275,0.02429221246955718,0.017728731035442584,0.016182132079014814,0.01759404591007056,0.01846705681175189,0.0189143260270019,0.017800726459961,0.013761424379478034,0.008417657608975851,0.008287377883151988,0.008669099311388545,0.011641872969867089,0.015357983163744768,0.023040249278625632,0.01732422002505977,0.01785415179398905,0.017195700766031555,0.016231106613936067,0.022323063078318706,0.018403443659309928,0.031017029955114482,0.01816974486689875,0.03100605563347101,0.02057715559267196,0.014487298721414816,0.017387041062321352,0.01750116008898833,0.014500533609592641,0.015822236247023575,0.0125404401418473,0.014206591355786818,0.010852746431383321,0.009511876931513072,0.007743108765025611,0.010097882810204153,0.007031696546546596,0.011668287583958242,0.01223012574291204,0.013580189432059802,0.01460535440917576,0.014697302851052635,0.01869500304152703,0.016958463308657478,0.02187815991907487,0.018286802404593364,0.022031170636193944,0.02128972347489386,0.019964199636340687,0.01587717998145304,0.015028486927104321,0.012066925512697347,0.019821982155264827,1,0,0,1,0,1
0.01146992014366417,0.007873918945068965,0.006583804319236109,0.005931708956580186,0.005654572411911493,0.008332841017657187,0.014744420252230146,0.029805131047525073,0.028492876682997173,0.026742585366531044,0.03422867161682674,0.03392859025708106,0.03414137542488424,0.03265302344530094,0.035351492174567616,0.03505783277938656,0.030219531997077484,0.02735407082851197,0.03126788398802864,0.03636584795806214,0.025985828121233488,0.020588521134823408,0.018161435473153853,0.015300176521792113,0.01281263970840336,0.010504200129375297,0.00921458059857342,0.007999394269025236,0.007901314484814095,0.00934894596695701,0.0223388351255827,0.029298988945133112,0.03578686671319853,0.02588611142945833,0.032343374819701357,0.03582737612941977,0.033238892452004655,0.034399179695580324,0.032277933853324926,0.028930469268470517,0.030986262783738047,0.02777033300945107,0.0371005420278259,0.03280791041731095,0.01974122415151866,0.022057629790817115,0.017441316867978948,0.01877253492930273,0.017136711589078046,0.011112512727061678,0.008946187803143891,0.007885095446582429,0.008396233848566569,0.010841464584113858,0.015908296852888866,0.027871535648669902,0.028187325180093214,0.03097428500507854,0.033732476409851296,0.03639603144149832,0.03656091724424038,0.03046188841128631,0.032238665589815294,0.03080523877204633,0.0348586963792651,0.028392188206885202,0.0377050157167154,0.0386924358758511,0.01953107714376587,0.022557361899318475,0.01953294625140958,0.014959083911382145,0.01618634129250832,0.02512135997078409,0.028132717946201806,0.024060659415852934,0.01110899273796503,0.015044864120519294,0.02004735756454029,0.04367622123227253,0.04763060709942597,0.0453725936044297,0.03452586965181368,0.03579705757345871,0.04173868307297481,0.03777044153100001,0.03608043406335563,0.0353795981945187,0.033174759474246834,0.034199331075910805,0.028358606867573737,0.02613392316478536,0.02334542458679722,0.026460313124830423,0.020605714868343606,0.01857399274146967,0.019383267233074052,0.013799211991402873,0.00975116246861212,0.009492782192221666,0.0107677324767233,0.016159076391901544,0.020490311475014077,0.019519096112910153,0.030587093488619186,0.0397950195251457,0.04005996904082939,0.028260074387109067,0.0297002600920712,0.031668585715499235,0.030120576300692575,0.03766628057743136,0.0331696779177227,0.03965289541160808,0.030404221091075823,0.033324207858718535,0.026390636107484766,0.019078863666290774,0.018080820262813373,0.01888555361143039,0.018670979724755343,0.020130300389059934,0.01924349263257068,0.015054925455070655,0.009003688789993266,0.00823988106055519,0.00866796322626274,0.013062785943995911,0.015966971856053235,0.023503670258219058,0.0191986714345107,0.018361347276584974,0.017186951586279732,0.016921941879137387,0.022667131300118267,0.0188050017792104,0.027850741743962498,0.017468031691436042,0.02691548057432468,0.019608415617687624,0.016206920356144742,0.018702058279257028,0.022147496671696562,0.016410431737453483,0.018069490697565783,0.016636337888663255,0.02041230879588439,0.015466309525046346,0.011481926986969909,0.008352745314589594,0.0093732528875254,0.0075203416911910105,0.011157507676359419,0.012970149134670938,0.013948750698462228,0.014253873047718725,0.015462014811349995,0.02164020525270851,0.01822731470162761,0.02196751679840232,0.019448438714274447,0.021124288529620186,0.022666067820533337,0.020456578451693175,0.019006385460077425,0.01710821752088687,0.013220886674664171,0.020000916411880395,1,0,0,1,0,0
0.022760421466533346,0.021870515915324226,0.02779715794284142,0.015528490049052589,0.01597717153069437,0.01896368081227567,0.02855799239824756,0.08485357234825162,0.16952719169246702,0.26569467267580804,0.32494106219723523,0.31700282558405,0.30794741634967926,0.29760777087228407,0.2879456441649107,0.23624861380198758,0.21657636186213722,0.1965415984963546,0.1489281221127937,0.10510152284551232,0.07557619124442082,0.0567966628180294,0.05118818240907407,0.05040585819829198,0.03183760890394323,0.025829103822086058,0.02459406841901851,0.021141669205128517,0.022137140968063584,0.024172297466948583,0.03803959035705089,0.07585879154794059,0.1889773408386185,0.35354271492398476,0.4048681964096219,0.4088884837187836,0.3644929384251266,0.3340691612858506,0.3222712559489159,0.27727848715217257,0.24176698278256062,0.20143874751406793,0.16164306478389928,0.10468876713752781,0.06861979353387415,0.05825532980235047,0.04435371201459706,0.042786882344557325,0.030464433862259825,0.02565773457830554,0.029670181361314874,0.0270084684897991,0.023526807530717928,0.023783364039899932,0.030277557211081305,0.08103002701168895,0.19455065264896762,0.326813147592787,0.3774968088614216,0.38329134276928845,0.3567846286622061,0.31547644855147794,0.28408147560313957,0.24296046783204614,0.2302376893315899,0.20597042260786144,0.16627463384181435,0.12574452820773743,0.07806149909083338,0.05623747483933597,0.051424024637946104,0.03963160129513125,0.030800279291385603,0.025615422210421356,0.025450248053394343,0.022172045484038443,0.021727222202586084,0.02209188991211267,0.028882690816886734,0.07888145476172909,0.18855993210527977,0.3016210643664711,0.3553582947281276,0.3523175996579535,0.3374152283889902,0.3054201352492374,0.2888832286020188,0.2264392299295527,0.21335858159523288,0.17863182227566968,0.16815656065849618,0.10371220530696493,0.07660644411258015,0.04991555510765117,0.03860368780571755,0.04038006098965824,0.03018685836658988,0.02485163759261811,0.024076035308924226,0.021064142075689678,0.020279159620264282,0.022366279765759094,0.029112180458872018,0.06521252194050466,0.18596582230001382,0.2861757010080367,0.3302718012553303,0.33473930388692974,0.3157790422456906,0.2910050319934706,0.2669474164503872,0.21153667287355024,0.18099366897292185,0.17189841654029378,0.13136585620889324,0.09936060646355059,0.08013526147389807,0.050210441017108434,0.044105236834964534,0.03880084665949238,0.034932426884918946,0.024100574361801564,0.022867083569778127,0.02609614762073553,0.023620744913024374,0.022098124341025503,0.025085091546851634,0.034203009125839075,0.06037635822535213,0.09434244862825196,0.13254091076403954,0.1505798382763839,0.13107788559607367,0.10736956209604093,0.09547182268730975,0.07490327295821761,0.08181124147551225,0.10496950651458431,0.09372396724716833,0.07161647942009226,0.061564888345896775,0.050526740845958464,0.050756260116324135,0.042397270860838124,0.033629769574869704,0.02891832000563881,0.022879254111707097,0.01959639490902798,0.021441361420494597,0.024171361215607052,0.02000028458552881,0.024289385085405568,0.026791630823060016,0.0390832509053031,0.04536277057682127,0.05405470240483614,0.053278328318157424,0.05655608663341178,0.049859919621903455,0.08658182147635013,0.06796280896522752,0.09371763486596009,0.06990662548592536,0.049836963624716825,0.048328160262597446,0.036869488971444146,0.035804355196073424,0.03168228837575547,1,1,0,0,1,0
0.01474777374932163,0.012793437381769404,0.013046002025085091,0.01042954781348164,0.009941224809581267,0.011219744009202831,0.013607377462171985,0.030382245012726333,0.07423027067590295,0.14524130954943537,0.16695281565559883,0.16837404677431278,0.15436806079582055,0.13998200668069394,0.13078626556943784,0.10268946763822823,0.10481418191605518,0.08757791672464925,0.06724801273672233,0.05555740928378539,0.04444886819098214,0.030496294770419,0.02664121896491302,0.025748546011417094,0.018534357489201805,0.014822751349566753,0.013305883543165151,0.013244039301394086,0.013501593935200744,0.014070511521595903,0.016917747496907602,0.04059412943512508,0.1006640311253212,0.18081609777474197,0.22076045773313221,0.22012175693321323,0.20056532370196603,0.1462850978965782,0.15223182755843676,0.13294003846948504,0.10673827050887212,0.08758828786449213,0.06948404877609275,0.05280710178849573,0.03810324819336424,0.02699804479158281,0.022420378623089692,0.022848493169114303,0.018808346060570264,0.01578158259712567,0.016139725372924147,0.014754789096507424,0.013155319951701246,0.012318095594454686,0.0161056466960294,0.03735561934404487,0.0912270856886289,0.18106634700224378,0.2158971224514476,0.21709737496677034,0.17557433717503174,0.15416383661885835,0.1338849971068237,0.11891443791332573,0.10783115530936138,0.09084418943059878,0.07275024479087117,0.055952417211922074,0.037246935468512835,0.025162527560603404,0.023349289617325412,0.01893770356781385,0.01644572400458451,0.013527251286963683,0.012143851553826227,0.011714549773264783,0.011303842394199915,0.012608457763547735,0.015459673956046133,0.03333594038042312,0.09207675891938538,0.16213843320433488,0.21618390551368538,0.21817286858236767,0.18487735120622248,0.1469225463646238,0.13736583550170944,0.11151022884348955,0.10487274741901861,0.08305589067034157,0.07698391666173743,0.05826347986430342,0.04519604835432454,0.029041692316438623,0.025141306478369017,0.0275050039780614,0.020277461060073766,0.016896892681341116,0.015202145842883564,0.014285063599346023,0.013669291822692558,0.01458360651308577,0.017113696119610257,0.03200406888340011,0.08313985341186643,0.14579129437411922,0.17989874552268106,0.18459073961407388,0.1617382044516707,0.14856556187480843,0.11547452245721729,0.09937538034003543,0.08705279081433907,0.06999719039428522,0.0629996174000928,0.0525533393568322,0.03981126576722088,0.027166151880291645,0.02358344549272181,0.02240990849234655,0.017911673394488875,0.013065755638615199,0.012054857298633672,0.012538610575615897,0.01162500583014839,0.011233326699337779,0.011228706625728106,0.018462073624683654,0.03129335243383472,0.04245620825923766,0.06633351552289363,0.06742508663046637,0.06698014373492246,0.04817686755439662,0.04179429048756471,0.03627314668782112,0.03606770111776958,0.04265241224267178,0.04119806336692509,0.03928802319365882,0.03875426738314461,0.027850691143226816,0.027813299098118607,0.02462040023010542,0.026039873134048198,0.01790077441010685,0.014766197178099811,0.015233221151292735,0.015067238679689201,0.013239122027513893,0.012656507840051349,0.013325152195481246,0.013255176946569247,0.01768888370514456,0.02406594562193251,0.028908748339275845,0.028573247930492617,0.02944775912337377,0.023342115995711954,0.025594638242133972,0.028176291101206143,0.04040011001546539,0.03129484205854962,0.04366347659968885,0.025742939801340646,0.024479828118799497,0.026593982371932105,0.019993767470320854,1,1,0,0,1,0
0.03797412433859579,0.03182667098823299,0.027299906854168367,0.025728198739172942,0.026768867733898433,0.027224103348503236,0.03134308184369234,0.050215869212946775,0.09271938903425059,0.11815876888570297,0.11839596938089895,0.119915444023985,0.13101885077093656,0.1343722713058973,0.11227126650006049,0.10557379656926567,0.10309056835831218,0.11651150428005905,0.12020826415554735,0.1197950051959738,0.10428721068297138,0.09351708926142756,0.06294860884369398,0.059051558083059605,0.043213525997853004,0.035887438920254026,0.029330083010916507,0.02835585146469289,0.028359160012064778,0.028461405016951238,0.034958694078278466,0.05717303354229792,0.10544102487464466,0.13702978865598464,0.13875393407736078,0.17348116436566033,0.16384376067116477,0.14783336073476785,0.14017703074798638,0.12668592251621089,0.12450224101609861,0.12081331395140205,0.11309821430092314,0.12277799698395664,0.10928532771715146,0.10182334473571394,0.0882377490731576,0.06857054941402584,0.05057623386592892,0.03688858482743686,0.036382956607752565,0.03506821750552503,0.032596203449403886,0.03246094331812564,0.037199396034862255,0.06205068190246609,0.10811156112026173,0.1403493247227572,0.1535806959676011,0.16587939084873432,0.16349132627289092,0.16646173241116638,0.1583266817142934,0.12813433257422688,0.11202832365911083,0.11200152601722971,0.12350563430990698,0.11449662785838731,0.10878187328488301,0.09774258968806324,0.09209573217071879,0.07703756976852663,0.049810339499704245,0.03953816360097446,0.0336221255987313,0.030141161086509865,0.03173097881013632,0.03363258172585353,0.03589198538950922,0.06090539730945901,0.10481455415870654,0.12426071757123187,0.13837935904411003,0.13597610325342566,0.13595285005109062,0.15119149422964398,0.13194207931696733,0.1149167888865335,0.1123796056687771,0.10918109138594997,0.12525569842024997,0.11143432494953877,0.11600964376587372,0.10471743577792056,0.10050369175664974,0.09840534363860988,0.07089372737815552,0.047392963071348486,0.038277919386882284,0.03626091557726994,0.03578843888462735,0.03866728570628123,0.04360005314503435,0.0556604676891872,0.09699255617105704,0.11615104656556388,0.12950580908789988,0.132948062773226,0.12510940886102298,0.15365399251864936,0.14514712060348625,0.12036193607603886,0.11413714785496222,0.10306946901140443,0.14132891382796073,0.11394099785569933,0.12413189094991396,0.1219291024768519,0.12301424985311833,0.10717128392151049,0.0908975270746602,0.05495042222623621,0.044881355634261634,0.03705613609589147,0.033962589104980664,0.0342134758140401,0.03458643578637289,0.0398932035880239,0.05170599335731897,0.0827798518994482,0.13220371881469817,0.0965607257148051,0.10350723818180904,0.09363508327784636,0.09452651209758094,0.09677990209527787,0.0917418760687877,0.09701679972370773,0.0991874353863767,0.09669013071389572,0.10565127895770282,0.11420056608823481,0.12325007948274326,0.09477894026241866,0.09067979800923731,0.08057326823659296,0.046289877193599754,0.03749480957675946,0.03416550318311161,0.0318045035214103,0.033898734807766874,0.03914151987164494,0.042360999082913485,0.04707344720210082,0.0583381964092035,0.06492518073042285,0.07034073222938839,0.06246872436730217,0.07015222085470972,0.0763531173952253,0.07159716013351752,0.08312560065570081,0.0738756869899831,0.07365926890524133,0.07366304264846707,0.07713445853057609,0.06872427401416864,0.05519477793346734,1,1,0,0,0,0
0.025961391553748738,0.022178587388749952,0.02055523236265964,0.019727401828486296,0.020295876574871176,0.02220441446967962,0.024850114404884407,0.03611911305005521,0.04453630698932568,0.05617657298666419,0.06379559958765944,0.07005944042789396,0.0717435750442429,0.07961231129692192,0.08358620763111148,0.06741774489977932,0.06771690447857329,0.07180348767054427,0.06574994214762497,0.06223418924297799,0.05278068106334617,0.05315803399917468,0.04500546719048027,0.03752411338013478,0.02926215308270045,0.026530629366563207,0.020818046561169135,0.019415037487629246,0.019166093427755194,0.02182897019401548,0.024931671152770615,0.03453076894520148,0.046396970986808894,0.06173946286797917,0.07368946614546641,0.07813642634382427,0.07454538515625762,0.08776157259491286,0.08219289024383561,0.06966028818561042,0.07388427793152655,0.07603405153802238,0.06747179425074527,0.06560907674251723,0.057456246198368734,0.049831636706040724,0.046795840267885955,0.03875492454198396,0.028343310177536284,0.02534990399032795,0.022235217079378564,0.02082529294862596,0.020853163172258615,0.022248410301741465,0.024550166856580024,0.03200029766121067,0.04690331906342661,0.06742179224266691,0.07979411422319672,0.0826471000610056,0.08494652817938636,0.08259424568831825,0.08628054458916627,0.07539620595337027,0.07328929109340804,0.07679318494414587,0.07506951167894718,0.06229580131922067,0.059392614319185744,0.04854674278693292,0.04740835243139613,0.04274477488122692,0.029500627761369164,0.022744262222675633,0.021124327883650693,0.02155837654645979,0.020926209151103766,0.02208520325144045,0.02618434788016854,0.033583628403609525,0.0474281669128883,0.06506737255205981,0.0627005754412106,0.069972266726305,0.07617367426309389,0.07699409158020122,0.07514468390608364,0.06842944223823533,0.07451803668159848,0.07221592617253329,0.06642772853591111,0.06238692450817946,0.05674646717133978,0.05371438930666752,0.04984440299387679,0.044049216284682016,0.034465474566528764,0.028330359281811508,0.023810146861875686,0.02384448953577696,0.021518577847378543,0.02372046412060144,0.025513655693439684,0.032149771454672474,0.04569114574010883,0.06398665715649905,0.06966424082705164,0.07026982442841527,0.07783238579100708,0.08739066988745138,0.07689116209780708,0.07728673731602863,0.06824075797024154,0.07024574824516103,0.08754296739884267,0.05812018789342446,0.06056026575133484,0.061347146262088675,0.05766968005077506,0.048749952153991354,0.033019132984454885,0.025107255225827515,0.022785659688137762,0.021699546156660032,0.021082341255466187,0.02234963067321186,0.023903833019398562,0.025589268324349233,0.02962335048623688,0.041054640789343275,0.05111862353920422,0.06169667852336876,0.055934552603619764,0.05663780242608434,0.049951579632507265,0.06106974252390645,0.06001550838854231,0.05852635155194162,0.05399768084381721,0.04936202991158215,0.06670791064478582,0.058788039700056804,0.05881345173064399,0.05133220298224222,0.03751122418755816,0.02663127705174264,0.022538445899744748,0.0198543273634662,0.01958671670664201,0.019814038473853882,0.020176589250546245,0.022173967263891873,0.02312230604086352,0.026452752155364214,0.036145896123613186,0.03933668459010963,0.038708723611900246,0.03854022433028483,0.042253180855911385,0.05041297386863451,0.05268201285804676,0.05546823197630932,0.048397120130327285,0.04931114141101105,0.05139112260672562,0.051782188896609085,0.03828740530364053,0.03058044564531051,1,1,0,0,0,0
0.03466323615440714,0.029303577380544614,0.026784340200563406,0.025817588796257465,0.024761449845561622,0.026517689707525254,0.031877051741548826,0.042131728977396615,0.05862189382733934,0.06394579057216013,0.0779342506958522,0.07880488264845979,0.07831401617814944,0.08711770561669864,0.0915607644978207,0.0838842294030509,0.07757918322016207,0.08231136404761744,0.07181343290602846,0.0715930140985538,0.06435502579365122,0.06347097392335987,0.054786821985123545,0.04926546142593864,0.03967255841366269,0.03437126144570304,0.031049762788303813,0.028960399816829997,0.026788331007455042,0.03019790515509613,0.035109722357092386,0.04247589808071077,0.05314811239805319,0.06578048624143223,0.07796080953514621,0.0861590300442258,0.08364290154507148,0.0921498416900172,0.09274228932493267,0.08045565441791432,0.08586553843632964,0.09101526647901473,0.0780985988766123,0.07512874967001071,0.07128600242381589,0.06635097512803215,0.06258297485757482,0.055489494950465325,0.036911463545523424,0.03282815602228424,0.027703916491900026,0.026957327675414592,0.02691073199020294,0.027891711583580826,0.03223037906451119,0.04013874023476697,0.05981395519321493,0.0751493775962985,0.08419846689398623,0.09370751411051229,0.0958765896944483,0.08676864056913955,0.09317766848743594,0.08414947266783022,0.08503176589397042,0.08454387491553929,0.0835688687146905,0.07400915071900101,0.07105268687475261,0.06645425969439663,0.06648605392096779,0.05232019406864748,0.037824361231307564,0.032621009660904254,0.029322615300009555,0.029082855818875347,0.028086571529878805,0.02881085171975898,0.03332451431159861,0.04130271282819427,0.05449734469635924,0.06711692700921196,0.07349712201085251,0.08121472760714932,0.08452028093852339,0.08572397818759984,0.08573110064930126,0.08087977379023291,0.08238938742344329,0.08019178407090921,0.07663644142870589,0.07238351346293354,0.06867134554881682,0.06681461209801447,0.06484347323534782,0.05136571475809603,0.03781529135138806,0.030908711023608128,0.027276083722847243,0.02643710048323028,0.024097543208377658,0.027096086326975424,0.028139494188686515,0.03808047139910472,0.050738048402856034,0.0628116443021421,0.07334622883786304,0.08693069918276061,0.09482820989436624,0.09750759205527351,0.09053760917956047,0.08561478750013571,0.07889162671672052,0.08252372795269515,0.07618920819019938,0.07170966325207781,0.0715174773309474,0.0743760580688844,0.072576567210393,0.06532220950201906,0.0387460803427555,0.03015594255832774,0.027746940023084782,0.02547712950920735,0.024936981939211213,0.026149292214846968,0.02805979886277307,0.03262830722240425,0.03481618840566311,0.044406625524749097,0.05346414360223641,0.0664523669775196,0.06363060279912094,0.0635388796951601,0.05847688598421193,0.05830220080392188,0.06420007482929992,0.07039150698444437,0.06523759877299795,0.059803825287891715,0.07971282930868548,0.07667756426959711,0.07590964470877233,0.06638326158560896,0.04552586221537256,0.03506421926722183,0.030478682729419226,0.027865869628762863,0.027142324089203675,0.024523586169064568,0.026828559120834136,0.028563632248024533,0.028985758043699895,0.03391043520287779,0.03789364093396304,0.044657056668810334,0.04647583991064225,0.04770551574107141,0.04974711367982724,0.04977573552878768,0.05512206399753616,0.05705607061066663,0.05580276381988743,0.059784220005908,0.0630628830978586,0.06528723539675134,0.05591028067518878,0.03875268299009072,1,1,0,0,0,0
0.042658304737795374,0.037797019708853664,0.03517763092412102,0.03540198264284692,0.03093374273941877,0.032851235417010134,0.03815509875143158,0.04767274535656139,0.07399034445184628,0.0694771344364302,0.07339283498407939,0.0679079907385284,0.06621847201099876,0.07645756114954969,0.07633443089516957,0.07545397817378162,0.07096048221221661,0.07052831858516552,0.06601633944063237,0.07006769302399474,0.06701254000535718,0.06883291938802069,0.06272098121820954,0.05574387958336791,0.04698394249014826,0.04045618252557828,0.0371789229138297,0.036513124139673364,0.03377322761845722,0.03672053975652582,0.03934323651357294,0.05203910058340434,0.05697095694443018,0.06085246169355043,0.06665469226008999,0.07319380098632598,0.07134800363575522,0.07076882957546475,0.0698581959067825,0.06811010745902986,0.06873926768826208,0.0700093100458007,0.06715709346008425,0.06634315217347306,0.06977561895471047,0.06821387846073125,0.0679773090353355,0.06465973564139214,0.045605827408071245,0.042648524129746575,0.038095155920088414,0.03675939079574482,0.03655348612079686,0.03685880856428147,0.04178018781048369,0.051807950571256395,0.06655981822389297,0.06569704536496365,0.0682227227776208,0.07502236674668313,0.07366567303839337,0.06803700548382148,0.07326339198691463,0.06984370221131388,0.07006191989611707,0.0661784114841535,0.07066730837020577,0.06810184720909543,0.06675673423234545,0.06860128518207542,0.06925769647600816,0.05871870751226296,0.04855164038197688,0.04470358388350789,0.03966748075483755,0.037759396004675906,0.0383101784211641,0.037259082563043534,0.038811604386474095,0.051068710836786074,0.06047416175572964,0.06711300035700243,0.07017567888045191,0.06944000941735264,0.06876055966791698,0.07134373206039332,0.07170110473933643,0.07074520973562033,0.06413523520956158,0.06711750578325631,0.06707597741283883,0.06573845071744867,0.06270012004342072,0.06116760810884552,0.06224891151974985,0.0532571119965459,0.04542611708978306,0.03818971880130362,0.03518365289264811,0.03295558576209169,0.030175986738205682,0.031168456525341164,0.03303488337811265,0.04509224559423801,0.055334803753735506,0.055713549774345485,0.0626661410811407,0.07834304479327928,0.08043053868290863,0.07385324020154595,0.07111519069951258,0.06724436627938638,0.06989759111133007,0.07143710792603726,0.06285427876297958,0.06357403007613188,0.06842613671713092,0.06631097467041537,0.06523890103747507,0.06305032947168153,0.04242306527469414,0.037662489326407984,0.0367946057968454,0.03276710396780595,0.030769363810168794,0.031313494075693005,0.03225147806999141,0.0416690887291431,0.04148507528607149,0.04621507087155773,0.04853013112941592,0.05504368848360204,0.05640660784414463,0.056692562098471816,0.053847491344067605,0.05119691912638851,0.04997335379866743,0.059205647660222016,0.058430365670853135,0.05351430420149309,0.06677385428467053,0.06398364445788189,0.06161708211550099,0.057011935695833654,0.04775842030413768,0.04266562186131859,0.03858844416793907,0.034800255585001466,0.03478046490785074,0.028369025457152388,0.03091658404415984,0.03198499878548045,0.03358634241882466,0.03734897555434308,0.03772380627895594,0.04331486346202954,0.05337717171658537,0.04725300052396852,0.05131053858746558,0.048745189692126406,0.05065379408276078,0.04909514845997012,0.05291090499122828,0.05532915298300704,0.05718197115495794,0.060385749785543334,0.06109567908528046,0.046485999297878056,1,0,1,0,1,0
0.05697606792865263,0.04532820805094865,0.04175380911707514,0.041038652420768,0.03788027079680978,0.040550821064906886,0.044503849014564695,0.053716543119808446,0.07980152549973552,0.08819633387630924,0.11696556599113866,0.09445566311995605,0.07355866405840941,0.08494958127545367,0.08794939120387536,0.07672334602038161,0.07535104225763176,0.07833124895842744,0.0767664601130209,0.08247037748237364,0.08174488369641193,0.07826763943805345,0.07918209459367047,0.06844777156933865,0.0675773772799062,0.052495047020433734,0.04643682499919771,0.04500449245344405,0.046711001980589535,0.044688825924871736,0.044756827039365,0.06788834543690442,0.07124147925940148,0.08658535009309942,0.09055084771465405,0.07759514943334501,0.08000587975724521,0.08479977412429389,0.08713920707848359,0.08093096294195351,0.07781133501782267,0.07465766085799486,0.07912484957170872,0.07611599702008798,0.07851193663870647,0.07444064391143032,0.07598964297254025,0.08337818922514137,0.056372753136365555,0.049866397269602014,0.04496241469431519,0.04209398700872431,0.0400241538657774,0.042525309088476244,0.049027930400487425,0.06800432081986936,0.08136885243275967,0.0790007313806512,0.07860472525754778,0.07881120231731936,0.08861043199453822,0.07617929356060792,0.08080762159756393,0.07227428627570387,0.08080023841866296,0.08293959732964569,0.08733855498332359,0.0786742903090003,0.08079097817118065,0.07916341627848957,0.07373746745739243,0.07085023972723986,0.06073531636362001,0.04961852332912425,0.04313966961690124,0.04089813294161485,0.04150431314535576,0.04045069943966715,0.04305989933291721,0.05891316709799794,0.07399494538988671,0.07577393890883896,0.07249802982034236,0.0699019583428236,0.07486200600340022,0.0764624499172556,0.08122377440932661,0.08008219730618886,0.07385575094937197,0.07500780365863549,0.07459880069475407,0.07794583448973837,0.0822138480070286,0.08011564982028209,0.0731582125613464,0.06784017347408491,0.06931597692831606,0.058126264988777675,0.05945824051874707,0.0413564947314856,0.03902134134952614,0.03878005719592146,0.04423186861093556,0.061299786278415744,0.0771093705248149,0.07085971444856938,0.07508572505198818,0.07729517519794715,0.08043947688146323,0.07393341119083041,0.0773350623895,0.07436044256846232,0.07238099439235486,0.08378724716970558,0.07989415924109697,0.07901890710832186,0.08220286968509517,0.07659757012659296,0.08175811532465514,0.06973475228121419,0.07463348779657643,0.05997185407476343,0.05328972292503522,0.04783882742917573,0.04474308985266317,0.04388325318008491,0.04462038835592313,0.05262043675682184,0.05608044404303553,0.06431930387904486,0.06765054396657255,0.07202783116489404,0.06688897854329064,0.08673513389663266,0.06654331038349795,0.06590873839025167,0.06734716672925425,0.0625341439088662,0.07082086497136103,0.06978746401767841,0.07818210108222197,0.07228235195146787,0.0718649195910418,0.07067076186577949,0.06757393078933766,0.064809666059993,0.0584523445958357,0.04463434348981899,0.042982453152815604,0.03690055338882072,0.03737324243828827,0.03707285226009765,0.0418663030149706,0.047417339029728015,0.051517521459486744,0.0535106761413547,0.06192557813654161,0.06395319266973766,0.06412396679375285,0.06073318681493568,0.06265313726735355,0.06272480945957967,0.06672084196825419,0.06340750882965164,0.06873815179953409,0.07469516813737304,0.07169654412889377,0.06697063517207627,1,0,1,0,1,1
0.06154169326378611,0.048289239874973876,0.04385813392400585,0.04330810643885143,0.04083644212940798,0.04359318249473919,0.04856925730072298,0.0576498786574593,0.0779136198472014,0.09369896336866795,0.1292620841978547,0.1029048826321423,0.0768123480766313,0.08581455067907806,0.0909881077197816,0.07881022557038395,0.07648163972702623,0.08148946840576643,0.08331068607781271,0.08865596265853726,0.08826717984164319,0.08023468614411838,0.07817801119004338,0.07259993827018628,0.06889227382959257,0.05785839295196053,0.05137261084055391,0.04884649520562696,0.05040121965305332,0.04883291482711066,0.04998990631119337,0.07104364837217154,0.07431016731570657,0.09216921930442004,0.09491447905016777,0.07731194164449047,0.07555497697871406,0.08657229302303839,0.0900204366438932,0.08291070843354101,0.07832754209852531,0.07520489008784365,0.08386889142914584,0.08309848071160486,0.08348304796801251,0.07762593032266046,0.0817774257601056,0.0898307676804779,0.06276102506952648,0.057371988583534594,0.053132833802144105,0.052896831671282826,0.0475070654256523,0.050054036751081436,0.05652495460415487,0.07428930067626094,0.08432529628987297,0.08295204698937289,0.08036607300287438,0.07908127469911759,0.09578852194979659,0.0817501268981998,0.0850748286625146,0.07158603989233596,0.0775552902919794,0.08368776013131242,0.08639592362542665,0.07969455385825647,0.08401859876894788,0.08424280467563627,0.0776370228753079,0.07195172186542037,0.06353184777844527,0.05522673242106257,0.04876288309763741,0.046847152941218585,0.04722073226813164,0.04684546241992953,0.049166891893100806,0.06261271854602946,0.07796913304591539,0.07334949067282621,0.07008995500504518,0.07012413020385026,0.07701324736012338,0.0769316951346533,0.08467510704566478,0.0784868843779685,0.07412647953327942,0.07490563909449327,0.07293547567436816,0.07965821965257613,0.08219170562766687,0.08082064771697976,0.0742419312338759,0.06856491332690708,0.07186123530047873,0.0626948436225684,0.06580285097614946,0.042790099883843705,0.04177786088983422,0.04204848433063229,0.04903026880543982,0.06284658427161492,0.07819879159315941,0.07693644497020409,0.07738180174666293,0.07553956967962468,0.07715131078168677,0.071832860836069,0.07902178226743083,0.0738695957095778,0.07217427076987945,0.07634126426585465,0.07986383477256179,0.07868884477385982,0.08167759220084941,0.07582820128396861,0.0808407013348944,0.06853745524913411,0.07918864109208974,0.062395684218069465,0.05902778895268489,0.053053597013657076,0.05034128556939478,0.049954628561010156,0.05105663603379916,0.05779056549761679,0.0608001479043132,0.06930429168505492,0.07328208734194769,0.07176028574224863,0.0708898999593069,0.08482101791930995,0.06751853232950711,0.0675854156733127,0.06961233463728599,0.0600965592051869,0.06932177705006008,0.07082715743653402,0.06669588224692366,0.06843797029090311,0.07011585707276584,0.06915376164879235,0.06912200312724287,0.06617158428786292,0.06156517147715088,0.04601239459448389,0.0461077626207482,0.04180088333297898,0.041784037512332964,0.041168817408648695,0.04630031712966934,0.05086978576786767,0.055329386373509135,0.05585476624712709,0.061896373312806396,0.06596913992579434,0.06521197587284237,0.061995843424170506,0.06399556284516708,0.06326718364032578,0.06759697280597249,0.06290036648997861,0.06745281748626668,0.07520761620629599,0.06983750424415325,0.06616012159386757,1,0,1,0,1,0
0.04794592427923295,0.040267064040192806,0.03345192472935817,0.03312376390838281,0.032484450046375846,0.03965043213931976,0.04754213581293508,0.07799033152534957,0.0889191035896423,0.08773166216159115,0.07913994852544758,0.08283947576817265,0.06662481904743119,0.08744735081360583,0.07545814650310728,0.06996633872932843,0.07396433033295129,0.08741620530906198,0.09979843515261379,0.08655367296101223,0.07976454812629602,0.07476392782501891,0.0758972177981449,0.05627968794848368,0.04582833877937301,0.03657569016589339,0.03623978641631513,0.036684110824912346,0.03432782147344194,0.03874720225159984,0.048027080985394995,0.06983604449229908,0.08698875912265006,0.07773487225725817,0.08100810068464918,0.06706316389587781,0.06756722628515494,0.06710778613839145,0.06938542202625705,0.07861881567291018,0.07704682630322474,0.0900812665498828,0.08902175672171425,0.08805334515930259,0.073341377037995,0.06025931044558132,0.060392858540418835,0.054328607946683094,0.057319792544463455,0.05034856572557173,0.03554886627034273,0.0366113213742124,0.03774298282500324,0.03962882840959636,0.04601158825338521,0.07227969263959735,0.08573530352287172,0.08391329752282353,0.07081218647553572,0.06724999833763834,0.0713505000401337,0.07205836629733366,0.06523587462962925,0.07010656354427384,0.06755442023511149,0.07327920593767223,0.08786139117346634,0.08211531171062228,0.07327677926163957,0.06871354806303556,0.060574427758790024,0.05196355494848243,0.047137630836986355,0.040229698174783904,0.0403152594913439,0.03827524366205255,0.03846174271749176,0.04346722070510905,0.04817663261835607,0.06825965684054361,0.09012692025317821,0.07665268407772406,0.0704292780549614,0.06394301413673938,0.06773450812279176,0.0643847851758872,0.07215634449441306,0.0677414858386656,0.07667053968838579,0.07725384355097928,0.07866387596569077,0.08436870954072757,0.06943325095790416,0.06515544840487682,0.06536504504981996,0.05296209442406674,0.043869081079061074,0.050182270470307475,0.047795907421856715,0.03490197391943566,0.034226871900360556,0.03878811197056384,0.04371414493883307,0.06564617962515269,0.07466821615543369,0.07748235220944473,0.09516790729223366,0.07209895199097179,0.06471776366521736,0.06839440022300755,0.06868528549119031,0.06914313075362886,0.07225268009975168,0.08017590076802958,0.09927039838985918,0.08583221843104051,0.07390020708097786,0.059943892976891934,0.05966347584776043,0.05417025681619626,0.04602251327307044,0.042663745715738235,0.0382569350338193,0.034944004921160635,0.03314002133880192,0.037959735538221406,0.03644005068847344,0.04838677287081212,0.050982368353750016,0.0528329866963708,0.07105475665965273,0.05919714475187225,0.07303415871154108,0.05764503088002889,0.05322185532514427,0.060108084555736935,0.052368343707811335,0.05591572368519093,0.056995335961417926,0.05718818989541978,0.05917426273357745,0.05674486634234714,0.05642506121381087,0.05723704485742604,0.046381817133354465,0.04259315019779079,0.03970288182612803,0.03640001649922216,0.03428471963403925,0.03322700367630117,0.03173932394662725,0.03517900854431009,0.03773040401966652,0.04484185590013173,0.05200134747709427,0.05526539853980391,0.05249258407603415,0.047827263610269004,0.049901237154727156,0.05052017925485046,0.056877911597042044,0.05819684424414558,0.06641066771383683,0.056927651806762236,0.05857770052640763,0.051184838341808786,0.050419050000204454,0.0520729145366026,1,0,1,0,0,0
0.023655044549373824,0.02010421656947925,0.018706526471022503,0.017926130977334403,0.01802937915793222,0.024628826282579345,0.031290705011424745,0.05068351468569138,0.06083955284564769,0.051404108775062386,0.0496476238947028,0.054084800467610765,0.043577066889117735,0.05046230256426359,0.05018240721233932,0.04808862468259706,0.04814921425574359,0.05145543475589183,0.06088801687599971,0.055534489641983875,0.04643230587607327,0.04272589805867437,0.04051086615984857,0.03528180119185541,0.028184626262414327,0.023316811667907302,0.024181984695934553,0.02510091521492136,0.024253901319547383,0.027779613659978542,0.03344055369909061,0.04746617767850157,0.058144302682637365,0.051572975818195435,0.05188947344759329,0.04768530294038819,0.045619332477672976,0.04444807236230814,0.04967755547335712,0.053913783316777784,0.051488792144788235,0.06309675574101234,0.06336588417063865,0.06076319857535514,0.04979136311108359,0.04192495295493513,0.0383078304516036,0.035347710035766616,0.02869579430224495,0.023288266289612822,0.021472267813853356,0.022380893181910985,0.024415771866294542,0.026414519258655112,0.0327105986615149,0.0461027213561643,0.055047810334248506,0.05449556986674644,0.04720859418412239,0.047311174170427274,0.046794176094590884,0.0460266923294695,0.04405827579891213,0.045186646112075485,0.04632418567845625,0.05538501042826419,0.06737919232549101,0.06210847170289053,0.05145063598476054,0.04563989952477256,0.04080891507943453,0.03452389636983437,0.027998996837795342,0.02643624807192714,0.026289975139574658,0.026908332687476715,0.02690615902798015,0.030004862204893273,0.032930862462560405,0.04721053658446003,0.0525925200978892,0.04746493229128795,0.04491258751006727,0.041142726176883006,0.04280243849047504,0.04158422495675061,0.04492649086852732,0.04362106225704619,0.046107176580892306,0.05191646851686565,0.05990690563476044,0.056819063938743364,0.045469679645813485,0.04087686584936291,0.03929200183692354,0.03404694386598379,0.027873312916742905,0.02687085504730915,0.02385342264989137,0.023021515076851535,0.02272180121291692,0.02591253351453611,0.029048568908733766,0.04045154656208439,0.05024638392832966,0.048171948078660494,0.04666297283419161,0.040782454547777056,0.043703127111565356,0.04608879718920857,0.04729279254818314,0.04513506220351608,0.04802994291497962,0.059057171205021707,0.06937314150145352,0.055872503387357546,0.04613685017381662,0.038459622777492604,0.03787837593094177,0.03326920126823553,0.03055307213203085,0.028380683779911403,0.02654896096026196,0.02415999261409709,0.023533727391077484,0.026981512487327546,0.025097905774297182,0.04125864823027545,0.03432445190240891,0.037895537172813215,0.044478453688601004,0.0421514183076826,0.04126106477240852,0.037501159233605544,0.03816019558261063,0.039123739489744964,0.03466025844616637,0.036343553432432646,0.03805887073504306,0.037761382696888494,0.035596800845713754,0.033886550768299946,0.03254794070108644,0.03064955671543023,0.030800139158447072,0.029783899442630237,0.0275224870074728,0.02324643628084461,0.02155754649709382,0.021556634512019893,0.02169086308853271,0.022085091952613333,0.025053765335836066,0.029451236278282552,0.03131070281211997,0.03540122752832353,0.033483881120032234,0.03126118438261761,0.030493346482770668,0.033927521870376794,0.03767053767016794,0.03906665102418137,0.04082126947935884,0.03845296038757394,0.03358709333558106,0.030755678429840602,0.03458788533035168,0.03349432819515315,0,0,1,0,1,0
0.029258063950907475,0.02143802903837914,0.019573366987471218,0.019553784378471148,0.018882242222155992,0.022474524200501913,0.027336067001692617,0.045267718212502465,0.051764293887520706,0.04314432818208617,0.041762140663633075,0.04317816040442003,0.03873444117068878,0.04162678507352028,0.04211710697103184,0.04424172552297484,0.045695665147449646,0.050717699914000484,0.05755584630793568,0.05428086801355494,0.04752552484333733,0.043402598380277733,0.043720586523629396,0.03604401294209535,0.029011071932250884,0.02250353132542061,0.02226959548883221,0.02341341912961523,0.021814029222533178,0.02373643327585555,0.02739501207435992,0.04432576183028183,0.05502633971523001,0.049383496058250646,0.04687788527638289,0.04433129655802137,0.04251229186292619,0.042840635174949536,0.046218634277125324,0.047530482847863986,0.047904276409328594,0.05839611304272134,0.059845106867567985,0.05456791637184022,0.0455070989482139,0.0432646526994495,0.04357902466257302,0.041113979391765365,0.028789648852158477,0.02305608199523252,0.020392044509879637,0.020608311516669708,0.02118140458766967,0.023028376053533233,0.028302746427543442,0.04028107557190961,0.04568737819083948,0.045340724683578186,0.04177902702172938,0.04227886080353115,0.040186501708210844,0.041376211872120434,0.046208767239267354,0.039695309542285284,0.04226896533356561,0.05353509865826717,0.0628517277640483,0.05536499873686811,0.048063944354862144,0.04647665184440399,0.045915162745044646,0.0416163599630967,0.030955673614373215,0.027070416542635842,0.025554829262089407,0.024734031603353166,0.02514391112497189,0.026102812532566827,0.029298334709912277,0.04064306367196173,0.04598601347757543,0.04386374277613007,0.043135254278500644,0.04045641763884174,0.03904988070242721,0.03850142962502187,0.041524533576934176,0.04245185994452409,0.04510672575407816,0.0474431765209673,0.05806993792167102,0.05548603837242631,0.04300631893057667,0.044462037753566004,0.038988425549726445,0.03855723704069604,0.029417254934766775,0.025429217267778706,0.0219701452997832,0.02177196946919986,0.02237678506733833,0.0236680410332114,0.026267956467763517,0.037397773567965246,0.043113119495189485,0.042658957860107274,0.03956921089599813,0.041235811445804564,0.03991393929407622,0.041076175787575026,0.04254402153903281,0.040953879949248165,0.047853749274270656,0.05368793346857594,0.05975358508317927,0.06519766935656578,0.051147771032389974,0.046559197741917635,0.03879577232702183,0.03580069525916544,0.031178993882491852,0.027543371508438615,0.02493487259481096,0.02289810153689645,0.02441747559233276,0.025296939223056144,0.024749925823226226,0.03346371027467289,0.032574600334515175,0.04198858628500934,0.04464239076072842,0.043188044629936966,0.0418865458936718,0.039895094487155426,0.04196233313496274,0.03876931841794604,0.038769877487778506,0.044099363131984336,0.04265951363061392,0.0415879914403777,0.04063064717274467,0.03542271352542196,0.03827497828277365,0.038425825821243556,0.03276548698656117,0.03638332834767649,0.025648133533646263,0.02183236271186904,0.021606806125572028,0.020779916201754782,0.019648595139381272,0.019604594880103753,0.02241674862182711,0.028426788904081984,0.03256976933108155,0.038573355974886016,0.04952824493627714,0.04477864779668059,0.03399020629607951,0.03915801877650933,0.04088764767141954,0.037233810166810724,0.044123706362316134,0.045238510433701896,0.038160558498315705,0.03634141601395022,0.035811939831752036,0.034430145512409034,0,0,1,0,1,0
0.03474623262999897,0.017438508965510593,0.016087606527444474,0.016355433952267216,0.016613588988142546,0.020321833829989817,0.06639188680192774,0.34678533796622313,0.652136803761853,0.38089971743456885,0.2609907016994695,0.2512579664729374,0.26378947610135106,0.296620016099108,0.29040943023730575,0.2542190436517199,0.30572564072066394,0.45145499903118297,0.5373631998050994,0.33937625178851544,0.16775181780937914,0.09657795150282077,0.06655574410259307,0.06739983134970276,0.03244929124368552,0.019820880270587392,0.017770706668599742,0.018350823644781276,0.018127624882453206,0.020564789315786335,0.07121812463915386,0.3860608583216183,0.6517477431073283,0.3554925084643626,0.24227077378789957,0.22406786985130075,0.2552613705256119,0.3722961114133166,0.3232152904041442,0.27725019770851567,0.3369009426869781,0.5148030508641209,0.5396344125438767,0.32721831309769933,0.2097306705080086,0.12940268951493528,0.08856772514993917,0.09705026588106108,0.046079641066842085,0.022019739447053273,0.019248916197003824,0.019532461954873036,0.01890651214625974,0.021574064905443568,0.0685126923535835,0.3828609179436616,0.6824192351816861,0.39773199391642666,0.25897345409050215,0.21768886385873248,0.2542796380636899,0.2725700672826008,0.3206854098728222,0.2936770719725853,0.3264303549320064,0.456013023914454,0.513521294758985,0.3348312958207771,0.17016023693445342,0.16153265650592225,0.08174212341949172,0.08140497688448085,0.06381399947515069,0.029437570715722967,0.026719638620251344,0.025672065987685212,0.025835869577371603,0.02825105412941836,0.07279115055245931,0.3528859679147341,0.677465579596408,0.45896994720353573,0.24208115032497443,0.21451604489680928,0.29470927581478884,0.3133290726548164,0.32263239786641595,0.2533115995456008,0.34506824662842345,0.46620392076840667,0.487817462157338,0.35335186281411823,0.23978166008645826,0.11055409543530266,0.08615206720219558,0.07160151847428557,0.03441358141825556,0.022682557948878624,0.019342714108471513,0.01904140050489864,0.018044499904980436,0.019595370181964014,0.061168186000878574,0.34903065537064726,0.6432534174410268,0.39976972826859514,0.25224183669380773,0.25937431752734724,0.3086747150959968,0.33927346798728175,0.3119372256055366,0.3026576683048079,0.3541724460576189,0.44485677853853195,0.5176248827018944,0.27016533845146123,0.22186430007716673,0.12351641349380302,0.07642166787352216,0.07927103306015132,0.04774391673596328,0.02111017421421477,0.02070163571106606,0.019923003215707138,0.020393859470440753,0.02178811506497744,0.035834743178266994,0.08070103099117143,0.1047151033567696,0.12429297426881919,0.13121382511125798,0.1176887668236891,0.15326886979072535,0.13474186430165092,0.12450377251041231,0.13344184034380835,0.11849358948736546,0.15900117631888716,0.124171551659482,0.17202551805551555,0.08870656750536642,0.09236771810884759,0.06336369955136023,0.055893928293191876,0.042243573041630234,0.019809665487950018,0.017472445564562473,0.015720821023030386,0.015664166274076585,0.01790459305643093,0.03697184763519195,0.03672251314654686,0.04502319101773163,0.07205365836332739,0.07802018631890702,0.07558651123328808,0.07868358416630379,0.07240943678973899,0.06538629061106117,0.09526708554454384,0.09207606408338993,0.08129308150970638,0.12183404586322703,0.10031238366026345,0.06908341952968677,0.067587708814357,0.0560013206494161,0.050472936392790636,0,0,1,0,1,1
0.00590096953292417,0.00411852039049577,0.0041323762221635914,0.004038034718964734,0.004165093730610528,0.005194316617407557,0.009514324222733652,0.03007157758674976,0.05072398690034133,0.03552988598944621,0.02760022556700163,0.026869192166507017,0.0272968902216545,0.030132749356568143,0.0292116340197056,0.031677000869055935,0.03023588423533549,0.04005350121521655,0.04557292719548156,0.031336811296157285,0.017794047153998925,0.012459165101301593,0.009890658918177921,0.00932661053152307,0.006338855547886094,0.005216283964762105,0.00469894997760714,0.005514241561295476,0.005179660312705901,0.0058488677023511475,0.010179190517451427,0.03346537548257845,0.05184015078176654,0.03349994371541397,0.026156309754689886,0.024932875371036875,0.027084693756556484,0.03383061034750401,0.03165045341831057,0.02778977000314549,0.03210422413968637,0.04505620955781142,0.04696370906557065,0.03138369011975897,0.020199275024629905,0.01437131368916141,0.01110678225917803,0.010883311682192507,0.00740125124977788,0.005720314639267819,0.005238984446451338,0.005243212264761848,0.005480374122345297,0.006551784361863509,0.010468348675443905,0.03370582394506787,0.05403138724256228,0.037946778761631245,0.027895460673993507,0.025126671985810825,0.02962394298775216,0.029020563050849765,0.03317559659516262,0.0311468604214312,0.03362889887488578,0.04344474183999296,0.04576776400791983,0.03199552286071224,0.018554326782240955,0.016565848497263048,0.01085019131545379,0.010329317516348004,0.008121934868320434,0.005313077116063675,0.005128785433594652,0.005304531694510457,0.005469708409649991,0.006466997151335983,0.01076922033515194,0.03166381116086364,0.054317003928675354,0.040227330246539426,0.02579052175136597,0.024164910558109612,0.02928764913326994,0.030177517698255222,0.031282273881727767,0.026149566887878898,0.03310438905344756,0.04293094342782048,0.044526428556573794,0.03287535699024893,0.023098507391720858,0.014236913588770687,0.011408758461091883,0.009747827075877345,0.00661121466380178,0.005978891325187244,0.005182027512411534,0.0055144948518458525,0.005205280513119339,0.006499673302591808,0.009905707771554955,0.0314854215560359,0.051254584144006105,0.036131346056231854,0.025843327555902795,0.02675098844418528,0.02939530508425202,0.03308401080133081,0.02989510325705948,0.02936923347159269,0.03442597691948463,0.04094702477795322,0.04577440351097917,0.029178417676610887,0.0231951546069417,0.015239471568680768,0.011352980693198081,0.010793802428804507,0.009460861594637264,0.00723038892054874,0.009341085011539503,0.00797293476370473,0.006978153962095078,0.006679001542592368,0.007472459410872731,0.01100671952425997,0.012544260815133818,0.01607975815852971,0.01637916541322022,0.0160625763966309,0.017954286145576804,0.015492666107645535,0.01527760638187244,0.01595076095907253,0.014840183739025735,0.01807785805622904,0.015482761011687716,0.01879685762612393,0.011600134309588329,0.0112680835357166,0.009360704116284303,0.009222431193398493,0.009690106739307897,0.013033998695338165,0.012392346783791423,0.012344578620707324,0.011031613215831047,0.007294606668240222,0.006780799493553513,0.006492223940208119,0.007462825015528586,0.010773837166862844,0.011552101897636786,0.011219141119107792,0.010837927769493985,0.009559450299314449,0.010033885307252383,0.012814078905437471,0.0129455973061484,0.012566303488987868,0.01635992437806773,0.013821497631483711,0.010656152789615528,0.010298183543905434,0.008724988216527878,0.00878670065039491,0,0,1,0,1,1
0.014826876096564863,0.011382725959599913,0.010837841887967032,0.010102495164489413,0.009342859355795543,0.011004092225633838,0.014523542931577942,0.025336418431878383,0.03219830976119384,0.03710646275089148,0.03795743482182604,0.03631935922129658,0.036881946110170774,0.040094484242787914,0.037960986763562014,0.042488022078215476,0.054225609873059626,0.04073449671508351,0.04288020090923743,0.036864707577256246,0.0372642885938907,0.03153181412349151,0.034667522917619764,0.022387021693846723,0.0229730171197764,0.015238890458726314,0.0128482074808754,0.012945082864801128,0.01233681546136325,0.013551050691363729,0.016695014298644024,0.026931897244791628,0.034116245208435696,0.03698497826619896,0.03619460554302041,0.035494659599873385,0.04047850472605896,0.03835267832995806,0.04056622201916052,0.041126258107230515,0.04088720064841417,0.04469791075799292,0.04185153975349333,0.034935891242936744,0.030914411137226754,0.03421094259728698,0.03066510356764528,0.029923320083530568,0.021779823118739505,0.02067372481982674,0.013062200278164153,0.012463717889268283,0.013176274801625646,0.013986164298951663,0.01743164905548691,0.028421473482259103,0.03585247649453438,0.038502293105126484,0.036958513156099396,0.03858588571569669,0.043366437212712716,0.04279424658427878,0.039709566945551604,0.03810421334832055,0.03771056763648728,0.04516306553683486,0.04536368865434585,0.03942113486103052,0.03374262176789342,0.03191810405458693,0.030053288537165056,0.020621236731734924,0.01764179368274713,0.01291222212093441,0.013544157183935897,0.013663310652735983,0.013578859463284514,0.012949087153427994,0.018582640712297472,0.027292462521462307,0.036678625341314025,0.03520450835876681,0.03244500382963311,0.033296078503015566,0.03576531236070604,0.036036935711506374,0.03497276715343094,0.036468608675658765,0.03459773020938994,0.040397190659480095,0.04171623141144839,0.037948687441707186,0.03350196741044382,0.03105888476744688,0.027997985699871292,0.02650884407193188,0.017037045057509418,0.014355829418235717,0.012117769219829605,0.011947263216246864,0.011678943541504795,0.013481598317583525,0.01475603270013264,0.025241319677560298,0.03460640269108391,0.033872224156801474,0.03498706946620257,0.03353774560084405,0.03520783363505859,0.03797837190561564,0.03637162151128924,0.03508427386597842,0.0404903470103293,0.04050708409919487,0.046163297467545945,0.03967038977916991,0.032571902137593145,0.027764522427401343,0.02167237767276326,0.023488243331106908,0.020899227975956867,0.017512666136355735,0.016643007905480966,0.01675300449794093,0.014265468037289866,0.012381547091366466,0.013841338124252093,0.015599006958153768,0.01880487926683403,0.02481500649006083,0.028835442211913018,0.038045280079190946,0.027727921133001553,0.022797711759053537,0.02741763279534785,0.02915187312286326,0.033126326820961005,0.03182618342850431,0.03250722236212047,0.031155278954669775,0.02527608315739052,0.022924686204977618,0.02198437566784095,0.019597124924811814,0.02077796109571664,0.025873653528225123,0.02197594232265719,0.020676727430877836,0.01751716654638947,0.015245353106555356,0.013067704900322281,0.01428512462639769,0.01495748109870365,0.017055570849882348,0.021304368097823323,0.02139763316973234,0.021533020781063367,0.020593488138131087,0.02274250965365231,0.026719311748486935,0.024665118546020173,0.02247776444117103,0.029041012730012684,0.025615491511422124,0.026392840129501095,0.026169833746301496,0.0251118452116831,0.01902998300409291,1,0,1,0,1,0
0.03654909598688182,0.02840671059457673,0.02652395609107466,0.02443755719079011,0.022348632085938073,0.02550131571766289,0.03264853997805429,0.05630121846148884,0.07195387456617067,0.08488942239229123,0.08865901266283387,0.08335098755474943,0.08613604678812244,0.09394870089123036,0.08784701887053968,0.08934814363576002,0.13554780292441768,0.09394543228432932,0.09803768785437815,0.08727372323839934,0.09500929361277516,0.08011613243620587,0.0913246628209016,0.0569192235821421,0.05930856883538132,0.0387606237416197,0.032378126797849065,0.031058110178366155,0.029883992315793483,0.0321335379268552,0.03751803182512558,0.05980749348672728,0.07468053780841347,0.08373746927905013,0.082843302445936,0.08228915432062625,0.09643530958246277,0.08946558988038725,0.09492650306466992,0.0984081670100971,0.09733962419340882,0.10358202026787418,0.09425213836621871,0.08063349187483954,0.07614881230598734,0.08850943126972485,0.07888548481600975,0.07721847996859621,0.05481970672353398,0.05215929304483951,0.030490011702712587,0.02940874985078913,0.030655118907321366,0.030842209295993114,0.03881757628143761,0.06308834647147044,0.08023872421960941,0.08589498664134525,0.08431335575610685,0.08974246082358506,0.09893318462921825,0.10077500095863257,0.08915537448205875,0.08480418407567118,0.08325804543365826,0.10028385892766865,0.10326386495472525,0.09207497138101922,0.08242952217851866,0.07983156578620447,0.07765488565240043,0.052142495546784164,0.04481330454402252,0.03235156352194933,0.0336153955649342,0.033858721767087915,0.03371417447420266,0.030234495652927254,0.0436352666447645,0.0608040578270283,0.08133105354633817,0.07891971101853822,0.07395800942120122,0.0758591307519818,0.08261851892766547,0.08361247937823922,0.07919551984359026,0.08628260939532865,0.07703216512197934,0.08887503148488349,0.09196177024771765,0.0888491670487132,0.08272062296619519,0.0780154356357697,0.07017215807192306,0.06738462234884067,0.04257089395056907,0.034309954148199054,0.029213199608414394,0.027836433928084152,0.027869186699796777,0.03045569338535778,0.032557643234850116,0.0553501330632617,0.07753920462564787,0.07562526967169267,0.08207723148753975,0.07693274365180823,0.08254202201931764,0.08669595688093758,0.08548668965135194,0.08154698745242882,0.09337064653025144,0.09046750271944441,0.1066850344966074,0.0910490157619753,0.07563226737375037,0.06625971631865252,0.0512390733709091,0.05694485987808214,0.04866485180805199,0.04008738072626067,0.03319780821086169,0.03608896517751404,0.030926968763230978,0.026080593815034296,0.03083024033748076,0.03445215372565844,0.04342215683038761,0.05715532119350492,0.06963900897216306,0.09569060931079287,0.06529862338640134,0.05392437945202367,0.06665087290248387,0.07096752390232179,0.08254712067578077,0.07756791169440341,0.08179149481122414,0.07543494584530772,0.0627680374605419,0.05668230432928475,0.05493600203360346,0.04670158197642326,0.047692304211286014,0.05296513750018328,0.04245534874912599,0.03846132972933742,0.03196782017033278,0.032983059256557236,0.03020139961360861,0.03410644282821367,0.03506245209326202,0.03840759321706519,0.050018636023423546,0.0508574906511491,0.05250332141951644,0.051033176745402774,0.05543997793145794,0.0653898144013616,0.059065813026316416,0.05152844461726611,0.06744716502666417,0.06005012529952531,0.06527400955807773,0.06508760765002217,0.06399005567055398,0.044435678637316386,1,0,1,0,0,0
0.024630675336504048,0.02115632526112831,0.022894899857776343,0.016805943436760503,0.01727096261708278,0.01886445864121274,0.023974396790981903,0.036410824071267105,0.045315758113940056,0.05529523974112241,0.05069636309787336,0.05031784203377279,0.05258961726018896,0.054468174685331244,0.049860298634762185,0.052982851211037595,0.06322553462689867,0.05557225558745599,0.05629067409084785,0.056604822524318026,0.05287794573907221,0.050376687677827305,0.054707773460090904,0.04150973343594018,0.03738521891731399,0.024930599503532918,0.02175598836863857,0.02065901474568213,0.01990162709090043,0.020003650264178715,0.02303945353160211,0.037077846373398275,0.04538754890500492,0.050689379044989394,0.05066699082622644,0.04970158169677399,0.055915806226115555,0.055361141869671775,0.05227777341684291,0.05016129504177674,0.051981239939570496,0.05850230908271056,0.056656513144812515,0.05225820238739625,0.049372012976200454,0.04803472405538223,0.042968279948390295,0.0425529835954538,0.03353510487932671,0.030090244309775048,0.020192794280192154,0.01954177879366476,0.019909065750686357,0.021055963118021902,0.025792140359183525,0.04051228834066765,0.05132961299804283,0.05310640513536832,0.04963217526738025,0.05244469386370735,0.05650948941715082,0.05436034124803356,0.05401011459173895,0.05057234128467639,0.05041176141063627,0.05896357665565545,0.05931112077000924,0.05450705880686034,0.054461570839364065,0.04778739416232504,0.04484097319235685,0.03461272437531944,0.029408499685201126,0.02238557942648317,0.021717422782327682,0.02136185843705723,0.022522402397905233,0.02179307344471357,0.028829816597286916,0.03965664616784657,0.04910196248075886,0.05128571848770328,0.048129644632747014,0.04912684195818774,0.05004249778384687,0.05012657777144952,0.0474986712480399,0.05136515888847012,0.048729803799502674,0.05345875341612539,0.05417960263632782,0.051963228691491545,0.05027434021879528,0.049922803588115176,0.04203291065760303,0.05245224344711346,0.030085074056317995,0.02202493432395773,0.018802468707217926,0.01836047379927891,0.018835345108049666,0.022305002193054497,0.023505607275869256,0.04147172946332811,0.05215938034345729,0.046705712820447824,0.048152109115587545,0.04649944520320278,0.04741358121723539,0.050096302011595865,0.05178198623167976,0.05190912108866465,0.056611684681177596,0.056764499944731844,0.06441834776763568,0.06273978765380439,0.05189069277795953,0.046595772459967134,0.03889169097332542,0.03881758371084733,0.03649867395758263,0.03309832107268425,0.028266538636852283,0.025340658645169933,0.021988727400828918,0.01970904888309772,0.02251285112563516,0.024988186219384787,0.029095767848365497,0.04256147055327669,0.04329149108981073,0.04994956819310225,0.04485607655095369,0.04163731596033246,0.04792302279659555,0.049777945696370056,0.046594717727156225,0.045673636783486675,0.04800085525641426,0.04891714278584011,0.04429669400263714,0.044132650832634776,0.037624377371796316,0.03281044560772395,0.03160227488681459,0.03475588488017045,0.03046829665790893,0.0293270968354784,0.026654107137689273,0.023175525332263573,0.022121446287646448,0.02333435304082024,0.026868526759024597,0.03408016817827018,0.04896281702894609,0.0406829630606253,0.039634378902517586,0.03694043206640036,0.04349676316653978,0.044735612511198064,0.0426699102288175,0.043252142345912716,0.044809104072212225,0.04607282110150326,0.04558348063600042,0.04442631966932083,0.04669093589623701,0.036375723331645966,1,0,1,0,0,0
0.02002215712354177,0.018244407927267673,0.021324564123472074,0.013907595154365737,0.015149678292103947,0.016112613486866174,0.020534371191219463,0.0290299427598148,0.035122489697613876,0.04371464442061217,0.03592358672334683,0.03750920200913899,0.03944693311687862,0.039144996234625945,0.035481087617518815,0.03930662064662207,0.036265747121677655,0.04078137747735211,0.04066126551513493,0.04447611668489798,0.03661364987962048,0.038752657809038214,0.04028081923851942,0.03490590661011732,0.029254572192299412,0.018880650838663214,0.017050848969424954,0.01600857817583309,0.015563465989688248,0.014908354150607123,0.017577803934849805,0.02766653580423392,0.034140276189617694,0.038276075587337706,0.03861885652040178,0.036841629392734256,0.04032864006841115,0.04251070682873882,0.03615549433386074,0.032038714236705595,0.03421264831311601,0.04087450465237447,0.0422002008800898,0.04114628938476031,0.03896140243782561,0.032067617100007106,0.029135561621059756,0.02959786762966267,0.025572686585104896,0.02179316964339521,0.016333282608946318,0.01553059512037379,0.015655574329384803,0.017264387158142304,0.02078972153248991,0.031398256435696846,0.03974748599052327,0.040599192860856705,0.03656097380294628,0.03845392337219499,0.04045564638423682,0.036834739474083486,0.0405898304539263,0.037972409345626235,0.03820571909326782,0.04348246227826621,0.042554188739880906,0.04025974257467643,0.04381301197094897,0.035736878644920686,0.03183116242222295,0.026757209705535974,0.022745020114202222,0.01795886305020776,0.01691420023688767,0.016092684511497257,0.01746584865356892,0.017652544993857704,0.02235085490676548,0.030944194619388174,0.03653777117409486,0.04042993683568319,0.03794195931820495,0.038670946623571525,0.03735436983228953,0.03718126122256883,0.035167766829649824,0.03764855394195621,0.037837918138668,0.03995398714723274,0.039624688696176205,0.03782800784013018,0.03716947719000232,0.0381980016634064,0.03121546093475027,0.04652738427590092,0.024613962236673698,0.016701719618190176,0.014013018517273214,0.014081762246906928,0.014631439767550214,0.018600489537930767,0.019319546591010133,0.03518806762979666,0.042091556030060706,0.03585185991384255,0.03513416665487767,0.03480686753108952,0.03401989777986101,0.03613907728790063,0.0384012109079284,0.040211615390502005,0.04215196544781668,0.0441629586604874,0.04841633858296034,0.051814666641473044,0.04300586792599725,0.03902613525328377,0.03355915054183917,0.03188328721681207,0.0315831236451594,0.030012715505494444,0.025975846026647924,0.021021396605396057,0.01836425539961841,0.017041083306195946,0.01891667133345185,0.020878532612235618,0.02346613544374056,0.03616540306679167,0.032466878831183814,0.031623870794701935,0.036318258739845725,0.03645838353682591,0.04010511189484434,0.04137479187778165,0.032882969211157846,0.03314012846763113,0.03423446171578263,0.03845784260079778,0.036851542298750616,0.03909115838198555,0.03037261579191192,0.02712500713872905,0.025028123455589774,0.02746327139342157,0.025543672735667333,0.02566439858149782,0.024300463818995845,0.019263923039074517,0.01873646922019992,0.019143020344551846,0.02356285958149146,0.0318373144288783,0.04800054268855677,0.036216511373532635,0.03401020084704786,0.03121428298793287,0.038849188926122144,0.036757173924075924,0.03620236988322705,0.04011655709750724,0.03635965289918784,0.04074075879040661,0.03805894265244242,0.03650140806724996,0.03969145592051041,0.033093789201180404,1,0,1,0,1,0
0.017782008389115096,0.016550730469220353,0.019109598604361833,0.01228656094047368,0.013445914497969483,0.014088469880734034,0.018268525776182355,0.02521039830454073,0.029600880596323934,0.036415304703087875,0.030665659444198887,0.032081260909651514,0.03385453918550596,0.03341828152516575,0.030416458658098503,0.03295066592899141,0.030939993365864733,0.033688657414806644,0.033221944246011145,0.0378275226229213,0.03191841163196864,0.03453769493641268,0.03666122993322283,0.031947091065459024,0.026952971380887644,0.01729229986270944,0.01583436729382102,0.014267111215712199,0.014145337045868019,0.013578843058073867,0.01580927379947043,0.023325423494719732,0.02804894085635188,0.03162633232977612,0.03300169151368046,0.031223597850536362,0.03414506049346938,0.03616692443681973,0.02960462242954908,0.02651344097634038,0.028024121052992877,0.032244346563338376,0.03335662372966646,0.03400688586893889,0.033937024753648744,0.027786207585282167,0.025459309706740953,0.02672965400173896,0.022819271327472877,0.01913729801072333,0.014079245889446498,0.0134067166884397,0.013354036713464095,0.014769215071769296,0.018416341125047895,0.026218476975270247,0.03245915802514939,0.0337239978507661,0.030776122926016107,0.03244825531278852,0.03266019267602696,0.029688760075148014,0.03280699847772739,0.031491928928715926,0.03204883943303938,0.034317596880757535,0.033678113251858204,0.03301356478467018,0.03784293679033115,0.031795776025951364,0.028342940033142673,0.023360213291603545,0.020411479903483312,0.016101073037655643,0.015013420768213782,0.014193078142849324,0.0154104168533296,0.015525328034004854,0.01937545490029803,0.025866869719625513,0.029604822073518677,0.03425337417407268,0.03253858891981537,0.0339530300637798,0.03288930295374427,0.03126916590463994,0.029398462794095775,0.032547971327602086,0.0317828958799637,0.03193002077061067,0.030812473482464707,0.031282795764591385,0.03272975886423924,0.03507893858635089,0.028714942901220487,0.04317135522742216,0.023109233520436197,0.015337580665468744,0.012957702968450568,0.012693262408741496,0.013968905055422351,0.017538564898162565,0.017968710008953174,0.030228791291029282,0.03591943953382788,0.03078122094953952,0.031207433948183247,0.030145458672308244,0.03019361936354162,0.030309621342918945,0.03287544345601768,0.035605890634189855,0.03503385901267827,0.03690791518760433,0.04015389927473836,0.04484502739498867,0.03801062238204319,0.034918817394978985,0.030625096474710612,0.029177341016674106,0.0283963784822402,0.02724554068915188,0.021704272733037985,0.017694351782292086,0.015488936709619093,0.014649677234140129,0.016418555585740173,0.018317383281235486,0.02112031704846623,0.03120746277529788,0.02844636293013675,0.027472917040805032,0.031042824041653892,0.03239809141766821,0.03578090740068577,0.03673230952889352,0.028792819895329672,0.02841785753947263,0.02968401354549791,0.0332622032855478,0.033456964728147555,0.035874840154739705,0.02834566398699656,0.024490696916477466,0.02156878223565156,0.020450827613399235,0.0194734820485208,0.018756206486221304,0.01721630091213328,0.015621316910078236,0.016075978388774625,0.01662781861862374,0.020803322425766713,0.028014115076412983,0.04281867685377983,0.03236551927916043,0.030917307192713024,0.02923720302813243,0.03546383102087147,0.03315351564616952,0.03227335076422968,0.03561634256943545,0.03092129687058659,0.035532632749950964,0.03405654976662934,0.032553163709872324,0.035692813472340226,0.02960345036112279,1,0,1,0,0,1
0.012088787088218348,0.00853049961230156,0.0070391009788724045,0.005619253984565075,0.005837765299112665,0.008873012146855926,0.017962888842012286,0.0370720039954691,0.029991286217554345,0.026299212733825544,0.03547738187871733,0.03322176713289946,0.02911066918062065,0.03370115914425381,0.039532516143875596,0.03597822319503764,0.028293785567822177,0.0260301006326846,0.02616199412998048,0.02445565815018064,0.019607026765265427,0.016893499501398093,0.014832440557975168,0.0168672425164736,0.015265275675817496,0.01145202266228664,0.009344118991617035,0.008203485746501043,0.007679650958183699,0.008581146842147556,0.0289641766019931,0.03866545424440515,0.0467397124337292,0.024492896459993113,0.0341403930591402,0.039829438702205205,0.03234737811261449,0.03456553251546496,0.033955997261277696,0.02697631427320249,0.02781501783790126,0.028069027335809855,0.031159480360535653,0.032523810625323446,0.02160460841843092,0.020487809818410363,0.017843861724837356,0.01909391970593493,0.021663901561650614,0.011234836945369208,0.010091652859391398,0.008498604560229817,0.00912594087912728,0.011653721695420885,0.017629870890026416,0.03050375594454144,0.029319203346986435,0.03058307440480374,0.0326918460959222,0.03393482960215472,0.03311299066378962,0.028939637173715733,0.031118165886628094,0.029123525742369098,0.03410289919378635,0.023657818084498503,0.02176904417588562,0.019550845303002662,0.015910148278038536,0.022956862059171853,0.023532745838551243,0.016344948319739146,0.02111326412688878,0.016046014431738895,0.0128471528733104,0.01394135639721486,0.013624777505268902,0.01796162410698416,0.017362371730124174,0.03324675044531163,0.035610732540188296,0.030382592884137558,0.03275188781921027,0.03627372064285528,0.04872320908157613,0.03410285815067929,0.03876837248789065,0.03924071530504747,0.03336859588097802,0.027845607556615068,0.023179252873929638,0.02507526551828551,0.0199248209356136,0.030662377258578077,0.02234696632813934,0.019886097102816767,0.01982940300286261,0.014425789870810375,0.008315920018923345,0.009232618283993261,0.011323841095562833,0.0212555833874888,0.02770209202325902,0.019869672699743074,0.02354986469503134,0.024525096726591575,0.02469760427952179,0.02921551769199489,0.02656468595588033,0.026954782424213976,0.025844486339481332,0.04180597780569015,0.029623980335031323,0.03584717727649645,0.024899004590129524,0.030324115489592556,0.029040242939780043,0.020929355618793492,0.020989973223664186,0.020309605274533595,0.017565809967015476,0.019592489463125546,0.01902050738117432,0.015796637832166335,0.010123138822565112,0.008191919956556257,0.008742835877415298,0.01518423626998124,0.01602319986394403,0.021117590968668342,0.021489039694677383,0.018446841547172625,0.016639396352237833,0.01788130426521887,0.022361200137945125,0.019325746381274118,0.017393008951796417,0.01573356228795543,0.014439110148987062,0.01534263403913442,0.018855405953939548,0.02058511311124982,0.02927890084632153,0.019577787945898265,0.020518147499919183,0.022817205693404417,0.02999896755372586,0.02285835100100514,0.014798255235549713,0.009292978560218589,0.0069835649517369066,0.008318675285051792,0.009359744779952762,0.014103768864293662,0.014802448045243917,0.013326996386876703,0.0167225891675098,0.025242709649858624,0.01963492934081198,0.019543612734574223,0.020755805324879136,0.01687004286987674,0.02220360830445681,0.019101730112789594,0.02328829618938078,0.02101282520292642,0.01575533640699981,0.01709609340843203,0,0,0,1,0,1
0.011809903802965508,0.008087150582706539,0.006357457086664796,0.005143339759570126,0.005329962547918384,0.008450569341305753,0.017806230081492083,0.037723839791940744,0.02974827370469139,0.02568123482906711,0.03573293019709086,0.03310776291939046,0.028770368136580377,0.033644479291619095,0.03996577288757531,0.036135306861364416,0.027896376890685408,0.025544048603056015,0.025777967203343112,0.023910906936075407,0.019064290237969583,0.016190570818645313,0.013913004662971037,0.016275136321268008,0.014551775976188936,0.011040614712953355,0.008900722489842593,0.007734552813252284,0.007183348273752397,0.008058183627137843,0.02977940485808813,0.03967710922670325,0.0478680915468779,0.024056752298149256,0.03419552907807968,0.040387127902048216,0.03217199707326396,0.034680309391888944,0.034197855063179745,0.02688419117927576,0.027742704776333955,0.02782462306405833,0.031140157725654934,0.03258651950650693,0.021192184410927038,0.02032351573174533,0.01755317603322525,0.0188470310370145,0.021828460917549624,0.010880121741086816,0.009876599855222051,0.008194685188184666,0.008863914713540363,0.011438644223623238,0.01754634110724947,0.030748451986978696,0.029207529063911494,0.030147140288628554,0.032647290556717,0.034018390775341814,0.033163023823449204,0.028931691147486227,0.03101115934235594,0.028777043620025186,0.033985592509643246,0.022815166306292475,0.02076416798146049,0.018785596424514515,0.014844109159923586,0.022714124294307993,0.023562496877703377,0.016142960811140958,0.021379487174762204,0.016116990437190205,0.012786955884607485,0.013979595365420585,0.013625332828405567,0.018168649979556743,0.017227223923721748,0.033632839987154446,0.03588210978377314,0.03001196116266035,0.03266293937179007,0.03640250439967453,0.049611759711458155,0.034314702988027204,0.039191482460652904,0.03965562434618895,0.033334323716,0.027365634923726016,0.022396479609401783,0.02462378619793708,0.01928170888145564,0.0306325982331789,0.02214644559018262,0.019009852338722176,0.0197698187303912,0.01429473352000233,0.007927499373589417,0.008924193367711133,0.01101381195521746,0.02142010750325147,0.02821002847818495,0.018993875259618133,0.022632555373293717,0.023878793335345882,0.0241053541319602,0.028972977383001704,0.025892819751862535,0.02652859448346725,0.025391877124252227,0.042268795918477126,0.02920686550162635,0.0357185991276,0.023936037892013047,0.02936801734628637,0.02868231834579208,0.020320690316373218,0.020583228850255215,0.01999339701385303,0.017189597832095067,0.019469829960610488,0.0191292208623405,0.015791359557480185,0.009819174753330492,0.007745040848884135,0.008275435793869728,0.014978955332378682,0.015512841599753075,0.020525953811920832,0.02090651264217174,0.017821196576337184,0.01592420097462868,0.016903759586585597,0.021628867010674784,0.018484107019190902,0.0166530432471337,0.014863242263162256,0.013577211666909544,0.014415426823440351,0.01818362585337564,0.019948120025676714,0.029519201688279994,0.019270557283543408,0.02048167568428383,0.02315578947302316,0.030842187779641518,0.023340913970569588,0.014897210555641204,0.008953828575042346,0.006499457070143319,0.007895034061403955,0.008771367705595995,0.013451864048530306,0.013480990446620445,0.01227834360249518,0.015948998977062746,0.025174320140928623,0.018893482741453336,0.018743815448218654,0.02000337858498964,0.015761210851421004,0.021760543090534556,0.018293162869414528,0.022800366288206312,0.02045886133446771,0.0150145790134446,0.016648051289197247,1,0,0,1,0,0
0.04331210797476595,0.04183350839035175,0.048588872812451715,0.030193446880767253,0.028633054381523557,0.03133549529791394,0.03943512060995174,0.09531883442402707,0.20596908732002955,0.36054982853002737,0.4646093383637753,0.47006911002498625,0.4689918061831643,0.45702002633197697,0.41205107238394917,0.34107337640116164,0.3431690441350335,0.3203627726875813,0.24808081668578655,0.17671439612949683,0.11621761761491431,0.08397860584119793,0.07946784562279398,0.08017651436478238,0.05181391719845267,0.04302561791818794,0.04040425297784256,0.0361591278349442,0.0372333600205804,0.040231263267836534,0.05074943932729891,0.09104747786184755,0.23493427672042583,0.4867564024826797,0.5684830906558953,0.5762873350067195,0.5186898879016704,0.49583119446561386,0.46278287278920766,0.4053895061025905,0.3870451918715768,0.33124011846183254,0.2623149761368922,0.19064748848770652,0.11847727019316912,0.09207564032809182,0.08623328720078509,0.08298964140264273,0.06144765399414726,0.049785755628579155,0.05099014162407807,0.04733365076151269,0.03852700720925357,0.037745744117116696,0.046744903002431955,0.10746531333715609,0.2443993159989742,0.46858902126342805,0.5436877777443226,0.5476900029053268,0.5198598084167338,0.475652674520255,0.42565281082693174,0.3680961612722751,0.3529450540260072,0.31462904262340635,0.27518786411421386,0.21543023260817923,0.13365959271249295,0.10840925654094483,0.09327439778527136,0.08054369948806683,0.061185381184574714,0.05250224457285988,0.045740758144076944,0.04151421410645628,0.040155116628415276,0.042740337150711724,0.051241784796323214,0.10327991595347004,0.2467380210629569,0.44308455882399206,0.5394350326646072,0.5284929903912385,0.4972913209831158,0.46891515559233793,0.4322619588543196,0.35806266327114933,0.333424572265668,0.2967874845538407,0.27346759449269653,0.18649380321037032,0.14848938665809708,0.09020992541870997,0.08006583443075183,0.08982592020564396,0.059667542598557735,0.05082394774554283,0.045123978577086624,0.04309020240500392,0.043104584489322736,0.04410275782263368,0.050811717225546886,0.09093530592485984,0.24768469243572516,0.4123253126446723,0.497602379346319,0.5170095120571109,0.4629883216067605,0.43208963903394276,0.40604464241102634,0.3435893221048996,0.2945967038055779,0.2680174494529683,0.21130906606509064,0.1609113064574925,0.13983906488747516,0.10080014632761825,0.09211108311261929,0.08746118507656163,0.06725623571594103,0.04757978082405974,0.04075320690050993,0.04375154609845571,0.04083974891015137,0.03556133110468189,0.037655663454417156,0.05001185359257261,0.09034499426585624,0.12361885425761697,0.15657492831299194,0.15704219233948863,0.15008228141048705,0.13521491788988985,0.13711369886257435,0.1175673013277865,0.11504190605037093,0.14257978020158854,0.12027879789456064,0.10250867461822566,0.09116661606290537,0.07555209074010445,0.08090610551456999,0.07386480836633791,0.06175713852691204,0.06387145855672688,0.03871028724073911,0.03251871664846137,0.03241870606088566,0.037572474316509535,0.03113682043694166,0.03147291846797736,0.05157024559475048,0.05996888393100747,0.11009355106037413,0.07887283244638135,0.07503056091308892,0.07291103915249582,0.06654523681003373,0.11059115405659034,0.09063416969131867,0.11786462693921412,0.08697660932160935,0.08159520578557866,0.06816650990013189,0.07467113534729061,0.06761373517007495,0.0619176289723197,1,1,0,0,0,0
0.05457866128539521,0.054340773032454576,0.059978686547813576,0.03732735371097208,0.03410864366241726,0.03721486229000071,0.04349155042934732,0.09138306731467957,0.22202563705877895,0.39033781829342884,0.4740693994476743,0.4876071638669427,0.4647429544212904,0.4552038319087493,0.41470087176762443,0.3532034223870241,0.3551413934635927,0.3558482203248198,0.2691533109897497,0.20367303739011186,0.13950994545450565,0.10294449264810826,0.09554407135299858,0.09808068862566997,0.06109023289812369,0.05325133771857355,0.04730541926344882,0.04169275947574423,0.0401900208856836,0.0436959476593005,0.053567695915918846,0.10144788709174535,0.257658516930152,0.487208279323104,0.5668765732474687,0.5491141587235809,0.503739467552016,0.48742581051003675,0.4617898856035151,0.4103224696035872,0.3800316613304903,0.34948154128552716,0.2838649507163625,0.2028218444320981,0.14339485331367233,0.1004951912523604,0.09495221499572319,0.08772278005121764,0.07795543586456041,0.05560361384381743,0.05811108553865983,0.0522501853603278,0.0412534058881525,0.043031263522225346,0.0494347832721197,0.119279556692808,0.28173972608040126,0.4682835192359806,0.5638031605869693,0.5708350221473625,0.5185661460155043,0.47300813047165846,0.4147222059524786,0.37041148159432263,0.37087485640747375,0.3246002200442773,0.2983709079905205,0.2401036733994463,0.14766599007279993,0.10807617845961208,0.10228874442281484,0.08818900563097788,0.07090568100016974,0.055587564251925355,0.04810252373836244,0.04308850335796705,0.04120869375419801,0.04819578543978173,0.05527544248035076,0.10817537759500477,0.27413014949705505,0.4434721951231549,0.5306706871338557,0.5296419102561547,0.4877150676749618,0.4618014894269689,0.4499533129991997,0.37068155609793335,0.3452279860080791,0.31544500612692966,0.2812685405131987,0.2027307992601867,0.15594605718133656,0.09968803504951194,0.08883459831803311,0.09936594437175217,0.06758433052328652,0.05396654612542349,0.05069929990858968,0.04465650701003405,0.04156460442375736,0.04525694951472918,0.05096880434606074,0.09870409022958465,0.2611783072509134,0.4210488159681294,0.49767691514552587,0.5243226121232184,0.4720778869794832,0.43775002634774535,0.41025789511984745,0.36267107843921775,0.3190300556410175,0.29825160558955416,0.2195883907528818,0.19433902496476782,0.14343170809072617,0.0977073672873769,0.12078376363554505,0.09906422755564621,0.07537285850503427,0.05603567081789486,0.05101439167503841,0.046981147423379166,0.04420508486491932,0.04014574752769184,0.04066990708095178,0.06062376606930848,0.09920698114934008,0.13052212345803804,0.17266678513087758,0.18558372424878264,0.16737203472100312,0.1571860975119623,0.15741889497067768,0.1585642023884641,0.14078268352845458,0.144047241331533,0.1313426694696657,0.12147088413078559,0.1177473682352586,0.08961860140798301,0.089905752764528,0.07672767134877254,0.07359777371919606,0.06187365338363288,0.046617428609275216,0.04001860430014982,0.03865613303283385,0.043810542698897385,0.05088536913088328,0.03635689544198199,0.05026474116064064,0.06013200954000531,0.07796298598578895,0.0965879496817899,0.10126774077879439,0.08716839052959205,0.08547825815444968,0.09612735397758419,0.0960276858753395,0.1305504732295837,0.10384736733649261,0.09311333784396778,0.08938338198395016,0.0842315904275721,0.08369519027162116,0.07696557533056257,1,1,0,0,1,0
0.060223605412633434,0.051790514373960504,0.04550262818686785,0.04102548676178746,0.03729147907241674,0.0396589903422742,0.041915638185152856,0.07770492862261186,0.1443990848035296,0.23497280260073736,0.23452106118061375,0.25507917581809925,0.23449105439196982,0.25912382168481707,0.23472527478993388,0.220642047193309,0.21746472676551826,0.24446740121695612,0.2079823038130031,0.16545742715586567,0.1292093489235013,0.1057189665928124,0.08802293484310117,0.07954384235953807,0.05691328177583583,0.05056498985686808,0.04269660435766971,0.0406176363992054,0.0371064175163527,0.03932482187181984,0.04678919029082562,0.07626898951952873,0.1590711344147324,0.24155499186273374,0.26750364884344896,0.2860625713340727,0.27348628281188037,0.2780883649242338,0.2501923970925828,0.23696183551479105,0.22610419620427918,0.2409987568388675,0.21311287839762982,0.1672983915613192,0.13925501771424553,0.09820156643815176,0.09582290714372188,0.073849892688538,0.0756702892891436,0.05032684884740437,0.04470242827828211,0.039685305224920336,0.03601246404424034,0.039650640212578754,0.044985287924186504,0.0895983270557992,0.19387849239658655,0.25368184736060523,0.319830813091334,0.330706757801622,0.297351509779361,0.2880702637542246,0.24863169571664182,0.2381942363598589,0.23951257401125078,0.22523438152286265,0.22418857574403508,0.16947390228049797,0.13776008144652002,0.10866823053724545,0.09476534126031204,0.08322232159124486,0.07035168590653106,0.05275381565896905,0.04361213335770667,0.040509771861835464,0.040269377837122214,0.0469634470178029,0.0508924615801766,0.08152976421119311,0.17679836609585514,0.23616011102156026,0.2629617951256478,0.27850618185456427,0.2632103777857576,0.2497303495966622,0.2580668776141619,0.23913613573368397,0.2245691041384318,0.2266240378526743,0.20429579165254408,0.17565339112579764,0.12697297864586793,0.10080366669449686,0.09118635647243278,0.1087385475604154,0.06741431406161935,0.053392547574170286,0.05073186850343743,0.04286840947722358,0.03874659643890067,0.04219205640439613,0.04630396763841682,0.07835070540005121,0.1497352581252319,0.2233932575694041,0.2536901081022328,0.26326451497329756,0.2537107268333144,0.24554499098960206,0.2363700146936251,0.2359352871918031,0.23352660431818728,0.22771822629711097,0.17406505142416173,0.17530947333696792,0.1335712925423257,0.10513008501268195,0.1360607148535426,0.10692837714559796,0.07146071542376377,0.06028943903460261,0.055286295229359864,0.044686098215876324,0.043650048282934485,0.04260916849788577,0.04326401353957242,0.05895259889891244,0.07580262628534505,0.09759490494377593,0.1228592025344272,0.15078424880002794,0.1384072418846511,0.13185472565151038,0.11301001710830598,0.16180708375158612,0.13638198407079277,0.1180073268250809,0.12176176034178629,0.11826559399940342,0.11603971211134141,0.09760231850689619,0.1106735473861453,0.07846586411872748,0.07729357072742216,0.061263192407163734,0.04931773500302712,0.04150529382807592,0.03701455042175508,0.034281787282250974,0.06038546555675937,0.04059529179707059,0.04718437191205259,0.056632176254255866,0.07978055662492879,0.10685754020191504,0.10791354195250638,0.09495498247973937,0.09555456623283465,0.108842865058234,0.10381991547697976,0.11402583397330567,0.10660830809548932,0.0942612691060584,0.09323515012855181,0.08518131944752824,0.08608615838804487,0.07346389610599827,1,1,0,0,0,0
0.020779238058343478,0.017139667435262337,0.01506823695037911,0.014299663463952065,0.015083456143007134,0.017266345402107305,0.019894965393680155,0.027164304114797148,0.03476166327120646,0.04300518947419064,0.04901312285618439,0.05870836527021525,0.05690884158237942,0.06358153742221682,0.06733086734596737,0.05487164739990001,0.052933663018494156,0.05938092257972552,0.05190717349687546,0.04969418334620221,0.04110928552277339,0.040191082839550175,0.03559569910282765,0.030725711351743762,0.023841742171626087,0.02007963282948104,0.0171600291606897,0.017020710080714107,0.01642299188323535,0.019224267147905757,0.02202663602491688,0.026504317773220442,0.037324920931670995,0.05122235200144991,0.0611715166075401,0.06352894533149875,0.06107434679266724,0.07299744726977077,0.07249109069080105,0.05393910050530138,0.06430578226070577,0.06800818709509925,0.06012432670477211,0.05814596448939619,0.049810261834920225,0.0439980600586742,0.038467401349538494,0.03581546803671362,0.022689584539863018,0.018349365711304164,0.01502150202619959,0.014739334661523041,0.014029435056850736,0.015758539681465754,0.018666976387748457,0.024469712771506735,0.03765083011283561,0.057270284322110496,0.06576049794907741,0.07126116818614966,0.07533598454266498,0.0675731771161551,0.07222786449754633,0.06342050909451002,0.06454679344953979,0.06823431180438422,0.06820935917595224,0.056115085056871024,0.05615918489183495,0.043932487333347155,0.04215660880144401,0.03463441018057675,0.022139506598495222,0.015972655682110495,0.01459173541865199,0.014491371255044554,0.014638940214267426,0.016133629014456436,0.020760075229654094,0.02587114550072385,0.0355308065413414,0.04607668006308943,0.04714663425116976,0.052939411166637,0.060529138362979414,0.06485881775596472,0.0630819628140632,0.05570651817736287,0.06216913853300177,0.06156978503227592,0.05711810120185433,0.05538837356469571,0.046782247791910425,0.045758537392615095,0.04038310477763532,0.03413607139033602,0.02483560055788381,0.01867015384921821,0.016014348955038317,0.01565189898961208,0.014469179399042116,0.017694842008318383,0.018280192990177434,0.023914498485876408,0.0341722588172403,0.04540992149645566,0.05098578280336841,0.05518614327832294,0.0626411329813409,0.07339505649854504,0.06362429242261997,0.06371771674798092,0.05609027439344878,0.056927836920294454,0.054805189251962365,0.05247597704760886,0.04798111660621828,0.052040676966562095,0.05093000733180532,0.04268994407954558,0.026949048704192475,0.018419219544096033,0.015609188043240503,0.01468471512009855,0.015148813717326097,0.016210368526751055,0.018394887359217058,0.019180644106896964,0.021707571264755757,0.03021696924747629,0.04125787450451342,0.0532526857182981,0.04770835715736415,0.04895834681901991,0.043456559636084274,0.04811910096135599,0.056836967055318814,0.05769563054389294,0.05481920414554407,0.04764876293047401,0.06463440087651295,0.0541042619532102,0.05713980548410277,0.04966948778719296,0.030233573769029725,0.021654210351151948,0.018371394096285246,0.016108337562232632,0.0156079084385092,0.01484628587927486,0.01645076715107019,0.018463131438550346,0.01824873805286152,0.021158326288753082,0.030291524046678342,0.033830139052635676,0.032548081214910186,0.03244752251749234,0.034544668568765736,0.04076880211172518,0.046921874475708364,0.05036532703703805,0.04331904325839235,0.04676485991839548,0.047649885335695925,0.04912696205377313,0.03420889143663398,0.023717570732559257,1,1,0,0,0,1
0.09459808923497953,0.07474698058772014,0.06504669747752419,0.059840614872815404,0.055621551767893976,0.05833460767143128,0.07313855662199692,0.10148176652807134,0.17607575857581717,0.22961143987751112,0.2652330303777399,0.2501588311051384,0.2805329430857616,0.3433049946860635,0.3125718165286979,0.2800785579537889,0.26658644536585974,0.3002238464276525,0.24548561849482095,0.2555784887580654,0.218657354432626,0.22392124759984272,0.19536070057242053,0.14350437669610272,0.1240461994795962,0.08838001523082298,0.08274612238778928,0.06598266278824351,0.06270463675655205,0.07337627614603404,0.08493169797037246,0.11825551486173601,0.18036292731412243,0.22660990196713907,0.3044598995625418,0.2944014549193451,0.3144308705849357,0.30422388446451654,0.31441837223809177,0.3182213485758019,0.3253195726384897,0.2882324999303128,0.24682967631726915,0.24614396377992148,0.2593337179197755,0.1990678199654161,0.1885410682395263,0.15942468403302765,0.19593593820911565,0.09910666574356747,0.0923293754370985,0.07080753439638389,0.0694629370696324,0.06843669005044371,0.08052903740372466,0.11926481203096902,0.24023376838160831,0.2598789570459551,0.28915955715759956,0.288716910329546,0.3400011237205737,0.3290673335486026,0.31708469973782144,0.3125625137448338,0.3571370934767461,0.31319143180150677,0.2478564244000995,0.23752961105190842,0.21914050123952547,0.2405289883200969,0.21941999996645986,0.1904103762192474,0.12422973319848409,0.10170601127155918,0.08824690640457857,0.0828203780854806,0.07589329151403003,0.07179805823272933,0.08344697659644255,0.12216451303964589,0.22521474030371877,0.2352607135420679,0.28249514498280004,0.29379999236042154,0.30406118436287966,0.3399777060419099,0.30415505490673655,0.32529757635321876,0.33691613026061057,0.27460623711184484,0.27044151300468594,0.2482415855036811,0.2335750768414511,0.23473785486148244,0.24165305601892478,0.219865556730021,0.15210643749442979,0.08904648672244685,0.07863660173685916,0.06972818341109276,0.06589209323219959,0.06942887073887367,0.07573244334401956,0.10227884932357639,0.18066198598036567,0.229970888848858,0.2907179582869056,0.3058861770961356,0.321567419247124,0.3463566383812288,0.31519880054196253,0.27743107230292746,0.2879894294895714,0.29986768582937523,0.2596230649248363,0.2513989066142022,0.24527376645260754,0.21004711532740733,0.219214503010617,0.19268954695572796,0.13378920410643494,0.10834257384158007,0.09262351433443447,0.0810121553140386,0.07416986625585963,0.07520933096407618,0.07876119050736102,0.09393776964091946,0.1279545571237364,0.15163304685863754,0.17598947528620354,0.19363536065910394,0.21359327660345087,0.20366866574155748,0.19853079241592403,0.19616444631476534,0.18763116253377995,0.24174541829612325,0.2335439539637608,0.2098457632582839,0.20662325241103371,0.26595998234744506,0.23408668559515508,0.1768076281690363,0.13211103697240162,0.1079067985987255,0.07896647948078318,0.07961190289938574,0.07169673738724458,0.06572484451881454,0.06578827192539347,0.07388433759912742,0.08517211110069196,0.12524046325482285,0.1431314363872085,0.1404172714891132,0.16600362855888637,0.21808239612238617,0.1826384984167826,0.17393832681236396,0.19099187469870998,0.1740908552684816,0.17823832176749393,0.19156173735483234,0.18877039579028954,0.23444453899653342,0.2135583778813959,0.18382076118184631,1,1,0,0,0,0
0.13707141855053176,0.11014846443754217,0.0982726680738649,0.08966690451005078,0.08260530971431296,0.09002257352843686,0.10353236889626932,0.14882400483451325,0.2592802100819959,0.2916097515592125,0.3166782081671213,0.29921011795040187,0.31758780238246054,0.39577771873426215,0.3526819153567192,0.31571232879506,0.3133873616707076,0.3461393428608911,0.3018185402979337,0.311777574531,0.27491523757557335,0.2920117306455082,0.28349736894297667,0.19568258057212654,0.19047061552882508,0.12150092229409445,0.11418759608547856,0.1040295013464191,0.10420331095116968,0.10823330852131827,0.11543183844402534,0.1889124314778375,0.2531011002446841,0.2899677460813636,0.3575269673220808,0.3515383472863773,0.38600327309699933,0.3553849223620813,0.3666859272379019,0.37839760407768036,0.3818404271927979,0.3516454473286795,0.3233736418290239,0.30583228352546815,0.3270596253396278,0.2683563180079827,0.25235399961064725,0.22515314312957582,0.23957117278638915,0.136738553954779,0.12091157133410697,0.09817942545772894,0.09539138147744576,0.09642057796116678,0.11660799140502717,0.1844687585023452,0.3299136807668681,0.3249048553512862,0.3509738983599622,0.3472443657077931,0.38475242046939107,0.3717835246605853,0.362377088827457,0.3615220128601879,0.4250980292411379,0.37816796325361673,0.3229900888878806,0.3047268035939426,0.28007563819725184,0.2948488031399941,0.270134196461315,0.2587940845276441,0.18687029015213819,0.14019857548696493,0.12122736944734358,0.10989792110646089,0.10215932445731946,0.09648561108976958,0.11073864360001456,0.18261180852583353,0.30081720819865954,0.30496942886733197,0.33897029442251336,0.3395713753313572,0.34918570025781714,0.3811908347215289,0.35058543731877173,0.37496015684124134,0.37747026652286464,0.32264490084215813,0.3258062430246393,0.3066212610430509,0.2988487961237088,0.29205286058874225,0.2952706825815752,0.2726408156256675,0.2110237294321441,0.13202461637925736,0.11447961190852537,0.10191610381045817,0.09897694264792865,0.09766897024449481,0.10321160221334479,0.16818939573863684,0.2564631108865605,0.28823714171636,0.346365112613401,0.3650395325182597,0.36723948380808447,0.39171572576505964,0.3511543144386882,0.3237362852136607,0.3398123143199781,0.3949207031078947,0.3336757081488176,0.33365037327104935,0.3199437375230921,0.27981545405273167,0.2979273599742976,0.26348437444620654,0.2082384460783163,0.16926701405607347,0.124245233842014,0.10731618529046393,0.09684011032176482,0.0930207058862975,0.09585039358858646,0.12048348056425003,0.1647826257982544,0.19215323558357011,0.22717149100340975,0.2559988121420975,0.2622742404555359,0.2981857121673096,0.24796800100430624,0.2421098616117728,0.2360299162897473,0.3043575567604607,0.2996362371606909,0.2676082775929393,0.32417851102523904,0.33450724661191916,0.3033961002671001,0.2552833892974017,0.20093230272118184,0.17817187766352835,0.13284581486966673,0.12435202706883032,0.10180765462425388,0.09003626710823885,0.09016289863602778,0.10061675761575492,0.11517259048696901,0.16324528693819113,0.18505817088748244,0.18888073281293857,0.22552219278858907,0.2752362328134291,0.23996793167884217,0.24145455441414046,0.2418872785341802,0.22872558505489538,0.24483970608443298,0.2585894151792429,0.26706722599972593,0.30056766210316865,0.28773704196485733,0.2628046755642797,1,1,0,0,1,0
0.11645630027170586,0.09607881523551406,0.08687357259888731,0.0820317283524083,0.07748744334737859,0.09522676437888827,0.09194944659716511,0.12490265312728502,0.19169758379599497,0.18581161421298512,0.2006777117105665,0.18800673368447687,0.16882218781538255,0.20050053969781198,0.18590663674562888,0.15502126342783443,0.16620678362618913,0.1721257455257286,0.17779418133032568,0.17439630665776862,0.17350541479836568,0.181295810289882,0.20425478175203635,0.1491638181925085,0.1620142089179017,0.10313631164662679,0.09132077053916522,0.09505182639009087,0.10208977819291329,0.09560208272867732,0.09269580875125914,0.16271521701219432,0.18569097762615427,0.20107385034672642,0.19318357978309372,0.1932402918857595,0.2103166052596247,0.1931997378875591,0.2015503692168212,0.20571537983880878,0.20135066252987388,0.2000534769984646,0.2052410379858929,0.18205801807455804,0.1896767868197776,0.18087108090189427,0.18061274659259385,0.18392822404451067,0.12565922952019376,0.10151608033603361,0.08433526187404734,0.07888476703955663,0.07284595417200834,0.07644824898138146,0.09579981707782273,0.1530612848579268,0.21176262804800397,0.19803104787307438,0.20325125258009635,0.19733532661856235,0.19841527276814397,0.18434705293673145,0.18997765989184126,0.18059570116808885,0.21044796793926654,0.21083085786781838,0.2199026174122603,0.197510507786433,0.18277813733277623,0.16808657851400208,0.16078396014781066,0.17115328062011342,0.14241152366880627,0.0999312818376391,0.08727335144922624,0.07807670339549352,0.07411804522508053,0.07241382362845027,0.08330786253015783,0.14103053960662218,0.18676847387926387,0.1908112939887259,0.17959009385626704,0.17200784221024196,0.1810950027900303,0.17763561783964035,0.1829609332919392,0.18486691367484268,0.18002198457295832,0.17119420251011308,0.1805110314019047,0.17949428537758585,0.197743932433504,0.1848260242915071,0.18360355412822174,0.168662986613643,0.15411367252263822,0.12016727320152838,0.10395927503264894,0.08870599368064508,0.08580187794335963,0.0818541039554445,0.0866200825910232,0.15294526207592796,0.18720098949870934,0.18039810328099865,0.18883810340558888,0.1887037174269213,0.18748088493350853,0.18650427819239196,0.17498648206581868,0.17536603026385653,0.17345749821963125,0.23804342038667764,0.2092749927904969,0.2157733279216709,0.2036376493091372,0.1911040640378067,0.2107809573348557,0.18034958379763802,0.17440137806646078,0.14313130547986255,0.09503685975132906,0.08344022350589138,0.07554755696103344,0.06996829941985884,0.07114878066229333,0.08804355156470968,0.11332100347849236,0.13076577764466887,0.1535971145011015,0.1805518943542426,0.16982866320127574,0.23111059657949848,0.15645508038714206,0.15014817803294353,0.16304482601750436,0.1726003818830833,0.18574255400524656,0.17203052161585675,0.24957264941933507,0.19953680959307743,0.20628219071277856,0.21038931679378536,0.18272660437860366,0.16921974717664073,0.13015508267482398,0.11284307523236797,0.08856123153035306,0.07730793544875748,0.0734172587226764,0.07954788931343301,0.08945919439590884,0.10808507842884084,0.1258834042408314,0.1397819052125749,0.15250681758144402,0.16304197363516024,0.15434398000522617,0.1657774019122482,0.14972870563794388,0.1573849342995781,0.16896935114326353,0.17705100941338542,0.19404227999304555,0.18499582086002928,0.1848900535488949,0.18469236835618372,1,1,0,0,0,0
0.0809608821507907,0.06528856252523092,0.0566481671555606,0.05355308948892215,0.05455914470000687,0.0629888001143838,0.06494990193723005,0.07597598288140632,0.0999921158577788,0.12367854222955192,0.16962625294811412,0.13559634121854533,0.11353052813983061,0.1263349269480003,0.12157073648738352,0.10210013798859076,0.10649309769619635,0.10944399362765446,0.11201038137047073,0.11709596787149729,0.1159015141728246,0.09926175285981592,0.09991674429847346,0.09384247788200492,0.09088508776324121,0.07315971954529266,0.06363399133542216,0.06026136380955094,0.06297383845568937,0.06149976768415313,0.06367847831392416,0.08827866123982049,0.11064212074502354,0.13222330837951743,0.12841102785881642,0.10783141873612233,0.10542225272584506,0.11666056436507764,0.1235408522523272,0.11615554599996177,0.11119055349102017,0.10375502819237002,0.1032164888379831,0.10284935776793341,0.10220958850085145,0.09953565933429,0.10422914100217325,0.11761084566832461,0.07977548538084295,0.06658925903521146,0.05878988077474187,0.054883613358541763,0.05160979523580257,0.05353377327905418,0.06473310912749207,0.0900961350526079,0.11215625639630795,0.11667334288279871,0.11521595591557271,0.10767983591221834,0.13132246214629617,0.11842508355906907,0.11590146700980736,0.1038214894277719,0.10335239028531854,0.1181220060954981,0.12337899515212593,0.10737951926881989,0.10686615466841433,0.10492280207662803,0.100587975182212,0.09450083232307373,0.0812768037912286,0.06648938903303023,0.06166403755259898,0.055017320819716733,0.052762833677167914,0.054138064851503714,0.06099982828870746,0.08273606243394879,0.10349355698795243,0.10133939231632445,0.10106809981532354,0.10002939196888408,0.1071301754485627,0.10632704325839992,0.11315427466853391,0.10965071967682186,0.10700919460645632,0.10626167303452112,0.10460964287666695,0.10751726862317265,0.11621829406420939,0.11231118019677395,0.1093343775266312,0.10067197612011089,0.09428688091563425,0.08479283442047172,0.0838389129002142,0.057291939341750954,0.056332266329690295,0.057164348288356204,0.06550195760831949,0.08456277913848342,0.11032600233710044,0.11006330003847654,0.1177085393667461,0.11122651264852831,0.11723694320000626,0.10505176944270513,0.11187639998390206,0.10704951616741959,0.10253829688092397,0.10892844096656373,0.11797888418862626,0.11052609900438479,0.10714067859217752,0.10458513970100171,0.11101118935482254,0.09562920211794376,0.10140618656488577,0.08411842561590627,0.07272162217161929,0.06605073880414056,0.06332607577769446,0.0638877984860334,0.06318977726057355,0.07084766945457568,0.0811406087359556,0.09580958267086832,0.10010509620548004,0.09884146943649895,0.11115357439576382,0.11808039078006892,0.0974925663318338,0.0965015121846874,0.10269271333680617,0.09034693929874615,0.10264613699243544,0.10207555143609483,0.09779676521214761,0.09888431226652086,0.11085088884758303,0.10920651681509992,0.1018156284306283,0.0951134458424276,0.08301991979101056,0.06462326927230949,0.05995358932828925,0.05727745116766663,0.05426840308597555,0.053785604137709365,0.0615412469132635,0.0678581447174802,0.07855278829116732,0.08370235021692962,0.08447479077528475,0.09785589922270063,0.09356588561054861,0.08672733457118233,0.09003808292398584,0.09315751690717612,0.09786531445920134,0.0971086384466493,0.10581566455956856,0.10834233287671724,0.1028780738377475,0.09782441761127657,1,1,0,0,1,0
0.11070019131752666,0.0934701499147079,0.07610061701991148,0.07593746572003289,0.07531687010792251,0.08530317485782613,0.09604175074184555,0.1530125685017736,0.1690309480423705,0.1839272719101725,0.1829476780211655,0.17928893789488973,0.15451122622404173,0.19611846991456838,0.1577022354059328,0.14893477389864312,0.1614660102750562,0.18514118883609665,0.20547903180490656,0.17699185056600292,0.17273689200780473,0.16396815538327736,0.16661376873612493,0.12110762749340076,0.09895774036687663,0.07857519128496854,0.07503917348303644,0.07380534449792771,0.06903427734798977,0.07433894481291442,0.08956874615535716,0.12974778649282595,0.18089230074611964,0.17079102398513213,0.1753438701719602,0.15227707593948525,0.15396478307755126,0.14710801750546332,0.14958937766743943,0.16265841521223787,0.16707817614468182,0.1749668775480952,0.17107768676027807,0.1716429114846044,0.1479176328757617,0.13773204667425437,0.13236814828849708,0.12288430690206074,0.13077447108594026,0.11200696501306975,0.07510292189651196,0.07414104467523223,0.07492498310412359,0.07786687669104922,0.09130537096067573,0.14614250755003763,0.17621477442521927,0.17393250578591973,0.15158076851139968,0.15270534837719704,0.15591995860539604,0.16087540450405138,0.1422841253099836,0.1554843408088419,0.14519936063897385,0.15228523154434198,0.17528682244832156,0.16342456801484054,0.1487182004976628,0.14658278696715596,0.12885200156153676,0.11354895199808487,0.10382386081404592,0.0846011860906265,0.08487096943195813,0.07261047143953434,0.07258008421934074,0.08185204074957056,0.09325340951317644,0.1317560679240608,0.1881217221543735,0.16206799555569126,0.16121540229932171,0.1519971938386511,0.15226229904237928,0.1486273500177673,0.15759173690064593,0.14946984587243364,0.1701297307127827,0.16328967034172834,0.15831640182319828,0.1711590145189041,0.15511554383021114,0.1439872736948017,0.1468973553112617,0.1218071350518527,0.09640016114364879,0.11286491041812441,0.1044543186082302,0.07061901172522847,0.06939684441238644,0.07936572161087203,0.09134932069418503,0.13289421245688274,0.15965986914501681,0.16886558857446254,0.2168655614298046,0.17109838264253,0.14957463228885803,0.14739503400839712,0.14528937604371836,0.1482204041772141,0.15438773414490392,0.16689398195828203,0.19524702680394226,0.1807422752140041,0.16317095586106475,0.13624052382777366,0.13588158534596653,0.1224866323637046,0.10136627405239551,0.0937449189816311,0.08043738667807053,0.07492748162417823,0.07077079138472356,0.07702328637535069,0.07455219135182668,0.08167840107879888,0.10739086087836078,0.11897126755458444,0.1611098836619179,0.1367979165060744,0.17587741723688508,0.1345617978698562,0.12367263028342376,0.14495487000833807,0.12415191838686326,0.131484095180567,0.13621382069675061,0.13327498776460672,0.14128215656610812,0.13634202070537046,0.13669557772139168,0.13599002852480688,0.10435509478783672,0.09304753429970797,0.0862910328497359,0.07994947393318827,0.07847673060553491,0.07274406142361475,0.06721614612610663,0.07524198979383685,0.08242490042721878,0.09661232328315915,0.11859044586578228,0.12671584385646487,0.12111394250485773,0.11698464681314515,0.12378813450642719,0.11879890774308774,0.13019943573915116,0.1327702360790864,0.1463081200764299,0.12973659836835347,0.14323330105935822,0.1251442555431245,0.11922726812745948,0.12206856830843352,1,1,0,0,1,0
0.11115801531243122,0.09146923039714722,0.08053361291377248,0.07967643122874382,0.07529443997473041,0.09002414441646062,0.09419757141189725,0.19666369478186294,0.19121963898530028,0.1960863129390923,0.23103590142887792,0.24314421268450645,0.2087935484338727,0.2117717589888269,0.1860665773414121,0.1834874909303224,0.1962373432499779,0.19751045472575607,0.23923069701023106,0.19741751999189888,0.1910097217676611,0.22160709331293538,0.19997268721512562,0.16261274798703765,0.11572564419407957,0.09488947965098642,0.09322636666637224,0.0869663951059708,0.08210846051886586,0.08457329350792703,0.09212662083606822,0.1359377069224126,0.2435268211310423,0.24432964681134137,0.2443806674094314,0.2715739896826898,0.25216034327972264,0.21081346462995282,0.24172410012168954,0.23135825636774307,0.26970475337615485,0.2468733446247262,0.22785447139664627,0.24651382759439633,0.2084722741820674,0.22974265915934589,0.19091894419537314,0.1968204015000686,0.1401407102056304,0.10300844139710792,0.09076670339011181,0.08703189588681852,0.0907480536393192,0.093383113616919,0.13347157376306124,0.18601619334123717,0.21004204936726154,0.23955702519868985,0.21999629643992366,0.2789294818238743,0.2231300238895353,0.2172545387833042,0.1967629244428371,0.20051800673125242,0.20607130375592153,0.21858883405168414,0.25219929042666,0.27499327858092626,0.20406527028134847,0.19659989872164946,0.17938196960584035,0.15894756610619684,0.11250832938743473,0.099831152196982,0.09038185178583495,0.08340454993101792,0.08576693499377328,0.09536530916937767,0.10729586558470926,0.14736842618629298,0.20749310907464422,0.1862620258490444,0.23433945158181296,0.22976522505967995,0.21717126889084126,0.2153159892987684,0.20763179219934344,0.1929224457485583,0.21020081653247868,0.2167972454358314,0.24429818563300015,0.23381750216926778,0.2253696025452026,0.19802176149017772,0.2085531553726177,0.1774277988638971,0.13027573169549672,0.13493474705186612,0.09209554113758323,0.07977689106538045,0.07579396436041225,0.09571380502027896,0.12034641715349174,0.14581615193224803,0.21853412680412343,0.23801229488868827,0.2344427787055179,0.2259383629467487,0.23229070709428634,0.20243108338676052,0.20529885635410616,0.1910366732442263,0.21025422989199938,0.2588214647238377,0.25681966196745615,0.2472236417152148,0.23061982389007168,0.20812891104017742,0.22124064888739958,0.17186650698573047,0.15375956461890086,0.1341692056900149,0.11783220314151302,0.1083542339824559,0.09782510559657591,0.09381589359142463,0.08566529528288862,0.09844144996032056,0.13334545659324154,0.18297109103960613,0.24048594703273876,0.24408331528664218,0.24758014299826403,0.21150040121489153,0.22465883269074013,0.24994051513205887,0.19175692009278103,0.20541651255257498,0.20808894690004018,0.20280314761747092,0.19778945963879419,0.20267332514378478,0.1657104159141647,0.14767316967129376,0.13918854234604364,0.12074769300664702,0.12273319062459684,0.10209354470690718,0.10482529398512326,0.08920576688957593,0.0836687400951159,0.08594192055057763,0.10744792077427542,0.12806816310182978,0.1614624660277272,0.1989092189349647,0.1920000444278343,0.19005156293485015,0.1852464790365448,0.1834837180783635,0.20409892014757433,0.2061018886996008,0.18082238130913877,0.18510118853783927,0.17351730861758716,0.17443918015437454,0.20074869630899797,0.1964431062300686,1,1,0,0,0,0
0.11409279507214386,0.07367808957655891,0.06631825455166084,0.06682464915565643,0.06064114776398803,0.06438689258600583,0.07641226794515668,0.13500193991693482,0.1512045097499359,0.12480186105439917,0.12056512674777813,0.11938974522673824,0.11519526655352429,0.11649403746690742,0.11765764478541771,0.13247461846079342,0.13995720396022807,0.15730002867893464,0.16705404822782458,0.1571537963753074,0.151874104883562,0.1422988937255118,0.15627009426920055,0.11618739274010284,0.08970165820945744,0.06803967363509922,0.06385081656095046,0.06538695009858368,0.05795109910420693,0.05928022500365009,0.0679040334764584,0.12572127941244568,0.1642147663887036,0.1477764096265621,0.14714366746425972,0.1372580396590825,0.1312541162235739,0.1342462292803239,0.14109320958748248,0.14499004600187226,0.15027253457183826,0.1735042875836743,0.17547070883014232,0.16100596487015711,0.13702360312632794,0.14084480260657653,0.1561677908067856,0.15042746762780823,0.09618480944404026,0.0743722976856294,0.06036119961675086,0.0573344117934395,0.057728464846309425,0.06263064245397838,0.07878613444894376,0.11346814707669885,0.13033350517714568,0.13811234031748545,0.12519990311107343,0.1345768986059959,0.12027208409204783,0.12592810782252598,0.15667451529047216,0.12046804884350071,0.1293858870405114,0.16864251551001247,0.18762402962526079,0.16226489562903937,0.14610831280131123,0.1507302531214722,0.1575320205097483,0.15025366611699545,0.1050964240170592,0.08614712535394582,0.07595870261236147,0.06799090842810923,0.07071031752368857,0.06773727668330726,0.07652279300443982,0.11475128696517911,0.13936178175578204,0.14125316003422964,0.14548161970073223,0.13307532878569897,0.12145372081077882,0.11519597727112527,0.12462336169911462,0.13464551810417172,0.14279033915756248,0.1435406948920298,0.17568021262491118,0.1815314794551165,0.13471226939080863,0.15281633490100888,0.1281864460014723,0.13897031504021684,0.09473450327202901,0.07911597068850512,0.06438619841883433,0.06231015384425958,0.06463555658296065,0.06492638073427767,0.07197464728616945,0.1130279722404186,0.12734400157201,0.13141826779284044,0.12349346375388759,0.13709705162754612,0.1237793349461123,0.11879224485278718,0.12470779592253006,0.1211170116841265,0.14949493582020312,0.15615268255955048,0.16474808123131615,0.24094081322002275,0.17535395842854434,0.16757727664290262,0.12975317933708652,0.12227841562689838,0.10535494174107604,0.08999294877577907,0.07574993749430242,0.0671561540344871,0.07595703304432301,0.07042673376716627,0.06865191412041106,0.08550513674909564,0.0995040986968414,0.1423617955852197,0.1494325290201923,0.14387772756276293,0.13799930827155624,0.13620091140682578,0.15186420434729653,0.12885830073313975,0.13223238668756793,0.16115488669913683,0.15392223246724865,0.14759940108649292,0.1458453062855561,0.12586260375903327,0.13664311861695191,0.14048746801297599,0.1069248426473569,0.1347416142004922,0.07857619881031044,0.06653425233343592,0.06813770653609563,0.06304602947091852,0.056092156338299615,0.054066988648093825,0.06386416278102838,0.08964503004492012,0.106162703945804,0.13070163304424828,0.19769151734751517,0.1818068974922785,0.12205928884826737,0.1422824582907792,0.14637064967506144,0.119365244569239,0.15716510531089953,0.1655569160387611,0.13831254814744343,0.13556078087639725,0.12514536928326464,0.12418479124984068,1,1,0,0,0,0
0.020163134540037004,0.014487738567235606,0.013222263156715142,0.0136288010091582,0.013020275973721762,0.014765294660761255,0.016357131703421197,0.025241628006277675,0.02961060097059245,0.026673752387264226,0.02790024326058213,0.030169874867549303,0.027571926583366907,0.02573799348131799,0.028707104777938565,0.03177158391801836,0.030424361569147594,0.033843124325361386,0.039228331758045125,0.035020233268644986,0.03241442465651867,0.03024146249221721,0.029684602874648598,0.023826288837364526,0.019710148989646094,0.015311363813240308,0.014925506319128935,0.015895227130723912,0.013933573495678057,0.015184884171829992,0.01669433307542534,0.026292320700763167,0.03128364470413339,0.03601144691253706,0.033257804936672714,0.031082999602658208,0.028683543154119435,0.02766387011163221,0.030463010358142,0.031986815111874095,0.033501822499531375,0.04016013553901869,0.04589793951099072,0.038853047945253,0.03346225899893262,0.03377084817465364,0.03314033885229658,0.030787001802369637,0.021570277176728624,0.017614880992194243,0.015040325251916509,0.015533421300824852,0.015918180634657213,0.017370697465193385,0.020472696362035032,0.02879138397900438,0.030093160756877825,0.028385325518179044,0.02530423494177073,0.027151745620948554,0.0255018503145344,0.028295801560938985,0.031338015119249024,0.026260947211849135,0.028382385581216706,0.03862519466961374,0.04557690042873808,0.036365771487226584,0.033609193964928064,0.03282951315493947,0.030198538569672584,0.02693847451351665,0.021382771731842325,0.019114209903730306,0.01786146527433218,0.01648535764062147,0.017078661081287222,0.01730697162235244,0.019837953188937257,0.026166432844913698,0.03063814154167284,0.030534188906914544,0.03007977409692454,0.030306831402493788,0.025341588103868398,0.027769524645069373,0.029798521518862767,0.03091111835299365,0.03394637204982942,0.03394570006112738,0.043366433211873105,0.038704655011134105,0.029499111921670106,0.030381198319743515,0.026508664450808836,0.02580200357496561,0.01752751372129597,0.016685649008007095,0.01387243285421457,0.013665659438846012,0.015170061884895643,0.015428466257002624,0.017312023647455623,0.025589731509457803,0.02944996535748173,0.028480739813709834,0.026309391014171537,0.027992932848446617,0.02715777355871843,0.02709081833912209,0.029982388709915517,0.028032243982158055,0.03519253806163117,0.038061222639663515,0.04268476939458653,0.046896546720055936,0.03616341775073555,0.03156250507885668,0.02614815909446016,0.023804102306233275,0.020203245599389255,0.01805645490580231,0.017044176781861244,0.015644341892312962,0.017337624509057827,0.01693290078421492,0.01682870669075969,0.019476222678845016,0.02271228008096285,0.03170187436886389,0.03355282579244657,0.030326621242109678,0.030429135907115778,0.027097974811514176,0.02815621489746865,0.027851986639417608,0.028890520125994672,0.030409488021643193,0.030671054994839575,0.028116859190267778,0.028063572990993033,0.02376670866173713,0.025379451725485544,0.02548830515917042,0.02229780397274671,0.023797630031954994,0.017710412424352485,0.01559770773099703,0.015755977991840635,0.015146556424804168,0.014524992146497122,0.014943248530074671,0.016763018353167455,0.020823622623904706,0.023260666780019312,0.025683007929432688,0.031516764988422215,0.03264355353380103,0.023413169454964345,0.02736931285946965,0.028062438443879067,0.02506533756357587,0.030992888606582225,0.03173634658875009,0.027451115073436456,0.026551898678917905,0.025322123429892686,0.023129583051276107,1,1,0,0,1,0
0.005029378647117183,0.004220647243240124,0.004174173226037005,0.004166199879310806,0.004319717323746414,0.005350563191699865,0.00682517570855143,0.010964566156258895,0.013258866349034434,0.014158947382139827,0.013744045094743874,0.014043539357450199,0.013366754447825051,0.0139017653378554,0.013721993795112124,0.017292532764679,0.013879308070236051,0.015095633263857223,0.01642305536226954,0.013794678758280257,0.010345523602863074,0.009152772572860611,0.00789442855829224,0.00722721299556697,0.006072334612454413,0.005302051216665198,0.004987227372464919,0.00577579310278806,0.0053838551651793735,0.006082303307126122,0.0073634224049355,0.012086681112116011,0.01475396687574671,0.015021173177749975,0.01367621199090496,0.013659616206655397,0.013546731334716794,0.01299778430339393,0.014169849976276098,0.013246730376874731,0.014149481662947784,0.016943445170695563,0.018248908720550717,0.014710001007717532,0.010599855624859423,0.009722232533891154,0.00834986223493832,0.00736140932921862,0.006394141732750193,0.005845796003357296,0.005388774733724669,0.0055535608113694715,0.00582203742921017,0.006763955379315364,0.00805292372528631,0.012949617308405562,0.014937940010310487,0.01517651867149065,0.013499913421410221,0.013436058952805658,0.015299827724388272,0.014189690606651784,0.015161708862318662,0.014656360569774167,0.015344560516254739,0.018096378853208268,0.018284530628689843,0.014600792407191183,0.011062155265741025,0.009584695512822379,0.008190217714202285,0.00723612210863359,0.005913758697309523,0.005162836243151043,0.005134983660459658,0.005278377760162808,0.005451692308128866,0.006303554856117402,0.008129914298160046,0.012098322347226437,0.015242507805187237,0.014124341737579385,0.012800151380680351,0.013098186295139603,0.012721515619582072,0.013231273131665224,0.013852050305838545,0.012985278745058015,0.014643476798457067,0.017008023953134808,0.01834894173231852,0.014144911061067652,0.010901112562363485,0.0096528173754996,0.008276987792047443,0.007206577253633757,0.005846730156926608,0.005911430074723417,0.005160553576837191,0.005400290353835792,0.005408349360578439,0.006537634377171237,0.007615831933628716,0.01201449346949053,0.014445198019217188,0.013762767965585364,0.012244366465559054,0.012760770207719931,0.012583654613197324,0.014279556695768672,0.013326705222373695,0.013054689547028861,0.015530793859173763,0.01693173655624503,0.01803733301636383,0.015542154510978559,0.012461153906867948,0.009908850807541347,0.008663149150534044,0.007677736250816197,0.007785993116303026,0.007086566455241234,0.008967200646326518,0.007804769916535351,0.00702937404457767,0.0068378882020147915,0.006814340971721226,0.007776558473951501,0.008047657650176605,0.010965020383161267,0.011093208027334153,0.01108304817570713,0.011218381327839822,0.009374768741137466,0.009542600762941625,0.010181320572645624,0.01001514791989452,0.010517917491738225,0.010050120088331851,0.010161235392159814,0.008350040773967646,0.007469038880169504,0.007428574679626789,0.007613453378139342,0.00868284700616549,0.012165536237689872,0.011729982322539466,0.011537192454408157,0.010455318132678726,0.007168091626361231,0.005789526276870324,0.005718657066443387,0.006309708924097464,0.007978588135437715,0.00864412504378353,0.008650096046542339,0.007974555677777525,0.0073606490566986635,0.007770817623615096,0.00883943917154526,0.00923136523864579,0.009518331482630819,0.010778328354954235,0.009834705371263533,0.008438887616382814,0.007993179025700504,0.007274850143069804,0.00706578851614416,1,1,0,0,1,0
0.005585534035337698,0.004470332421805801,0.004448630787913013,0.004299180227652742,0.004313628549558112,0.005306697241360603,0.007143884120055927,0.011982966075289252,0.014895339111622182,0.016372846114954473,0.015821395927658678,0.015597768463992587,0.015290262562002806,0.016406324537452558,0.01569489921286134,0.019865963918066696,0.01775837038744035,0.017235099552095755,0.017997610441310725,0.015167349018145008,0.012140033680945309,0.010461659686146575,0.009981965756080975,0.007979177786555951,0.007157452627905758,0.005802232754242215,0.005182062766716076,0.005917696267670033,0.005535772587435112,0.006203343462269992,0.00775619149537774,0.013108402604277406,0.016309170559341335,0.016186124172456805,0.0153902311203708,0.01522422016807235,0.015979691244533217,0.0154160119255884,0.01652376555921796,0.01556552462935482,0.016241790689540753,0.019009227025526,0.019171495972731028,0.015583628054006473,0.011370928704887479,0.01083131644321821,0.009550369286833662,0.008711852777092691,0.007233912711525817,0.006814408923193842,0.0056065422724500755,0.005559319260057627,0.005889819059313898,0.006803783159386101,0.008268352179864836,0.013708327139566571,0.016688269727667897,0.01771334337022205,0.015983247760203108,0.015935700413282537,0.01850361491190914,0.017017248047556336,0.017764088508688852,0.017174018129673282,0.017645690859121498,0.020568173795198923,0.01986494927407069,0.0162460753538091,0.012296894094677373,0.010748017590434556,0.009563272423343934,0.007956108658167184,0.0064481567449569,0.0051919576288668645,0.005247087076202806,0.00545897322398212,0.005592391001203433,0.006277298260190786,0.00850188043648401,0.013259723976075036,0.01726198730201304,0.01616470908997841,0.014535426240051393,0.01468227459393808,0.015082801298009941,0.015134771266192717,0.01551644039484537,0.014839349229393645,0.01601876721288633,0.019040106964234138,0.019653646798073653,0.01582130911411544,0.012471143718646627,0.011110483256534524,0.009489932130707469,0.008571953350605888,0.00653491946575063,0.006262509031733174,0.005426379926292135,0.00569407529370414,0.005472441248061913,0.0067681324339740724,0.00779700127739699,0.013030621203665913,0.0161510392693116,0.015543096587236458,0.014344342114852244,0.01462559750645797,0.014547545893367063,0.016548879619114144,0.015048328571305261,0.014928506630018148,0.017436459709016965,0.018470818987040095,0.01969039106455121,0.017229339805343784,0.013529403152949124,0.010998834469527334,0.00919971139637286,0.008703197090141604,0.008824754144423843,0.007817813427566407,0.009610857113760042,0.008460682658363727,0.0072889413907335845,0.006775171339060968,0.00689605766105658,0.00791672625371769,0.00839797553967614,0.011413600680654345,0.01182392594475132,0.013175755419978747,0.011906948903115562,0.010040964159009229,0.010876076878903377,0.011301671850510188,0.01158272015195205,0.012146246701723757,0.011702583715236432,0.01188985300277242,0.009290935994441045,0.008432369369501147,0.008196387402847626,0.008183993500640864,0.009413227655879017,0.014062412708258358,0.01310964235955578,0.012953243792209159,0.011434434420294409,0.007740437702727155,0.006031445189900006,0.005971337544847889,0.006515109465927107,0.008313135075425181,0.009279417939732248,0.00917989111805065,0.00872532889394769,0.00779407786441043,0.008720107260441123,0.010105575491080428,0.010198015383246871,0.010185864299366465,0.012188402973646806,0.010727178801395388,0.009569189733871674,0.009256727429409969,0.008343283150645447,0.00778843525757498,1,0,1,0,0,1
0.030119111538491606,0.02314766321393243,0.021825726598165344,0.019931950327052663,0.018107388931913524,0.020817265651319333,0.02700616688172774,0.04713210481542954,0.06025982834391265,0.07089327831530477,0.07364308409448304,0.06972408833637665,0.07182548837683053,0.07823347297866547,0.07350309136784543,0.07698726717085788,0.11200452491980137,0.07855068502649983,0.08245486806648297,0.07244124156119937,0.07800528040410536,0.06601696335040325,0.07487905884645311,0.04659616045761447,0.0487952909186801,0.031218282130448326,0.025988461434424993,0.025017186385960434,0.024026447258007,0.02600997875579006,0.03126789715621617,0.04965329600328075,0.06283763667840779,0.07034640292341776,0.06954617094187393,0.06840700320327935,0.0799979630789016,0.07509263774930752,0.07910704525634371,0.08179379476400139,0.08054594986006137,0.086226370126113,0.07869027855299779,0.06687369514237171,0.06301057561556171,0.07229052783829895,0.06480776529398327,0.06388528510193843,0.045363197473928654,0.043079119791189925,0.025329357193665598,0.024070332664869156,0.025281505882509426,0.025795871075439483,0.03244151590739136,0.05257231536018353,0.06711333021747574,0.07203532626623012,0.07059846748804842,0.07494304468483678,0.08301548814212922,0.08394353841007662,0.07491109629556696,0.07151876472968449,0.06996191297129142,0.08446374480595675,0.08635466193556499,0.07679396565323066,0.06866325759349687,0.06617222702905286,0.0635246209431276,0.042137565714772354,0.036427018161759854,0.026113430884174987,0.02741344229927391,0.027459922373612094,0.02720837458850602,0.024484490890221637,0.0356118129237303,0.05049299179539526,0.06808041501861353,0.06617685846612852,0.06169700500098097,0.0634896988353346,0.069015587054338,0.06978894395712003,0.06631547346140386,0.07160463116179103,0.06471197545074252,0.07485458546696229,0.07722755058169252,0.07381927555953177,0.06799619773131266,0.06395006538676343,0.05797682822794597,0.056157602700510116,0.03473537704474937,0.027962317757969455,0.02357288998812229,0.02261123094366455,0.02240395305407421,0.024964764694938555,0.026699338215991773,0.04593112073108345,0.06488689255541387,0.06346313772409815,0.06830959640178519,0.06416554109761914,0.06858457728993209,0.07242159531271972,0.07102573792903168,0.06799261907444117,0.07788332100064821,0.07602149723380276,0.0889445298600163,0.07632805965563577,0.06350617706120498,0.05526256591215844,0.04249193218986635,0.04753798754794865,0.040802715716438225,0.03371460958577139,0.0284125801211158,0.03040104436107573,0.02588036136998406,0.02186378155451928,0.025564054262482965,0.02857705439416547,0.036013903710137886,0.04736542706344365,0.05701062105395249,0.07827102987333642,0.0540318372080696,0.044476522449295404,0.05504954766466231,0.05876825112327663,0.0680763784244113,0.06399054595835423,0.06678050265715064,0.06262767481910653,0.051826848533238656,0.047118174345501314,0.04501924032252168,0.0386036340418325,0.03955953677901808,0.04496564642407434,0.03639773945916125,0.03325154632014796,0.027639123252147305,0.027651063918728496,0.024946571938670264,0.028137090748982248,0.029142938686500825,0.03207938003500745,0.041968354099081916,0.042096341312617455,0.043184602820071444,0.04202527782997684,0.04613958495114144,0.05409921440246236,0.04881862669345701,0.043161540887221364,0.056455216429886976,0.05029839943599275,0.05411072505911129,0.053942054567508516,0.052885849254083746,0.03748880164497305,1,0,1,0,0,0
0.021015330120115173,0.01885093521404698,0.021660709634422994,0.014476658430517996,0.01558928474973857,0.01671399887198952,0.021273348902110484,0.030590506785386974,0.037391117568560395,0.04637732368695146,0.03927572175892262,0.04042646639713494,0.04246292423643767,0.042628059048816655,0.03867527211034713,0.042480640912694746,0.04207180804062837,0.04414989330520406,0.044130952945197505,0.047263046437632114,0.04021599045925118,0.04134648289433669,0.043518870560737236,0.03647072612941035,0.03090664059153196,0.02033336128059132,0.018160849809733655,0.017128794392572186,0.01656162823595532,0.01606657741735719,0.01875029713587598,0.029953330349391932,0.03671550406879789,0.04101309886183314,0.04125441792511251,0.039820416892633374,0.04381575380725055,0.04537509745287395,0.03972977405696969,0.03600430706820764,0.038295442096512,0.04496477386019041,0.04548374553848264,0.043673176379664974,0.041289617028756685,0.035698251307060246,0.032205569647608255,0.03237740002242475,0.027269500803424922,0.023569704367841265,0.017141346286206612,0.01643196543622343,0.01660209720888953,0.01810206743867812,0.021875074940367296,0.033550208358630575,0.042503300030876,0.04338815063574883,0.039436678090848505,0.041508917333617036,0.04406089193735769,0.04072624910288452,0.04363960579221335,0.040685299925049566,0.04082982472008101,0.04692785267488946,0.04632446733368285,0.04341815701225097,0.046162970995641574,0.03833241202538965,0.03479372678124576,0.028736572433964748,0.024380537592717674,0.019039648765882964,0.017994726888771843,0.017338005618849985,0.01873579881044772,0.018766442475245382,0.023947754863748352,0.03303907208915834,0.03943622099528809,0.04293931018380964,0.04028760425196641,0.04105447062137067,0.040261045186104724,0.040132757646945585,0.03801829275733666,0.04079827094076499,0.040319095767467575,0.04302933195524823,0.04297780574882544,0.04098129235324656,0.04020735235392525,0.040988698927436916,0.03358008725515928,0.04784440901998874,0.025931836096398028,0.01798384886814795,0.015213830380543315,0.015140022178605451,0.015661226044620422,0.019499806277284797,0.020372271881174173,0.03679072252672985,0.04440459360618352,0.03818701117845037,0.03799712367107364,0.03739688842120255,0.036925321955753154,0.039236997889823974,0.04150431174542131,0.04290427325428972,0.04550865550712554,0.04692827582893196,0.0519357334447252,0.05426960977948234,0.04492817487691609,0.04068161274458236,0.034848190685776645,0.033395087536987125,0.03272681969630895,0.030795260657192923,0.0266308345740094,0.02204696101494901,0.019208062727608506,0.017667051528695455,0.019786551034853616,0.021880883866947164,0.024701590700295685,0.03777340428352028,0.034992625488247296,0.035861556257966755,0.038379221477363674,0.03765132661934085,0.041959733537025146,0.0432617430382322,0.03586983280434751,0.03597520287744167,0.03744443594515837,0.04084693327678325,0.038536618890257314,0.04021436019514857,0.03207094921664119,0.028432180201478703,0.026577865327617366,0.029273155990647795,0.026826649133479492,0.026629776684610116,0.02501035233493179,0.020174696038196896,0.01952735492739589,0.02004768473581955,0.024300350008520634,0.032453107935885045,0.0483159246870332,0.03728915252902214,0.03536247132982259,0.032492597990565336,0.03983524436544726,0.03847376114941517,0.03761309233342379,0.04073756158026967,0.03818273278834493,0.04189946419325844,0.03968078974200627,0.03823152467346378,0.04130613413462923,0.033876593960845185,1,0,1,0,0,0
0.020031830980269383,0.018230191747156406,0.021322130497144615,0.01389446089831226,0.015137527721355867,0.016117105947220753,0.020557240218019194,0.029096042106763108,0.03520192542203931,0.043857884126839865,0.036022283298316825,0.037584648379657935,0.03951999001029992,0.03924669868033663,0.035586193809590085,0.03944100912293473,0.03635598535446715,0.040920973586319326,0.04081195812403351,0.04459020055354225,0.03668370963160089,0.03878405878101262,0.040270482074411994,0.034895511463317264,0.02923313057495278,0.018856262917355596,0.017006756926864274,0.015976408344321957,0.015526915803985563,0.014879133622733305,0.01762342561939681,0.027759604544096945,0.03427272585665697,0.03837397553477121,0.038701500709927096,0.03696246408531017,0.04044421300425009,0.04264221454986003,0.03628701930959731,0.032133299392271664,0.034336442790138616,0.04105515697159591,0.04241183777829202,0.04129896926481492,0.03903258174104192,0.03214335276190351,0.02918624762406167,0.029611099819576058,0.02560265401249947,0.021805049491441634,0.016345088769518,0.01553506073772202,0.015668011004294557,0.017295252215108685,0.020812925868610777,0.03148218431803248,0.03987919298591667,0.04069240395353006,0.03665285922856722,0.03856900369868272,0.040600681685834424,0.03699159741733286,0.04073994326830766,0.03806151351817851,0.03828798400994559,0.04366270386484912,0.04272755824589916,0.04039213056906797,0.04389645897244623,0.035778451762370655,0.031891997165440125,0.026810231634793454,0.022779547691612084,0.01797480368185451,0.016930287603274582,0.016107048200041257,0.017485893408263332,0.01769665589079632,0.02237966987344741,0.03103319440315514,0.036674285129449515,0.0405258303698958,0.03804892689096638,0.03873727390797286,0.03746217403551153,0.03731262610150791,0.03530584386054787,0.03775562241583614,0.037990219319578696,0.04014718883919689,0.03984827999037212,0.03795757152862588,0.03721175781184053,0.0382177598907756,0.031219312719756066,0.0465062332464806,0.024593911903044628,0.016681899732773398,0.013969971529766574,0.014054794891973222,0.014570408090180217,0.0185673230968206,0.0193133489867799,0.03521597743400836,0.042133905350719016,0.035870679681727836,0.03514123224584581,0.03483980112828176,0.03399444116092762,0.03621628683384186,0.03848009750643199,0.04028887424160142,0.04228768783141577,0.044354210944867065,0.04859677346305825,0.05192953219074007,0.043102730789659434,0.03906508259814128,0.03357087217992556,0.03188997913046086,0.031603690581703786,0.030045064406303355,0.026070242928507008,0.021076191500143088,0.018392679180617908,0.017051788265631678,0.018921060887273373,0.02089107839440139,0.023479693843807166,0.03624713503495926,0.03252800407784675,0.03166599372897311,0.03639383819673334,0.036492427620646,0.04014590221929599,0.04141345628465825,0.03291117203034392,0.03317852609612092,0.03428857096095641,0.03850590884637554,0.03685820342630226,0.03908503662209415,0.03036227626880079,0.027128331989623656,0.025070339337671603,0.027654275014038988,0.02571870578058378,0.02584866686362052,0.024490097202458285,0.019312239145113347,0.018748682574598538,0.019160111583103552,0.023571108942125683,0.03185812426606836,0.04803574762446706,0.03622371097754165,0.034003054707721594,0.031209965552868493,0.03885540110418059,0.03676469781714687,0.03623403057285611,0.04014025015011528,0.0364486238520455,0.040805395643594686,0.03810901541292718,0.036554959441071885,0.03974383210266523,0.03312724156090618,1,0,1,0,0,1
0.013614203896606303,0.012149075851377747,0.015205221599266424,0.00963551337353111,0.010434735334250076,0.012345629441906847,0.017283281260030335,0.021664830699248686,0.0283569074261459,0.034150888099431766,0.027348507548612573,0.02976920489842216,0.02979469165523809,0.030761724730100706,0.028932641350536647,0.030584545295944145,0.03040261652111539,0.03147326439457536,0.029856298831984075,0.031241738103790197,0.026304742738511463,0.025263399972379263,0.025442994497635197,0.02232790217656515,0.022074466231397718,0.013742962841090266,0.0113558238461327,0.010360450985745012,0.010535837859780368,0.01232309888998924,0.013438181255327175,0.01844696799918271,0.023827395431500056,0.026653074749654396,0.027988731259986233,0.02706542050398142,0.031751145715159856,0.030530275951629122,0.02614924020261229,0.024378313289023446,0.026093626959753653,0.02906633025531968,0.029779265404009936,0.028910379755410585,0.025682150684734135,0.02163379374465356,0.020384622773085895,0.01970459036180408,0.01608001541882575,0.013764628164237519,0.010445756165469673,0.009887076070328061,0.00999744129029786,0.012223912992882835,0.01597756483853129,0.021577781972606937,0.027194144980503904,0.03045111082697305,0.028070378459136187,0.02888288248003854,0.028053134202063085,0.026660214999166817,0.028943080237927566,0.028479357906053417,0.028872450480589545,0.03388127855603179,0.03515877821996061,0.02940706639963688,0.031298850446320324,0.023998231105572653,0.021933798123099434,0.01826974464337237,0.015066027718195778,0.012417793423079427,0.011528863721230914,0.010664994538144132,0.011446224291205507,0.013177049834359512,0.015738404480900418,0.022094985272168396,0.026482656822399187,0.031332378310261984,0.03093832848326642,0.0292969112850997,0.031117319987317933,0.028367335479260476,0.02954480898860558,0.02948312704803564,0.03297649157652004,0.03469542431738454,0.03609878918685454,0.029540363245396987,0.026717562999288385,0.02745798763245834,0.02182729671885779,0.03013081282609899,0.01696165435001128,0.012145349197292609,0.009497576534712103,0.00948077627812471,0.010192144080423524,0.013007524110990635,0.01439642199838941,0.027126437170646268,0.030749431058191085,0.02613020035572639,0.027562927943227903,0.02591993955430642,0.02742689320630267,0.02776305618618444,0.029011078425337754,0.03031865646647386,0.03349977865522094,0.037800749998059414,0.03951018289034023,0.04255421855388274,0.03334889281228166,0.027667841599849394,0.024236524709001162,0.021988323015691594,0.02083839404167849,0.0203270259244706,0.016860346209863753,0.013913567014789964,0.012197179487743395,0.012276313091244504,0.012717679159188519,0.014751455770249234,0.02101855550470844,0.028805213786650293,0.028369399031249194,0.02488529849292403,0.025923960757541713,0.030180443193083113,0.03072276846034177,0.029460282616580888,0.024866072709578604,0.024983283592107084,0.025626060321971213,0.026756003387809882,0.02603423252554552,0.026709829111733883,0.020668853614138935,0.020251398161551724,0.01771207342620169,0.01805540676705915,0.016117032870687952,0.015197177882726733,0.014280556048082241,0.012156008993102865,0.011852676309630585,0.012653401819491098,0.015812723171258144,0.021023119486691517,0.03348348422980747,0.026415864793867393,0.024927387117844393,0.022872087930006568,0.02793267995158153,0.0277656080650208,0.029057436511810218,0.03032993898169052,0.026686974159313395,0.029212809116984532,0.02879106172098407,0.028053495989604955,0.0273114275041558,0.02213509526010102,1,0,0,1,0,1
0.007091161002195911,0.005078780871465389,0.007585518807732217,0.004545820442603555,0.004719213609259901,0.008149246046893559,0.014323528349617776,0.01777723285136544,0.024224574279312308,0.025706762014540658,0.022067882070114432,0.02559673957387201,0.022656332642072424,0.025232221976765834,0.026189893065718794,0.02544009757262361,0.02631427857905343,0.024225367109242155,0.02111625841084095,0.018415360326427186,0.015284510600261968,0.010608629805253253,0.008858525063892434,0.008662118361035738,0.01325885108482524,0.008435721921190064,0.005238033650255904,0.004824293708679708,0.00498693020592906,0.009284661547951446,0.01176829906205413,0.014445531041677347,0.02051658150733523,0.01752020975562704,0.020636979003086094,0.0215500071225071,0.025322511550446892,0.021226586874104243,0.02035509784481698,0.019607934061252403,0.021188233482469242,0.02129348924392933,0.020362194533365983,0.018917405607842133,0.01240533302946879,0.011660322050145649,0.011877195551730427,0.010022751096115756,0.0074845778022906186,0.005684627092147369,0.0048778870620717315,0.004316901495776824,0.004720727697583356,0.007530833128596088,0.011766585582029518,0.015282083716340473,0.018326803601359458,0.02349820838652787,0.022886230562101883,0.022079517944495558,0.020373823193031087,0.01981505102719683,0.02119716242631881,0.02222540293462551,0.022924978228618643,0.02692650465208676,0.029694337278871608,0.019188972695587617,0.017365875559303343,0.01249028732488804,0.01237155772122947,0.009882273600469211,0.008614245194367962,0.007530060579137424,0.006315633174591698,0.006047075061915997,0.0061086844615752785,0.009756769072489183,0.010310063294346628,0.01732627594506523,0.02120759543701063,0.024933739025207072,0.02604677521671198,0.0227502835383263,0.029471858308501166,0.02286452344361483,0.02838018352739864,0.024930403303994195,0.030468706822621698,0.031984173847713675,0.034406553956265254,0.022563537758333953,0.016125812709846945,0.017396401341916116,0.012235770932831604,0.01163208764682385,0.009557664289578788,0.008370495059540751,0.00534911184334369,0.005423810736118916,0.006075624532968594,0.00888884190333768,0.012036651098165959,0.020373992426913554,0.021151048753665188,0.018668625278332296,0.021363278376685564,0.019905288079761985,0.023120026671395136,0.022020003523463803,0.02149079765760233,0.024140412193806447,0.027518033680471732,0.03281473034072518,0.029878958542799573,0.03323548274101591,0.02333731000679047,0.015280981153958846,0.014375804981434067,0.011870445107959985,0.010016678866451195,0.010703889947237592,0.009464137066617636,0.008311691912582277,0.00662593652953045,0.007660518161314189,0.00664502343055421,0.00953281526546513,0.018106204220593766,0.021708925995829093,0.02384859366924947,0.018623379668639275,0.015560047246194164,0.02234517417587917,0.02097642263135378,0.016443481951519477,0.016754241037895398,0.017249022382885212,0.016203625682329057,0.014690402768171594,0.014188606493650634,0.013407482330652505,0.012421971794030729,0.01388365064728761,0.012143061281045238,0.01262228834383155,0.011749076963109286,0.009013350719085987,0.0073363385964440204,0.0058699359984238295,0.004794433267683899,0.00558690869353526,0.007405390837124243,0.010022814946794988,0.016425144299405735,0.015150109427329738,0.015042343541833187,0.014359751723255182,0.015324621339411404,0.01748785660094558,0.020779375322575913,0.018542359986634428,0.017448074680078404,0.016669100921638983,0.018481257561672026,0.018672286190736943,0.01269270188593412,0.010503165807112478,0,0,0,1,0,1
0.005417672032165652,0.003237961682917413,0.002662184805011597,0.0038429591516328304,0.002151465939049929,0.003601404870887618,0.007326664681030893,0.009695605634375768,0.00983055138166871,0.010402976585675251,0.012430810148318075,0.013199191688296981,0.011024045064151479,0.012803494815603843,0.01374837065162573,0.011994741974644582,0.01277316394747676,0.013318625987151224,0.011696850409004936,0.010736096533696823,0.010179603485428852,0.009698563157472173,0.007847730283228268,0.005253308700650848,0.004838589234265892,0.0037712711244824457,0.0031908072041055696,0.0030885365211309763,0.0032544402287224047,0.004693545293780723,0.009077339025867654,0.011057840363922935,0.013746843325602469,0.015426183446476857,0.017936638824923797,0.01368798978077066,0.013072842854064378,0.012692906281572398,0.012479951507216801,0.010909144230365648,0.011404579872855019,0.01181337134488548,0.011954128448283618,0.011062455204549432,0.010648567416648448,0.009276796491099346,0.006804344032918791,0.006993099167478736,0.006039291775206269,0.004639459755518384,0.004126696987656948,0.0037894972858790914,0.003879700177830756,0.005016383567756171,0.007334945574467993,0.009851852084360029,0.010711425884699687,0.015521252250193634,0.018151146799813517,0.016459717834836105,0.01243433752957975,0.012781397141093586,0.01298348304033642,0.0127512929743449,0.01310326572441064,0.011735841896408358,0.010090248053040415,0.009179614694779542,0.008573031212051552,0.008766393328229396,0.007187508789570183,0.0063643537310835024,0.006079291250680834,0.005740119518362598,0.004415403869537755,0.004477065978148249,0.004593303406287904,0.006489956082898685,0.007174088386478081,0.00927064624976227,0.011172446882187196,0.01126624258248709,0.012613133822133813,0.012982975609699571,0.015243919269506306,0.012369968606580614,0.020791041793301376,0.016985955274853172,0.016743410155643807,0.01593884716719667,0.016188185390315756,0.015701720270224623,0.0097483066023182,0.012259268639780257,0.01004998857016369,0.008694095094100157,0.007808724173331772,0.005320746892170097,0.004079855962104484,0.0045466345740683995,0.005385198864098587,0.007430466996970402,0.009446102123013255,0.009737989881287322,0.010476307325470757,0.010420720539241205,0.010408394127581048,0.011201234517236992,0.01121310987974998,0.012851654585963651,0.010649916734133192,0.01335569413287932,0.010988677871972696,0.014051157777056521,0.01648731995580353,0.013325462890769794,0.016547671383933125,0.011015977334079706,0.010173954753249245,0.013801748224513678,0.009489309086190823,0.01002599824111257,0.008498586764941998,0.006181092494932688,0.008321739310807515,0.007083707526025012,0.004771904806275793,0.006397603986348863,0.00989174925650321,0.01516362241785932,0.01076676562718007,0.01066909032235637,0.010265221117411362,0.007814402673963614,0.008302552080565148,0.008305313598890559,0.008101605552389571,0.008718659607450266,0.008835020750741177,0.006419590498792768,0.006825787362071517,0.006375791193280378,0.007669291967082499,0.0062908052465393315,0.006972770889542313,0.008452589691482137,0.008851234369690163,0.007049642313034453,0.005239065812757062,0.003773995145782285,0.003599253118203952,0.004105972810065696,0.005814961092790244,0.0060424918472473275,0.0066126665603635235,0.006803398530400154,0.008623105319511583,0.008444188903230235,0.007619929682183642,0.010840405335184234,0.00845320697050356,0.012235806934338176,0.00813363235053246,0.010851522220747789,0.013295556341756453,0.01506830485037374,0.012114290412071405,0.008142822105399966,1,0,0,1,0,0
0.08008635879966917,0.06959667712211542,0.0590490157002666,0.05156114227123509,0.048845298846818354,0.05932001041078673,0.06561586733795467,0.11319788065442825,0.20140610838757894,0.3241634666028233,0.4018628600255287,0.4239875219693151,0.4779806738399225,0.435234819973851,0.4465465415424992,0.38089371136031347,0.38347209328995724,0.39002200711531293,0.3422393198593076,0.2829840950032529,0.1957108528523817,0.14029908142583816,0.1338393444920284,0.10996176731382058,0.07603113945477961,0.06608683730493772,0.07167240591353895,0.0606824977212018,0.05679144094814152,0.06051749262729838,0.07220798709523468,0.1055372195235032,0.23544281668325798,0.3755012924368945,0.47253915863832224,0.5422610400662927,0.5442206752741467,0.5079104658443602,0.4461805472139447,0.4521293415453998,0.39207192710992217,0.437681466718115,0.3357334025286884,0.28725375050580926,0.1775117231467289,0.14347498901807942,0.16213323231145782,0.13789609506261846,0.10107240252954672,0.08032802339184805,0.07160630819300143,0.06612004015677249,0.057806593969333776,0.06211890641525048,0.07042482569295722,0.12515208917544499,0.2036108196294396,0.3941237547613785,0.43466762751646004,0.46860263157856935,0.4790246059648722,0.49510829831124364,0.4431186236266864,0.4029049373905326,0.41571274934002467,0.37064691944301675,0.35133788345743316,0.2648243303813079,0.22046576055503408,0.20908228227736964,0.18628125693367342,0.1623697054728753,0.1162268584481688,0.09375378994843978,0.07585924764794433,0.06965470647733189,0.07123963248969134,0.07642434860972613,0.0843472002737412,0.1280840937008192,0.21206863358943492,0.39077041902676285,0.46403150390298986,0.5003345339831407,0.45252206875990963,0.493216983386002,0.4461129364419302,0.40258449432453314,0.3592856211772774,0.38130257333121104,0.3531074844629613,0.24925352355473704,0.18848945262948308,0.15060448892866252,0.14728184638854364,0.14777663770624286,0.0993284618726596,0.0920053881623832,0.07572303192404334,0.07149169659137382,0.07195049618369899,0.0715932950753324,0.07976063715494658,0.113512463566149,0.21514605297464828,0.35656909547867355,0.43126083862665915,0.46074164386762756,0.43154258181816807,0.4306040221704135,0.4356776030618447,0.4182016004861069,0.4059835449404655,0.3888593844177425,0.3025103639112125,0.2632458015695236,0.2107287389970645,0.17751018185381978,0.15703654352178487,0.14430126421304662,0.09951951259279283,0.09070807033975395,0.07012200944864969,0.06792499760639716,0.06326492031325152,0.06134588502718116,0.06388590813994759,0.07797480880738947,0.13632599950033056,0.13986660430467943,0.16755407132177458,0.19352603061383788,0.20260135177500155,0.20055105655382932,0.19293851273484158,0.199568487131781,0.21207321926164407,0.21018502293032648,0.1941351315529538,0.17129323994547088,0.12695302844847858,0.1236978099458198,0.11831596517913254,0.1031476682830991,0.0931761411833829,0.11510133408666776,0.06941737928517586,0.058547002310793274,0.052546902309136,0.049583962932664434,0.057228983628615025,0.05483758552300363,0.1727149117420476,0.08553408994026793,0.14403016315086128,0.12986744077699594,0.11544163539242566,0.11740977799238791,0.11499898345123707,0.14751177353990846,0.168472850316768,0.17661243719068545,0.14717181624567555,0.1374170560423684,0.12418896697945725,0.17542853611374867,0.11304494309984485,0.1015182230796951,1,1,0,0,0,0
0.08676517689315717,0.08478758294431304,0.0666240671426681,0.054053136065872094,0.048448663006647595,0.052641684132490506,0.057575727623841236,0.12448850015297405,0.2774802548145319,0.4772815483885222,0.5295309309911259,0.5671383947397014,0.5253886595241042,0.5844699665195006,0.4652631575555877,0.38436228422910224,0.42692497634995685,0.3492808453302724,0.29791160368261954,0.2535161059011806,0.23588285906681353,0.1611468289146672,0.1555595669705026,0.11986218123126398,0.08612893375277815,0.07064251884074094,0.06739199694652034,0.06264664493443577,0.05851453296619754,0.05621512444838357,0.06333819529273549,0.1537164163484821,0.3144469254128789,0.4764752723288914,0.5603036223882182,0.6004527081040083,0.5786664232263882,0.5369043042416789,0.47025817943327747,0.4194030738070413,0.39666747501623306,0.33847013244226487,0.3267207885474487,0.23989322579089334,0.1658729098828617,0.13405069738786957,0.1553444501021981,0.12783884998140416,0.10949554897011078,0.08683039378020523,0.0777345399814441,0.06419982273556574,0.05451660292408064,0.05782784552924737,0.06890116701256592,0.14608169262823775,0.3269299702915853,0.4851900447971021,0.567343727072552,0.5865870235055565,0.5812933005444374,0.5503393182875764,0.4824316192705838,0.4464451920100857,0.43812736210738684,0.33520145177161675,0.2870517275668668,0.2646471900761052,0.19584294965936486,0.15959131206621593,0.20598110958937832,0.1496251168472417,0.11299321014296314,0.08797182650934439,0.07314680787003164,0.06559610018972417,0.06490237426868631,0.06688086305307099,0.07190150112498436,0.13129501064476545,0.3393275114697591,0.4557531040600557,0.5711611333519391,0.5864702314178977,0.5384525931418496,0.5434773410425267,0.4506820843668647,0.3633205789452644,0.34094731881330964,0.297214031927561,0.2913219780287288,0.20521119905518515,0.18906053110063695,0.18979894365369607,0.1590695999575466,0.13604611115438695,0.09108284734726077,0.08351816417316013,0.06950745453620832,0.061237671157737726,0.0529408690690455,0.05592327472795332,0.0714749004364287,0.11686495211027914,0.305750954917833,0.4213203345637582,0.5211251577341479,0.5838831346964104,0.5968196937413126,0.5094657703935791,0.4490342126952165,0.38007542032285774,0.37378253398228445,0.31062906081249914,0.24021827455671885,0.21602137517480063,0.17343412670747396,0.1160402258893154,0.14868370317309773,0.13449436273278034,0.09797162224086967,0.08075236382726808,0.07294480660417212,0.06758501769367757,0.06069068991772532,0.05970240583798702,0.07303881447054263,0.10032465528550293,0.16543509029060377,0.24270390642045564,0.2283682107305132,0.25884246176522235,0.23996127866009953,0.19812771540832083,0.17815904429238197,0.19291374516022422,0.18622276159398976,0.22338469392727808,0.17334505386997492,0.17353337429979435,0.12873729277204515,0.11624971852633635,0.11428466026154804,0.10922397255946638,0.10483840432685614,0.097597867344294,0.0647510244727568,0.06191167744433722,0.05990655479376529,0.059958755133509886,0.061496440711534955,0.055039819790500266,0.08787147018937835,0.07702078594934522,0.08956690773490857,0.10925814499887165,0.13307411788932405,0.10243554222813409,0.09976225364607154,0.10798726368149739,0.12572459511252262,0.13929444007273778,0.13541071118572826,0.11117685988700741,0.1073437423690342,0.11403491354957963,0.10773538491492429,0.109972914402457,1,1,0,0,1,0
0.0428484667338412,0.037915460139923744,0.03140258732894167,0.028593712744012924,0.026267152732151723,0.028873766223787258,0.03085031273964193,0.056820358447090775,0.10589781929145708,0.1765425860900936,0.1882412065828766,0.208780830820067,0.1846759668759334,0.21086299621277899,0.1814282099570525,0.1644802379819538,0.17463703573834286,0.16465592654827688,0.15066693941822806,0.12659539059891317,0.10537172472596128,0.08183877390818088,0.07672297211246866,0.05898073460045616,0.04184041641987199,0.035604224113520606,0.03205742466785869,0.030326621763820602,0.028178443688251183,0.028637709597348137,0.0332992923821831,0.06372580385344595,0.120923796507353,0.18050889884035184,0.20679595177213855,0.2277505541684398,0.22046598140428605,0.21139501226974158,0.18919615510289936,0.17810887408841283,0.16709230537363332,0.15894162869608658,0.1504272835828121,0.12547190503184338,0.09283795861921182,0.07741607632010016,0.07399876928120401,0.05872536783218349,0.05399452877754025,0.03953220676931598,0.03412486110290824,0.03048208835959518,0.027594785078866202,0.030377207363162677,0.03392935988990968,0.06740350882832406,0.13818315846919207,0.18933313361677123,0.2563696853326303,0.25289260611664166,0.23180892960422725,0.22851095117408068,0.1925910067283356,0.18318375716338098,0.17959252370968876,0.16215186013786873,0.1473239833771041,0.1224275441796202,0.10145781771923328,0.09041138943558284,0.08363695916821028,0.06527548467415754,0.05385720657000656,0.0420110422480096,0.03419956898207138,0.031322446402181674,0.031112183689749683,0.033063692092173996,0.03547575054303012,0.05803707291018593,0.1323131167843781,0.1749441230424331,0.2088564018853812,0.23276904678063437,0.20463560590459268,0.20171083929232533,0.18830133472034624,0.16699833012624135,0.15662622631181336,0.15050420278087276,0.14797575925829157,0.11991580760849871,0.09634021884688677,0.08845156060457107,0.07473419775876224,0.07517741993861402,0.04654538172705521,0.037587926344213145,0.034703042853634174,0.031635862326620995,0.02750273734480816,0.030022518039373725,0.03381902391460069,0.05795857317075912,0.11751751158874302,0.1668096552652672,0.19753761595978733,0.21131133084550666,0.20911322291582948,0.19643118088963415,0.18049136787893905,0.16308066253695677,0.16963253426000255,0.1553800495963781,0.1265523830311334,0.12099980657536397,0.09219643847445246,0.07695973876104457,0.09020413125613429,0.07733478544309896,0.05439581929796236,0.04524113485978319,0.03885472801332679,0.03465731408253919,0.0326782788550105,0.03320638321110721,0.035110498507104244,0.04583606402340936,0.06318423620871699,0.08958524275050486,0.1007615038295234,0.11561973236596813,0.11440779258114078,0.09803691613655964,0.0855409603776789,0.10974621090239074,0.0967127183539613,0.09565598631272136,0.09241312156967559,0.09673522526222783,0.0790297987136977,0.07417428801537822,0.07688725254406938,0.06140091086522228,0.05597570279630652,0.045430412460383436,0.03720125180905888,0.03564602327261215,0.03272033343827227,0.03025917067961189,0.040731409931781315,0.03233388455730864,0.03900900714749543,0.04475860332401446,0.057138302970520985,0.07087147718805314,0.08034096507751719,0.06955653153160715,0.06635167398902382,0.06708593526086801,0.06745280225294575,0.07118661283562867,0.07109793487388681,0.06443126046475921,0.06530447500467115,0.06306295108914879,0.05896969927055299,0.05638767718181788,1,1,0,0,1,0
0.017314647632829538,0.014069238040282702,0.01261203048917612,0.01152570541686068,0.012262614210260354,0.014006820051942018,0.016304958458335406,0.022311696455174394,0.02806186981335204,0.03695808088478846,0.039971240209950534,0.04650432721132042,0.045652926343540845,0.053041382700503105,0.053255185880191104,0.04734827061470908,0.0529023984731131,0.049858791756062414,0.052123113590828295,0.04766151043025969,0.03776008272141554,0.034428167663618635,0.034936418962863154,0.025141220092992536,0.017528976661307205,0.013319458871257421,0.012716043680457275,0.012500126326678096,0.012131961199204535,0.013686027237549619,0.015909812791527173,0.022428648997859995,0.031850572506750024,0.0422915313194448,0.04731094553719781,0.05096948931254285,0.056190262194490026,0.058802606850689616,0.061308376256913155,0.053819717274105235,0.0544399246325436,0.054883238905339034,0.05137860910617752,0.05320452812910283,0.04092108820317312,0.042173263410524395,0.034092908541677944,0.0303651130767087,0.018616731280268764,0.015589637690579526,0.012797177043896407,0.01307812405031167,0.012291174298548148,0.013758785114873157,0.015432573005741268,0.023485271135983064,0.03182564034188221,0.04498433213710368,0.07017980920596523,0.06136906781524978,0.061815869241502217,0.0647377772021776,0.059013388216935504,0.05715293619954647,0.05416553280070576,0.05852701038043305,0.05457666155229308,0.048363515772422594,0.04796187166111161,0.047079370234232094,0.037491215410146383,0.030636682612605468,0.021742443750039683,0.016312442191655736,0.013631865024740049,0.013117716470687317,0.013173137115650784,0.013427578217639817,0.01627266404605596,0.021436063834673412,0.03147364202002566,0.039799946970646954,0.04161673583008817,0.047998148024935135,0.049825979164483475,0.05619996749699332,0.053287148996784876,0.05057597011596242,0.0496937109733171,0.05193029877105465,0.05187233926489216,0.04966706579955544,0.04074501828346922,0.04046814750240695,0.03462437401864609,0.02896202696285173,0.020209203092849723,0.014853779132988416,0.01297094188716821,0.013029968940490607,0.012007461911966773,0.013785696359777201,0.014840515788049232,0.02149616539003229,0.031245638654060555,0.038817143105751475,0.043421866668587515,0.04831592178112772,0.04801411422138643,0.06187278831333892,0.05416055479520638,0.050061692908533566,0.054714120465211034,0.047195454140960436,0.050708487888055764,0.047586798293030724,0.03793134941689489,0.04494234684297158,0.04106184663054247,0.036123681520028164,0.02643140826617849,0.018637622503275893,0.014088738343128973,0.014700181957829274,0.014477267687899175,0.015094646974997667,0.01576026214439548,0.017284218520941513,0.020323459382306747,0.0281560657522725,0.03502457766791318,0.03810417004530241,0.04255439236714779,0.03865678624138311,0.03508769255032159,0.03795695426862507,0.04173329542254551,0.04430856743181557,0.04510005786197499,0.045187272812678175,0.0459712117034187,0.043423786296276225,0.04376427388155671,0.037785155680890095,0.023080996030190714,0.01799857145299988,0.01653241612257342,0.014793648302681749,0.014353312026684498,0.013379140154759984,0.014672245771856713,0.016270921279291452,0.01850462919714196,0.020723880123049158,0.024687643315323547,0.02716374847194945,0.027704675883080045,0.02931650808279232,0.027549692008691774,0.02842480231236544,0.03171458888822528,0.03395876857951742,0.03204022194678477,0.033374446655097374,0.03622797561882399,0.0401831109043612,0.027887988204605474,0.022381989777486205,1,1,0,0,0,0
0.057012722850273215,0.04447533870263683,0.039207461311710524,0.03547816206284979,0.03339896246555534,0.03452670973919968,0.044107844476075915,0.06175620959923969,0.1009914205756055,0.1288635452579763,0.15292456667009288,0.14455974788601894,0.15900297111390604,0.18869668776979096,0.17090419608633053,0.15904693924258378,0.15145672216907172,0.16987557059706768,0.1420039116922421,0.14164903967627004,0.12118601670345687,0.12178156423363855,0.1056781858515409,0.08344239796648015,0.07009589775111062,0.0495522562653345,0.04740151118067557,0.038582068428402866,0.0367742010924933,0.04136987023350322,0.05006480632816226,0.06850927844219425,0.10404599578664171,0.12996454819457934,0.16573210970812538,0.16579370403899676,0.17634339390350542,0.17523990116724478,0.17716491653982772,0.17909417713102524,0.18034437600912312,0.16486270881924187,0.14277284139735927,0.14027778377178876,0.14245609238391416,0.11758139038700599,0.11108350390477326,0.0897718374692558,0.10052038770507496,0.05541505756690864,0.05154959267813276,0.04183996733201433,0.04025866860836245,0.04063477830035799,0.04791142296745143,0.06967392613427312,0.13282241461683467,0.14652051156074394,0.1652638962389855,0.16489695988474937,0.18816401247481265,0.1877556960649994,0.17986026198938734,0.17578824824136277,0.19123008536207128,0.17381857102599582,0.14390987953268713,0.1368320314388723,0.12965226116325618,0.1380149394335598,0.12249229832151816,0.10616322000625389,0.07190543441345199,0.059426230487681454,0.052188605877299954,0.04968742583683447,0.04589876477439955,0.043777346789566005,0.050766800779419446,0.07136566771826158,0.12461902474140216,0.1346496348739112,0.1617649059540935,0.17051967537461754,0.17603296326324663,0.19148906340782987,0.1752382533001059,0.1792331604247419,0.18037706427460734,0.16061322474310832,0.15552575349277017,0.14303500310315279,0.129896535122784,0.1321406545994091,0.13173441732810856,0.1173578841246249,0.08445417543026822,0.05380220401683504,0.04615821874573234,0.0418301600566594,0.03979677437185854,0.04220358452100325,0.04658736789852375,0.06293565899920649,0.10644155283288484,0.13344847373167076,0.16107178096073205,0.17127290966694464,0.18090792869299913,0.19560057743404868,0.17875357262114405,0.15894563302472262,0.16208437377123844,0.16320579017363027,0.14948210591251618,0.14629827451185276,0.1412690709166723,0.12791482755227138,0.12881720881561137,0.11234812851743271,0.0780581236771021,0.062106406077544356,0.05233356946464518,0.04703450087965221,0.04323870194692384,0.04333539579897578,0.04519431077449735,0.05616520409747573,0.07515375303182496,0.08799998392551793,0.10333883590913473,0.11119246993137807,0.12530508107497992,0.11939110089462825,0.11368658517490929,0.11777545497577,0.11159058162460421,0.13795416619237744,0.13595700974571914,0.12184175106863705,0.12005496697964883,0.1471032837590876,0.13026179945072702,0.10038431399558286,0.07638074958522013,0.06372390617910446,0.04614877402808179,0.045640478819714586,0.041235426771409414,0.03928828113232761,0.03973513250600682,0.04357452204885739,0.053135641387549615,0.07358830387276072,0.08158694812155261,0.0823882838270202,0.09487130750160669,0.11888077607234854,0.10487679379182313,0.09893623241197168,0.1117944326895278,0.10121610090832589,0.10421823419348995,0.11162557557158063,0.10954298685221438,0.13128705913412583,0.1178815261199855,0.10196483489256393,1,1,0,0,1,0
0.18995796161243686,0.14583946609688422,0.12727004199059877,0.11283356731573592,0.10574974592117518,0.09854534730417172,0.13161623063224093,0.17632823488279048,0.22598543783311817,0.24068769588276387,0.2697599764632895,0.28132001304250687,0.2982245469173516,0.2996736588715994,0.28278590657466757,0.30254007459728655,0.2761186485767267,0.2728811296202729,0.2609140248259453,0.26879003833957693,0.25634106129111545,0.287894348047044,0.23350671311266621,0.24252616078673742,0.21804531661457835,0.15015400279224234,0.13276181329218073,0.11423316870524713,0.1146439043917475,0.10884419186709296,0.1196681022411851,0.19622769043492724,0.2493864355048999,0.2586182100059172,0.26364119837079675,0.2858012230606059,0.2827663605393352,0.30349559633664797,0.2814705197563995,0.28425578915665534,0.2892308218302129,0.28936560521219723,0.2827032322876732,0.2585470427192979,0.2590920963536905,0.31554513922163335,0.30956341708336943,0.2101856953116789,0.19705179254147165,0.1423564163866429,0.1372205263190512,0.12335682230160928,0.11214114067598624,0.11122795060276537,0.13547459821934899,0.18700680324183472,0.28567178241305885,0.27023484761846683,0.29362072527399397,0.28456190291368716,0.29585517631100866,0.29633453273367805,0.29812085314227976,0.29401839043779315,0.3035183421309185,0.28832123104808893,0.2700867680263853,0.2658258834076861,0.30274059106271967,0.29457258579279844,0.27606233849874784,0.23316124210746286,0.17820434442582347,0.14227013445431883,0.1367836878211405,0.12507792509800983,0.11679552789945521,0.10498075952327403,0.123695873430716,0.18561231567605152,0.267882064075059,0.2713880490415954,0.27986455221056056,0.29240117294885704,0.29489361660363966,0.31459518196737885,0.32617374250948444,0.32976516187634425,0.32275069434083786,0.3873343066488102,0.32496943854467136,0.30657421443519395,0.28428605407987817,0.3106278960658749,0.24487229654323198,0.22138808100758614,0.24970961931020333,0.16736901306304627,0.13149020248839327,0.11762985456210322,0.10994754775747334,0.11133864249126912,0.13628649936274997,0.18062446501596752,0.2607063243774898,0.29020237785436814,0.2825442009195989,0.28726692199165255,0.3026428787480756,0.3297008486961953,0.3337072811101606,0.3035846544164732,0.28335250942558937,0.2931910112143451,0.3474582154137074,0.3182710021756197,0.33797520498420797,0.37728477196426496,0.2926852036925567,0.29011580491615896,0.2044167834449939,0.16800961465695144,0.1275519266971369,0.12353790999980566,0.11749711068581747,0.11432307125110296,0.11973554507174929,0.15721451400660205,0.19893791119492332,0.22092142098160822,0.25798072796090377,0.287823317995869,0.32659895311247705,0.32787193523919733,0.28842894084898024,0.3970799586593451,0.3069512119324776,0.33161861892819766,0.3398254882198586,0.29147043996604377,0.27100081038300544,0.27869859285459603,0.25767932571602725,0.22564581259448194,0.20535392724846743,0.19553558647171163,0.14574860410491683,0.12773949687765665,0.1147102181875982,0.12346802010069488,0.11101970137654671,0.11443334081291356,0.20888168607834395,0.209652769517397,0.2335620373898482,0.20236556992789892,0.22889762634622057,0.24599617416988429,0.31153767071019167,0.24149495039096086,0.3992833722338061,0.2338465875956455,0.24334500854216437,0.2988211960729317,0.2946498548973277,0.30742337899280403,0.2643481670893208,0.30726188007287286,1,1,0,0,0,0
0.13046943174308465,0.10847035578146329,0.09190219479061776,0.08457119687531005,0.07787317857962611,0.10857044846766263,0.09723450660888115,0.13405756952917025,0.1846611489566271,0.18852493039977364,0.18492755976593706,0.18575635317063705,0.2040288505965166,0.22085411363950433,0.1941439748764199,0.16110775279160838,0.16549233465122437,0.1739248940821014,0.18160097197274658,0.17116178821073808,0.18297872803260298,0.1758302805693616,0.17600504546589987,0.16903823539744775,0.15928533205102793,0.11529578997400199,0.09683766848819807,0.08662932419194475,0.08869230133496399,0.09238705987460688,0.095483008250047,0.143554282255625,0.19699102092394272,0.21258386012162733,0.19227294760531063,0.19223131955547207,0.1854634788753937,0.19809953749367856,0.20639247856946585,0.20350382843189693,0.20662280799579683,0.1888307212910263,0.1791432630136435,0.18187928603212516,0.18781429119679396,0.19855681838951977,0.2209990234356721,0.20683561076728635,0.12757948835429153,0.1055378834872974,0.09496820068956519,0.08934116489877282,0.0778666741699476,0.07584057685899548,0.09331580021677753,0.14160033982147105,0.19407042250167045,0.1940175379733444,0.1955144735472841,0.19101986620225467,0.20733404684214313,0.20474287560753976,0.20522364069552565,0.19269059378722866,0.18313956765312864,0.18925124109539948,0.20947919545278446,0.19769794611404232,0.19866733568552192,0.18802525360840514,0.19144044272877872,0.17645387765258352,0.14025845010826016,0.11398178121999811,0.09912795696444124,0.08516413841171627,0.07654051643122066,0.07486312700892557,0.0861886281297582,0.13436765788645105,0.1826831824066981,0.19666390689180446,0.19098218976023318,0.18899848023980326,0.20295670598968785,0.20208306889429606,0.20690174240547424,0.19227714604515,0.18764152645748303,0.19086792566004301,0.19035314918936,0.17748364132920913,0.1884783126600429,0.19197553160270975,0.21249341168038924,0.18495869862481493,0.16036699785064198,0.13281965251553193,0.0966481286031935,0.09193801835891677,0.08309174648885854,0.08691318220545506,0.099310084140225,0.1448039653063507,0.18438774860638213,0.19575912656993202,0.19768281558628603,0.19301165434894121,0.21808252724543925,0.21320871687151466,0.206966357396025,0.1925440033233091,0.185746726759297,0.1911577070096606,0.21418833736449958,0.20804400684633784,0.2000998876672954,0.20316391816121268,0.20835893709086403,0.18029605970154747,0.14880180259831952,0.13036194739396964,0.09926072706495097,0.08942555679616682,0.08113205330052643,0.07745351332144876,0.07673304624774886,0.10078899316574744,0.13512751652181326,0.15414556962857748,0.17060497832853277,0.18571894762140165,0.22974210998591324,0.19937804519507973,0.18114648503791372,0.18980380523904278,0.19678902417582528,0.18414238270128525,0.20063460161849453,0.18027153824265735,0.1904983264006929,0.18432941246052525,0.201248953381526,0.202490420787153,0.1912521072225579,0.16085798447782498,0.11516902520502886,0.10799381545353381,0.09197863867664158,0.08733366817457491,0.07787070625381365,0.08423986801513142,0.11069476196777607,0.11826943579243467,0.1426981266766295,0.15782615720376714,0.15808188311997415,0.1642381891777671,0.16687461644529375,0.16597831664326881,0.18510808544566168,0.17249055641168584,0.1637939720603298,0.20255914066357258,0.19119364318310914,0.199752179850081,0.18215593812992142,0.18530040738881498,1,1,0,0,0,0
0.1316188885250027,0.11176951370925492,0.09787194659249246,0.08781294337769446,0.08137347824395563,0.09217060830851548,0.10284357309668442,0.1319212396000824,0.17514119572427647,0.1993828810737393,0.21238081730504643,0.19210382381063942,0.23102410606601612,0.2285412001436284,0.1821214880659938,0.17180200108723634,0.1710260939832097,0.1820748940169178,0.17771887930869976,0.18054251484882716,0.1906238085928854,0.16706587401690365,0.16858723373856607,0.1625894650281184,0.153761097600368,0.11797726474897484,0.10060577265597749,0.09357297788566951,0.08890668961259664,0.08921881083050268,0.1006052688772772,0.1405497700174907,0.20124147828253264,0.21015352563993817,0.21142977362882873,0.19699359874586167,0.19330232020671906,0.20786704298933503,0.18385516474878216,0.1777053678711405,0.1666078683495324,0.16853169252274752,0.15818379095048918,0.17254138367900584,0.1666092629948641,0.179492403381132,0.18504060911167913,0.1768062767070389,0.1342813671854377,0.10544196513618319,0.09310217761007192,0.08507239209461623,0.07836663414253636,0.07804059304304428,0.0973238979044395,0.13502126737039516,0.18934043790286342,0.19176104369739272,0.19134209129314841,0.2056205231800949,0.20490802741496417,0.1981423330766108,0.18563743640950126,0.1770456906131921,0.17180340132454686,0.18457713851855648,0.19720286322567496,0.19159829153926397,0.18867907696797798,0.17673254622349774,0.1836612400807046,0.17551761602880037,0.17007570047670945,0.1288915832395245,0.11790039736312155,0.09278822755651572,0.08377583877185989,0.08250433532596442,0.09218997434560855,0.13987641967618372,0.19176588996960142,0.1945445562920571,0.19921303167374585,0.20551323436818286,0.20023391140284105,0.2037043957802579,0.1860891398964626,0.17527918314638316,0.1739591191920749,0.1774156416716448,0.17877888365992461,0.17286719323612362,0.17279786920670467,0.16447030126274134,0.17961762607903012,0.1959820578579224,0.1504508012264054,0.11896096196298957,0.0971879109971563,0.08792004246805463,0.08265772695223379,0.08844486869696742,0.10598638977781251,0.13293783481413163,0.180276619276027,0.19317063657187844,0.21632137419126182,0.21285209557351045,0.21085601034068305,0.21057892860074706,0.18717305115352115,0.18201615595052273,0.17283593625796106,0.18271423139744983,0.18432962257773428,0.18216889945446046,0.1767056624440628,0.16951688173316445,0.16313467330826753,0.15398807045360846,0.14184028289514694,0.11849386158314731,0.09443624086944404,0.09063233401877373,0.08829867267354932,0.08128794272274356,0.07778646443997174,0.09591001526036656,0.1313819931673046,0.16287872932532138,0.16552868918479188,0.1757375525356623,0.19566100537443334,0.1637176448751139,0.15938554055672507,0.15616448682619266,0.15945796742452742,0.153985956444858,0.17426881326528107,0.1608946211665126,0.16648351853599566,0.16054970997298246,0.17547211168487134,0.16870501201718513,0.15206142018410196,0.12967579519407027,0.09466058402423032,0.08723465236863485,0.08773050325039229,0.08089287359926567,0.079425667671784,0.07952726799521193,0.1038615590594507,0.11075346729479381,0.12186672219297241,0.129767278162547,0.13249695961272526,0.14793868787750147,0.15353974670173082,0.18248147749133498,0.16062644625906317,0.15665962545034806,0.15699414053709715,0.18149803938618259,0.17687862976203397,0.1780855075834757,0.15625329994879777,0.16314364440993082,1,1,0,0,0,0
0.09903973303532826,0.0870713584517047,0.07582657822470108,0.07031169311058023,0.0746692165333136,0.0759168146736464,0.08917308680137498,0.10542356622738284,0.13660030825841318,0.12957558801381205,0.1932524514821005,0.1468254153721488,0.1646714519604551,0.19456636312477685,0.1458705409323435,0.1479613869302159,0.16867283549942327,0.16209534868103687,0.16830831245368535,0.1933796074309677,0.17635592097021413,0.13977789331592008,0.13851254594326468,0.12600403547467173,0.11678842438667758,0.09300462942246324,0.0844906187100044,0.08877308445245892,0.08224172125721292,0.07637044417805706,0.078680266900978,0.1042292653852664,0.17737841193441503,0.14357021356858976,0.14272279237117258,0.15089422648010237,0.14190327239292372,0.14466616951880268,0.14656390214893167,0.13488748424799218,0.14465267377131621,0.15323010064111317,0.14576296286704818,0.14887561813684538,0.14118349725250143,0.1713541878543845,0.14606699091275602,0.13233456789073753,0.11799313221691901,0.08485410845935715,0.07489899103728138,0.0721667161022029,0.06704491399270891,0.068590216262672,0.08420846554252469,0.11530054588972422,0.1740108927761218,0.14179810541749835,0.13033623304274147,0.1538769503629625,0.1446217066401826,0.15815092350781354,0.14839497176864777,0.16121710519273258,0.14872549187307202,0.18430944509175248,0.20160399523857012,0.16041230182580288,0.15884432679933225,0.16944261522237758,0.1451538168359126,0.1440355324698215,0.12478951094313245,0.10934218893981318,0.11542349756673685,0.08207452517854377,0.07447128756197488,0.07174305008205625,0.08092962142336921,0.1311937761064223,0.147902629907059,0.14067986182131906,0.15878567654818485,0.15720553872525253,0.1417814524084895,0.15349471169642132,0.14069677245225884,0.1408563056896385,0.14140506430242575,0.149983468039647,0.15846615338372957,0.1538493617024784,0.17763820768725994,0.1404031309904177,0.1366252628133905,0.14785051757330012,0.11060725747125001,0.09766080073054283,0.08866531651685644,0.07336692229928538,0.0718245861064542,0.07589401626432585,0.0868257936094184,0.10776982410248312,0.16057405516428455,0.14804249090916072,0.14539977316817165,0.1577609072751467,0.14985795207301597,0.1436068863983394,0.13432361751676483,0.13574963551458516,0.13130676849025413,0.1700238098193428,0.16386721003663954,0.16464175629872843,0.15277445061277511,0.1421664637144395,0.128832439265483,0.11627182174746259,0.10868184900331296,0.104593661836028,0.08000396141284712,0.07806061368789584,0.079116492287692,0.08242462481440953,0.07646133709423149,0.09179256185293813,0.11683631323617664,0.13899098290769968,0.14934948108420582,0.15035051611434105,0.1793786524720051,0.1471198003801594,0.14501671736492314,0.15647084576636794,0.14417965680250092,0.15141947981064452,0.1826168214878229,0.162085247893219,0.15864909297836313,0.14084123148747973,0.162783656810128,0.14218028987579054,0.12119767360198469,0.11848406225748649,0.09006584972614613,0.07527616381078697,0.0831122407416359,0.07261973706155406,0.06593770431172705,0.06520394831563468,0.08499395942717483,0.09598104285310803,0.10665699729945397,0.11937639948144146,0.11396538948561263,0.13553048277051158,0.14724358403680096,0.15369580755635745,0.14442815877249693,0.15036013284632477,0.1470081432186001,0.16262743029246632,0.17129315381821916,0.1481904062111569,0.13482502917602077,0.13828262092315002,1,1,0,0,1,0
0.16181668775490832,0.12976447965801408,0.13764423594261677,0.10708380030488836,0.09963262758552528,0.10518281282605123,0.11953249158321382,0.18510522161785614,0.20902826578257255,0.2364972005662141,0.21701957170650293,0.2552511121493312,0.22469620585510108,0.233067992734434,0.20723787541175323,0.215346438452041,0.21397435548008506,0.231605124521813,0.2572566503392786,0.2376242750659688,0.23272852794427804,0.24802425083918708,0.25407290725402454,0.21791844344756062,0.17517578494231473,0.1348338146603296,0.12397721703716251,0.10842723563246817,0.102653589960519,0.10071683713944878,0.1075637326603013,0.15796697191816794,0.23689692559720696,0.21851598223645707,0.2399026469806073,0.2535644213469028,0.23992677057930212,0.2269627786396702,0.22703866781151674,0.23125293490141594,0.23859042785832238,0.2691600960816321,0.23967432253078746,0.26987324049003086,0.24335253667566817,0.24369475471670504,0.2592008122577987,0.24439433872992689,0.17328441464109945,0.13711133635480102,0.12169284454374932,0.11411464138703627,0.10937420076180822,0.1085499163333115,0.1356199040250673,0.18953568276560226,0.24138080162904388,0.2281353659832569,0.21430906797682603,0.24173744043278214,0.21050375770249266,0.21527520151792404,0.22398040308012948,0.21151915885227793,0.22516843406846979,0.23916080247075377,0.25799944923549156,0.3045651474521002,0.22708566368325586,0.24014252066038283,0.21927856768978132,0.19444026223112898,0.16584111998721168,0.14543088129208642,0.1285761063118811,0.11264838797003239,0.1146425070106438,0.10915720904500696,0.11883524904440429,0.16412140845032164,0.21404482724237628,0.19369936468549961,0.22518648741766142,0.21499743888783887,0.20839133901558052,0.22159779044510308,0.2261691439198346,0.21155270229619072,0.22385942137022402,0.2369783248495496,0.26010318943843735,0.25453856134680614,0.256401008840771,0.24104746082569467,0.2402552779719722,0.2072501272132575,0.17074485293498134,0.15794495458093183,0.12351934675787687,0.11540827476171488,0.10505564440055386,0.11307182487950124,0.1340228904684316,0.17724766873862624,0.2307396260102052,0.24149223871503733,0.2384502330656036,0.22372869903212173,0.2313803561903226,0.22382726635157046,0.21700390325397767,0.22625575948344348,0.2555510468255626,0.2534065758020832,0.27249036472976873,0.2870924892916199,0.2589641955273817,0.25739239706015676,0.2372380471274239,0.20735922649414915,0.18073945050119467,0.15719939241276779,0.141159161852027,0.127071293452451,0.12496218802276823,0.11910460363247717,0.1183963084675775,0.1327899298173985,0.1658331576257924,0.20721541401108354,0.24071230489693146,0.262810449234042,0.2585401975145417,0.22947967741651418,0.2566656383925012,0.2528266011197183,0.21583866216774253,0.22778199817965328,0.23363412272565812,0.22617152465797039,0.2244583536557347,0.2137041153607049,0.19439399243422914,0.17816480730466078,0.15564573342856453,0.1426184086297006,0.14126981986517048,0.13461171224146115,0.12448878324100895,0.11737974833689896,0.11517407523595483,0.1191201083439583,0.1366984473022624,0.16680886894300542,0.2934254939202339,0.27277369131738877,0.21633544806794955,0.21316383955259746,0.206150606646183,0.20637744968573565,0.23030815286890166,0.22171051719226612,0.20639279140701927,0.21513361583724847,0.22529249588589825,0.24166646460727925,0.2594925901112697,0.23753184304213334,1,1,0,0,1,0
0.1608829605194869,0.11827195820217155,0.13210910203789197,0.09840058925058964,0.08992319049124314,0.090758796067901,0.10597356504749646,0.15451488682323808,0.19305207055905815,0.21460430596410784,0.17287908469087854,0.20752267886439596,0.1851374174044874,0.19323686086903985,0.18172856955359848,0.19531049632588446,0.1895630115621968,0.21865238165033685,0.23012230084811192,0.22073620077198086,0.21856716152554062,0.2151563409667015,0.23397494133817837,0.19051721838619048,0.16019063629046254,0.1183653226244877,0.10823214535523369,0.09627318230281035,0.08859432898840784,0.08662242987416051,0.09311349099895039,0.15023668114962924,0.19982031265176273,0.17560728768379846,0.2013145835549503,0.1969551004553124,0.18840245990723772,0.19132646532815464,0.18416982874191434,0.19670252051759776,0.1855887285956075,0.24600175199954225,0.22390424596291436,0.23884649366505165,0.2181219220259378,0.2024843449357874,0.24501703198420458,0.2170786840441669,0.15142291054176382,0.12318912887326468,0.10759312743007023,0.09982477406818337,0.09543447227377198,0.09510639395373177,0.110860329369173,0.15943458481684708,0.20658182041028184,0.18097840945392954,0.17129194980719104,0.1746664457111358,0.1629784808117143,0.17795472236060123,0.20893161395643187,0.17720690756889843,0.19146583177131044,0.21991992878722647,0.2318647041825338,0.2600867351206759,0.20095272719035523,0.21679073705965685,0.20630351995885948,0.18441069395503087,0.15459990407690682,0.13224177350400307,0.11918123774567983,0.10161972542716134,0.09757216729370989,0.0997592173739785,0.10307691241174047,0.14908640977059637,0.18317008815669383,0.172314729379626,0.1824895257557564,0.16968351904629334,0.16540279122412782,0.17844437360282558,0.19223511124605208,0.1888201804601498,0.20157291109388575,0.21476406071493973,0.23345750730977832,0.23323002931875492,0.22003678043472824,0.2207118246032364,0.2012522051737865,0.18418379410023997,0.15110082164350755,0.12895284554349964,0.10996776303297978,0.10402503463869676,0.09901819916301025,0.09777655819494703,0.11061578370381292,0.1641329314514132,0.189139437026485,0.19020290257952724,0.19222999986699357,0.18291942835921624,0.18135355801891168,0.1943708287295129,0.1883220992193871,0.2024503615638299,0.23830295196977086,0.21110909373339729,0.2414187696455456,0.2873116775201597,0.2324957227441124,0.23578241661838262,0.18381145178763608,0.1811178692150147,0.1533869322386071,0.13483210759664838,0.12095450168241466,0.10757621975018966,0.11360083516256769,0.10896762681881061,0.10948083907802812,0.12429791325869517,0.14546253747054413,0.18887857015547507,0.19638196379823014,0.21726978646710918,0.20487320582894394,0.19198883426651286,0.21914456611412245,0.19497574989717664,0.18426049948864615,0.1959015811270665,0.2075138610811071,0.19889688068784803,0.19819221946243726,0.17286702003505805,0.17107115151966434,0.1688192432831189,0.13837215228757982,0.14461537550832637,0.11978420098722686,0.11909616998234158,0.10738385702952802,0.10548381088963889,0.10300165568917298,0.10388530317467475,0.11374017837570204,0.14702654659825015,0.27944310299737535,0.24951517100445117,0.21387561074562805,0.20490632194864036,0.17636001110865493,0.18617286661024948,0.20437238716423156,0.17787129553078332,0.19178638704227985,0.19877822154979582,0.20801196667965688,0.2219883968089089,0.22533374976183018,0.20149664644487567,1,1,0,0,0,0
0.033712538313276225,0.02672944978219877,0.0250689125616301,0.024410134638988976,0.02314802138225286,0.024273063215948916,0.028933331455768114,0.04294250249342956,0.053401057282690755,0.049648628367769024,0.04971558415381292,0.05037685691463114,0.04705256290759447,0.04705975036004622,0.047251139802214376,0.050579979014080505,0.0507986829033251,0.05760658065415355,0.058485210160481506,0.05466768047424729,0.048350011320629424,0.04480405789776803,0.04621298410798914,0.03629057242159774,0.031350313245068664,0.0251423259646702,0.02498700396628055,0.02493487211398803,0.023023790069844993,0.0246062077378221,0.029307081416283468,0.044929012739584426,0.05317365106215079,0.05370633174867217,0.05014965279709729,0.04801520164143447,0.04603054914721366,0.05189629233014003,0.052804026440245504,0.0522374812529014,0.05348434736330165,0.06209270249445358,0.06261998479548518,0.05508922743295364,0.04751578655942103,0.04619046470688915,0.04785804043411036,0.044249341019965104,0.03211584877921967,0.026140053092896694,0.02351889664975932,0.0235773839813957,0.023623709299851105,0.0268985123958224,0.03125840995404484,0.04464381051879958,0.0515051877374392,0.04974049915333153,0.045351956917609786,0.045047371369298934,0.04375381843485412,0.04815036325159626,0.053946450391681076,0.04418586529714644,0.04848304548984016,0.05882406994182425,0.060609574275833106,0.05415165453875994,0.04833054069949963,0.04673867142777396,0.04497669149166765,0.0421688230735318,0.03309876666421864,0.029765715831257707,0.026873230532350974,0.02514404291642531,0.02491987501698295,0.025014948520301006,0.029788910783269177,0.04171067479804378,0.04991673202942151,0.051972623161751975,0.05034857734444262,0.04969420461262563,0.04701797710008251,0.051264405987095356,0.04793033593240666,0.050674251037854404,0.053334686313886416,0.056635338436936924,0.06175057023094143,0.060218204702352,0.04779716259641275,0.05321413689917383,0.04033969879695656,0.0427326730007049,0.03215317043483691,0.028647848266896633,0.026225414090254563,0.02508991942468079,0.024704282560468055,0.02578086077486725,0.029336655207887814,0.04303657887775623,0.04808455853964699,0.04772651771707885,0.04351438528528743,0.04653354869585219,0.04551385592727205,0.047302662843025624,0.04904629781912821,0.047900513491226794,0.05803132013275553,0.056631338142592066,0.061156913801626925,0.06883720458601154,0.05373395520066286,0.051859850594542345,0.041026677156542235,0.04057128599698285,0.03541247686348301,0.03275003027219374,0.028869560846889734,0.028043918508279145,0.028185002519266374,0.02700054882736307,0.02626354654020764,0.030991034303632092,0.03530326669992344,0.04422032658746668,0.049843853204550696,0.04649627752908223,0.04709474955647093,0.04300753678053185,0.04532892706093114,0.040597251469106366,0.04251142680887578,0.046409803338784285,0.04873297536577519,0.0459682515713899,0.042280827978485154,0.038403065820375094,0.039162183736958574,0.04025665690051322,0.03792278308438066,0.04539809663180339,0.03619606345597548,0.03417533014717191,0.03186594113715314,0.02597156447420985,0.021742327755612526,0.02229964572524367,0.025140512766075963,0.03150813802517989,0.03444798842806727,0.037043049469414974,0.046365930574316254,0.04825821151323101,0.037193073329513486,0.04266939441583539,0.04282543112002025,0.039180824566425916,0.04790255506664847,0.04918351561253304,0.041838384105276044,0.0405317124462624,0.037660709962046034,0.037027241363800596,1,1,0,0,0,0
0.006524329130385382,0.0062590130658141795,0.006441911646300664,0.0063869278474690885,0.006428300215959215,0.006889331709172883,0.00864487740709417,0.01175839921718469,0.012840386662630078,0.012382593085771654,0.011713427538356223,0.012025141229937674,0.012428980462528985,0.01376710249172972,0.013084738670158854,0.014175879672747948,0.013509155797561654,0.016455919081449614,0.018637490286107873,0.01613439754259919,0.013473065193324923,0.012605484662951937,0.011296553806179737,0.010721786158688053,0.008185261549307788,0.007811941742323986,0.0073278028261554995,0.007356194980501083,0.007355024262020679,0.008301547072262298,0.009714291819794848,0.01319978012978493,0.014240596643901175,0.01182491517800755,0.009336749630266709,0.011273400480139903,0.01068383849953718,0.011365431666018656,0.01281335097973421,0.012714650397966137,0.013200833188780247,0.01739830799787544,0.01753982201450001,0.015988681213728758,0.013270000560582064,0.012617036517084002,0.010764792744941805,0.009550675790171046,0.008657798535643486,0.007979906509681854,0.007256658572185685,0.007588455197993709,0.007644037375588017,0.008580006368248913,0.009566511201116326,0.015039335440881863,0.015317908348017816,0.013973149118529048,0.011548563791065886,0.011282501921359782,0.011340303789121972,0.011683365071009377,0.012742041244334402,0.01284912191629901,0.013704209480461004,0.01689176735108811,0.017069169485670187,0.014866057974738887,0.012803781414634825,0.011115150809046856,0.00994683996038005,0.009605439335130318,0.007436487125034653,0.006448242444092272,0.006185810430739114,0.0063957034409319975,0.006459351469252759,0.007113696290956433,0.009065447642432304,0.012220514866243742,0.012899242733843736,0.011359736931610808,0.011058205155260094,0.010913947587354738,0.01071144621221924,0.011771906498917226,0.01266293191134041,0.014153862780410238,0.013737501711575556,0.019372785167188745,0.01884274943964457,0.015998729383564003,0.013119500220914656,0.012160687812658008,0.011149667499740487,0.011231931283398904,0.008436961953023533,0.0073288641832830285,0.007498958432232632,0.0074110736353167755,0.007674452911563424,0.00801824872634966,0.00904329232034843,0.012058311794396658,0.014021500312170166,0.011713550428343775,0.010038540823991754,0.011040823115760197,0.011040137557123368,0.012170134287871812,0.013466360433438615,0.012874007693320514,0.015580402371295527,0.015492097772840331,0.0180004947112463,0.01599261672967581,0.012933083467554687,0.012224393922059835,0.010692090332696668,0.01004887198007498,0.009573497533244902,0.00922187533185095,0.00857059468533852,0.008424817768804294,0.008490435600319186,0.009030884862768528,0.008626459238846243,0.009577085364947698,0.010228444282421987,0.011739986932827715,0.012071881730022358,0.0110867198495048,0.012504185517483458,0.010808543987516635,0.011875167232016356,0.013502030559266463,0.01229328132083055,0.012754485849830504,0.013432231434798747,0.01205470665163908,0.01113617667952746,0.010596632877224609,0.009615951374641916,0.009486215887798749,0.008322463688109892,0.006976221852092693,0.007286905657454813,0.006325393119571346,0.006182256121250608,0.006687430631265124,0.006617199810381913,0.007276233542912772,0.007706116064870079,0.008585509871695618,0.00906138685917803,0.009655773098116981,0.009679712783402678,0.010397564881169514,0.010880229958486082,0.010759034349766137,0.010820917308486784,0.010716297132433304,0.011190165230246924,0.012467183163153149,0.011723945186065385,0.00998902058490888,0.00971642698676041,0.008824862598232454,1,1,0,0,0,0
0.0060568179433334365,0.005733636381370778,0.005911631832304497,0.005878582551572155,0.005923350233552566,0.006425602404150749,0.00812744471697704,0.011243959266051935,0.012346790820075759,0.012045874194061468,0.011334420347566583,0.011610736371427875,0.011976177313507927,0.013252051293363572,0.012586491896328364,0.013737017630972776,0.012996542017768118,0.01571150065770851,0.01767301586010316,0.015256643681462066,0.012611478368806625,0.011752041940274117,0.010471498419030686,0.00994592412374637,0.007577860974003167,0.007249806431601553,0.006760007626182319,0.006891698444028852,0.006850425718753932,0.0077434509962470855,0.009085596770521235,0.012587043324022018,0.013768970613787129,0.011496198112301906,0.00927441461136857,0.010989169116167213,0.010489919998516006,0.01095440556323816,0.012419709357617959,0.012204057737748854,0.012712457268211937,0.01677372457682067,0.01692976508247676,0.015302171948380504,0.012443283760606327,0.011738421231340914,0.010001316397174569,0.008841654315377184,0.00804706031977161,0.007459905390166603,0.006775719398603357,0.007065700523789601,0.007151947794907385,0.008025566544064035,0.009007299338762723,0.014283266811709236,0.014742284143488068,0.013676911501048624,0.011338266378812238,0.011099318646569625,0.011395796198166762,0.011473263243069675,0.01254443186811306,0.012684605323469333,0.013462711581695399,0.016515178739652896,0.016602460602102295,0.014249082992168387,0.012082545413336851,0.010431263666546748,0.0092984445591675,0.008995507437007794,0.006939229390861916,0.005967319754378642,0.005752022753147098,0.005972964601735146,0.006063885206815156,0.006714859021422756,0.008617727230072956,0.011819347575995566,0.012703472283577532,0.011206700575506224,0.010787884627417269,0.010588062399089793,0.010420322346112112,0.011334612929390834,0.012266080464788524,0.013519638393562327,0.013309906883129568,0.01863550519896421,0.018193399075070033,0.015239881039089015,0.012353307608020461,0.011259999783893627,0.010375892278612353,0.010364518783106236,0.007797624173315124,0.006845027757591349,0.006935671518857126,0.006909948094532537,0.007125814196860091,0.0075653429018163795,0.008531901023351917,0.011657162545149544,0.013615670752035227,0.011488918328037678,0.009815901184960656,0.010799512993466338,0.010738843176447459,0.011890191542928185,0.012910277796858929,0.01240850028230804,0.014967569704573015,0.015033807220705664,0.01730020139967062,0.015401055152423114,0.012314489521007993,0.011452036961808217,0.00999518316661463,0.009345035416958575,0.009023812202505385,0.008649173253035065,0.008348016251535816,0.008062860323032623,0.008033184256543292,0.008480665017319986,0.0081101552743458,0.009026491513831694,0.009592263516771882,0.011245719480214222,0.011346150745617073,0.010554955152362915,0.011912522406545958,0.010250604105721506,0.011252987615287213,0.012958794446856537,0.011633025776335622,0.012135543909978798,0.012631677165802322,0.011427070850343621,0.01042072025119125,0.009886755480655856,0.009035916149102157,0.008890407123353969,0.007952692259817859,0.007237882580653362,0.007443925524765502,0.00659378343505274,0.006380104503779357,0.006473088371201432,0.006290198450309639,0.006830362001309883,0.007258410364265887,0.00821568233744242,0.008668888060429923,0.009194249335704065,0.00914396281074709,0.00966318315308491,0.01019397081175663,0.010165531515029818,0.010281067299862697,0.010188922415349827,0.01081714407615186,0.011777008905527618,0.010984433819062328,0.009428193213919177,0.009054812187440829,0.008233699702158816,1,0,1,0,0,1
0.012977572174928103,0.010797922048802816,0.010716993254306532,0.009942786139165693,0.00945989539955141,0.010560668237656171,0.013586830007986092,0.02137170422306552,0.025757402693066308,0.02853578074160796,0.028471549257352385,0.02785174768639357,0.028752160870107544,0.03136222712140666,0.02955693210161957,0.030852568444982735,0.04032743939761456,0.03339433574911933,0.03594689321854374,0.03155377992596998,0.031058966219113145,0.02735388646354293,0.02880466919365758,0.02061365811641521,0.019432055603230722,0.01398941562816604,0.01215358762840116,0.011880760848938385,0.011598701275435512,0.012821909286840365,0.015370506886925506,0.022796191748372503,0.02746255327181895,0.02787169816725342,0.02600659944435598,0.026878948253310258,0.02972394812302674,0.028975883209246385,0.03092728515395724,0.03144942007571703,0.03139196178451394,0.03617363548836961,0.03415506869057377,0.029892081619530542,0.027039084010704713,0.028776456726627035,0.02550668480440398,0.02451483060177854,0.018747082891002013,0.017601469525469555,0.012119181330656438,0.01188577611776102,0.012302159036984051,0.01310171195862783,0.01566191508660315,0.02501104270010425,0.0294214363640005,0.029879237241250235,0.0277680938645383,0.028825061280043345,0.031208800807218738,0.0314772620144555,0.02985637567759394,0.029092163879140688,0.029098468596556838,0.03549031386829483,0.036089644068504005,0.03182040246470507,0.028453898766257174,0.026364177379126642,0.02458415566062654,0.01836098630706218,0.015296644956990171,0.011663242759366903,0.011881046650072431,0.011980931557727911,0.011968857760290842,0.011629843776188286,0.016114162788127353,0.022553724851964847,0.027950495065365767,0.02657514102763304,0.02503312539246682,0.02539656332416824,0.02668455962056336,0.027671205302567746,0.027364032396172886,0.02987661865348393,0.027842538196134296,0.034662402192034064,0.03471327003985301,0.03173686928928716,0.028021378859096488,0.026157522041607466,0.02390459188288983,0.024082312462021263,0.01552497269744209,0.012726128602377967,0.0115694647061377,0.011263338185598557,0.011345585457554503,0.012412744558142905,0.01358079113413377,0.021315714008043742,0.02808492308627962,0.025923731524560085,0.02607721439209258,0.02562034754595249,0.026811979923045237,0.02862501266594486,0.0291722090179069,0.028166835410604472,0.03266518929434696,0.0321282492346404,0.0373796498199519,0.032913063679704535,0.02701906225245607,0.024139044433932822,0.019389441431578787,0.0203936922466091,0.018281089878395797,0.01611290528343486,0.01410956243043114,0.014410943428493785,0.0131358510428014,0.012412759018533696,0.013117076774360505,0.014617423967176649,0.017223628698786155,0.02162473680307723,0.024167515857942027,0.029129029563291504,0.02382466782100238,0.02025702490143619,0.02400372406880217,0.026031073276007666,0.02764787033158467,0.026843241098256566,0.027870559859643276,0.026062914717256233,0.022506887715525916,0.021009622935328806,0.019315845004159525,0.017479578750486363,0.01680064055263211,0.017410488648738533,0.015244849430346262,0.013757049971104713,0.012101883906620125,0.012383496755338928,0.011623974590663038,0.012961825949186425,0.013688327394075113,0.015260437556919996,0.018798847163631623,0.018810972809078126,0.01908620637045051,0.019164608787430027,0.020917239353242204,0.022818720323835487,0.021434176425192516,0.01994980046419737,0.02373327406077243,0.02317767844196802,0.023610442768080928,0.02235290703880369,0.02190103263922283,0.01686691125989138,0,0,1,0,1,0
0.01605025492018958,0.013774041268212084,0.017031944231681466,0.011967198644693464,0.012434774318923942,0.0151272291614527,0.02108759562348311,0.02946236093066882,0.04068673559833062,0.04351492490763413,0.03627223781562994,0.03913717525923649,0.03830704757479436,0.04010639682938559,0.03780385484149899,0.038943137127887,0.03913788369834886,0.04181232259320554,0.04021855011483047,0.03784449542878622,0.03116198004990007,0.028831773820785882,0.027926113117506077,0.024768782684140477,0.02396613945697945,0.016887377274494526,0.013780930451562673,0.013228348389494474,0.012917606605846189,0.015736568458782598,0.01755798932958572,0.027625477355556545,0.03690052044776821,0.036755701821930394,0.03597793937002256,0.035795292338043454,0.0392647117259146,0.03783739655583475,0.035592483832400636,0.03355891635332286,0.03569873505290298,0.040688148337067846,0.039357856246185624,0.0371936509110129,0.030636169492394727,0.027058881976639693,0.025281068332687687,0.02329311818882027,0.01877345520017869,0.016615491258305748,0.013731774596444524,0.01303831703138498,0.013462039836233074,0.015808588038978357,0.020039869983627126,0.03140222581312179,0.040273558669622025,0.04146533768695402,0.03702235372113605,0.0365985640160407,0.036547774905570735,0.03564290137512767,0.03801583297812283,0.037208066827309316,0.03691258447169197,0.045196316875323474,0.046764987751075356,0.03764817563655339,0.03643317702059312,0.027388595286518696,0.02487374022423499,0.021847433205940233,0.017551349898452643,0.014784180601408896,0.013497973500768303,0.01304959444352151,0.013747689475775142,0.015921449135962107,0.019697274207173203,0.031019177149935954,0.03924088735023712,0.04078557873490467,0.03945650513091923,0.036905167094024305,0.03943190237363471,0.03701706432177801,0.03992807120715228,0.03883575329839069,0.04256437813641085,0.04755117394929452,0.04910688391674338,0.03897763883169384,0.032661639634534924,0.03147152538568732,0.02530797124150258,0.03158647139900051,0.01967137986218329,0.015430044183996463,0.013095598807993176,0.013000566123373544,0.013506184699659099,0.016043367607084087,0.018718341693191514,0.035342751912024156,0.042475637386575504,0.034154294737735326,0.03346311275524821,0.0329395900753889,0.03440657322529573,0.035145924803957,0.03643285562832876,0.036489151822763806,0.042249217412328434,0.04475529839849738,0.04610022023773562,0.048994542292614636,0.03662770631365846,0.030205926296074142,0.02673351455031131,0.024332454258327127,0.02281690901007755,0.021978029385467005,0.019459136976402537,0.016954299334633386,0.015394742283427435,0.015855715305008632,0.01592069710603353,0.01876996094972298,0.02567742481204343,0.03415882444117069,0.03380578839914638,0.030018655455470625,0.03071890301548795,0.034330038031136045,0.035212132857950246,0.03330469126184878,0.03006378363661756,0.03101545465985655,0.030526537446552215,0.030876559454128802,0.028945809648537265,0.029322398039484457,0.02352580306172971,0.0239614750626294,0.02077330294697374,0.021430131807849816,0.019293503025151326,0.017962686054263946,0.017348249556765376,0.014627985149287953,0.013854850191846811,0.014616304697489153,0.017962908763031762,0.023351109318265173,0.034643771011691894,0.02911729062078207,0.027765526972288724,0.025087616292550175,0.029914054741511358,0.03054579439725812,0.03241344008147174,0.03322646613845361,0.030645290142796,0.03329414838010499,0.03246338574066211,0.03154116711549836,0.029126500522630903,0.024236673074040496,0,0,1,0,0,0
0.014506409977596184,0.012130196889118705,0.015342881077799032,0.011178675965326084,0.011434748634691093,0.014771757330072367,0.02125811607109614,0.029487865294600336,0.04216852172329633,0.04359228054673583,0.036442179418553704,0.03955202556582633,0.03759485462507034,0.04006946245412893,0.03841525489270617,0.038707705313354886,0.040180198589570566,0.04141374131646626,0.039002207737431724,0.034898111071854615,0.02860797724617932,0.024494503747506502,0.022725969097816042,0.020452564425450837,0.02214303454479476,0.01570358202766225,0.012291827264014848,0.012056550240534761,0.011875990956696817,0.015765125276347,0.01719423143312569,0.026810995229327287,0.03708526279432357,0.03615251542251076,0.03554727186634149,0.03543633985776381,0.03946524673303531,0.03623308264574772,0.035372071075245794,0.03382492857220522,0.035848404583896744,0.03980865262041735,0.03830702826899821,0.03556455078772453,0.02692987217219292,0.024295478607267502,0.02310524319792919,0.020309779183386074,0.015968369138347687,0.014350720287065369,0.01248279649796812,0.011823544059766104,0.012312506505617375,0.01494631763982781,0.01951321670145885,0.030461632180117923,0.03936032664184035,0.04182235673083355,0.03745097443967078,0.036387801363277406,0.03578256370265388,0.03553342996172312,0.03740174240724311,0.037303079726968266,0.037139798778720146,0.04581711077369814,0.04810225614768382,0.036471916539159446,0.033274633480109506,0.024031265614848245,0.021993995596002295,0.019513542101496455,0.015292766285746226,0.013471927423898702,0.01221812072826989,0.011795989370287191,0.01218882657054511,0.015110897786959747,0.01854657905229829,0.030685237519674138,0.039924822878205916,0.04100078383728531,0.04009845300345388,0.036344235677796856,0.040290165883988684,0.03682780743143275,0.041258481550760215,0.03852682432666875,0.04402739004655374,0.04920422118991524,0.05186318015884204,0.03884728160308249,0.030338196117659262,0.02837383469120928,0.022552883321308604,0.025326470609619376,0.017336253669248018,0.014598456210873328,0.012066708430557932,0.012103987545725994,0.012591086372668077,0.014894561141673555,0.018158728668718215,0.03514540988853857,0.04195311175713755,0.033904348994171496,0.03319994970225397,0.03260393085381899,0.034906611013303675,0.03524627929593564,0.0353596525217563,0.034996503003420734,0.04196565061036548,0.045672396614220435,0.04588129013837481,0.04812670247259996,0.034565255995217904,0.026875335205499066,0.023952070108154592,0.021201347011401445,0.01934313981110482,0.018620198160757388,0.01722000040076912,0.015398649925782852,0.014088791492455267,0.014956787940454375,0.014451521047776847,0.017568420978532007,0.02610175026725259,0.03317220981694849,0.03415011524367428,0.029285012012388017,0.028398757270942657,0.033637337413065814,0.03302760029340915,0.030054093264988212,0.028613846412671184,0.029710089408555747,0.028559713211010133,0.027783373960623473,0.02558450586669481,0.025204069798173044,0.020638897284640568,0.022475630319658234,0.01945892951398344,0.020615855246093627,0.018196712890044472,0.01670487250913074,0.016075772964752127,0.013286929562274398,0.012086026604399334,0.012916511611416706,0.015789463274122503,0.02025976611776314,0.03002542782591084,0.026533163413314395,0.02524920016353543,0.022435599408656144,0.026450973584362797,0.028393968400131416,0.031294441390799,0.031101539219673346,0.028958233952223276,0.03033922085584143,0.030067669446044876,0.02957750620187905,0.02485137814924073,0.02067492947728136,0,0,1,0,0,0
0.011540084139472518,0.009167342224269574,0.012092863066547091,0.008781836154234168,0.008899181616399882,0.012491062260195076,0.019269588829031927,0.02566631618677331,0.04046208907223042,0.04184624818943177,0.03595583730661736,0.038775134644732076,0.035915459028937016,0.03810855943286433,0.03695391828459229,0.035610630131293494,0.03949841790227958,0.03672653455300338,0.03273330927603319,0.028103109063422227,0.02345124025097863,0.01753885290671396,0.015265034137666228,0.013730034183059311,0.01837005032598612,0.012536827018182418,0.009150131007364646,0.008771847809563202,0.008958161569285533,0.01398129887780386,0.01450241792921755,0.0207236218207083,0.032063518630183856,0.033451801748064475,0.03397609789351113,0.033459102084558594,0.038139999749121356,0.03330629062492742,0.031916637944105486,0.03125119791798962,0.03282551728729131,0.032775503211646274,0.0313215791335788,0.028838378882246107,0.020197942662436404,0.018406872785236405,0.01824029557266867,0.015471512183973602,0.010810134874059527,0.009883700869111056,0.009021196630383503,0.008449225150722243,0.008917639748865402,0.01174206422462658,0.016580483194007362,0.02354097810128607,0.03273608396603451,0.03831030972824476,0.035634555508277314,0.0343137695642511,0.03190091998130332,0.03219537240820592,0.032893072398885594,0.033406532805651666,0.033276953014186685,0.04024230186774814,0.04346216837397336,0.030982921249671065,0.027308314629946498,0.01882552505313755,0.017631691703503264,0.014992403328542507,0.011323971350538793,0.010704345987565433,0.009396277123429771,0.008717153290429651,0.008899332987626313,0.012494768082154321,0.014613312221584523,0.025280415612298764,0.03582683334301708,0.03949465522050904,0.0400272985887192,0.03529374468322254,0.040603024839388,0.035372540760427215,0.04048610671252587,0.03583980027666263,0.04323760265546945,0.04524284020785321,0.048853660919962884,0.034047391730681775,0.025296918569212595,0.02292819970720346,0.017813117405311284,0.017351296457727983,0.013487259635617367,0.012067611955754799,0.00951798818284055,0.009382509756493008,0.01005311999052737,0.011736579559414966,0.015566258705696756,0.030509641277127453,0.037418600918016263,0.032290151213786526,0.033122701600146694,0.03123944302839589,0.034570721463948,0.0327836548415076,0.03226546139196444,0.032230332015430754,0.03811335861345515,0.04418574107020614,0.042548299452074445,0.04445001927835155,0.03172877921237884,0.02194213827429876,0.02011423037318088,0.017095217024784858,0.015261306203806573,0.015764375253035173,0.013948290137021528,0.01235776214850648,0.010893247851680042,0.011895294825482475,0.010953512078713446,0.014019222430128158,0.02479772629317402,0.030113034091494725,0.03286898474662554,0.027199001223283704,0.02402038390312389,0.03157313280186211,0.028770235830009885,0.024224423255251166,0.02473423521052732,0.025515747169246223,0.024044729590297943,0.022215409991493816,0.02160712734512583,0.020597839359062623,0.017210744253622085,0.019378654451769034,0.01638107795192498,0.016738146089754168,0.014327130148507628,0.012075781021420033,0.010706252260134807,0.009300000855640872,0.00834436858514783,0.009214103457194709,0.011729752009742356,0.015121555928519785,0.02355942562127849,0.022234237156360703,0.021281621730284927,0.018702003220358945,0.020824015784836745,0.02352103849574064,0.027296938759718507,0.026100261374246397,0.023832652634915838,0.0239771468273226,0.024951591939239844,0.025440216658660073,0.019123358049638176,0.015483551708490991,0,0,0,1,0,1
0.007343731607519742,0.005475323321981994,0.008607491896074184,0.00526898634072353,0.005430374451061435,0.008985185977018877,0.014892609587836341,0.01664967476831795,0.02619665273274261,0.02833309690487316,0.02239305748387799,0.026611538753486715,0.023841647014497477,0.02603878175206451,0.02610787837191684,0.02574850606288323,0.02861413572410752,0.026453829080864057,0.022686956099105177,0.019542567977806253,0.01630081323781945,0.011193371188646167,0.009404473245785326,0.008658248451630013,0.014090249491572594,0.008954682357534816,0.0056051848332653266,0.005282839630074664,0.005558315088414695,0.010516769359491283,0.010165219230753919,0.012405409492223464,0.018891520750050503,0.01923058189719886,0.020819664183544386,0.020883096220896052,0.026388211686788763,0.02127879168287109,0.02039283849262415,0.020614192005937122,0.022373566735445063,0.02255340889650957,0.020990567657777636,0.01891375275618548,0.01266891816268367,0.011777710900590247,0.012332589677572338,0.009894087953262779,0.006279161000618572,0.005869834169182468,0.005070914774634635,0.004632371092458515,0.005019043331370288,0.007917968574157226,0.01201453096246064,0.014780358643921286,0.019302462095135853,0.025078295449056195,0.023453527357670086,0.02222276618019753,0.020250473107105323,0.020343707987027386,0.021749533429918637,0.023154672263754346,0.02317426664172867,0.029714735415739966,0.03335276320761902,0.021401123875492256,0.019506098365309706,0.012309002080515621,0.011904848285696323,0.010041249524346083,0.007550335281804273,0.007162103435229388,0.006151333515121118,0.005593332960013567,0.0057489143724037,0.00929756248988943,0.010323399384019905,0.016789876676839222,0.021764950913249863,0.026651738283917533,0.027316835800710575,0.022849671531153668,0.028529827099918973,0.023242728603181946,0.028883092194868013,0.024776264383030815,0.03234691316313264,0.034964319645180715,0.03869557956015721,0.024364492909560668,0.01739606420155012,0.016768626755212308,0.012051608218663882,0.011837742530569803,0.009079140144229959,0.008396793451126419,0.005863653283376245,0.00574602306586886,0.0062300464263332226,0.007887014118560404,0.010759199858865991,0.022435470404859423,0.02355621666186293,0.02024711303455496,0.022917195957926118,0.02062244838354405,0.024691897196892944,0.02324017976655342,0.022878429048302295,0.023333262186079548,0.029333083576702508,0.034737622899105286,0.03306648713504479,0.03602107946338538,0.024578871531308975,0.01606828201824984,0.014949626219518461,0.012079837918029851,0.010582894352872536,0.011255268504175263,0.009749456261755957,0.008619632646712151,0.007322028112668069,0.00864543770041028,0.007429046370075888,0.009845541280658067,0.0198832391540616,0.02348061979693787,0.02582234870180143,0.020295728224479993,0.01693123440120997,0.024696972590724776,0.022314613253036054,0.017492306411784425,0.01820691504209556,0.01903843807257053,0.017939935525109283,0.016218975488232,0.015411679761131837,0.01443503402407745,0.011624982934716496,0.014541734928254682,0.012246255745686972,0.012514490321379405,0.010366808933066423,0.008174908579361439,0.007174823906755935,0.006250942851078283,0.005318247682409394,0.00601651755309914,0.008074467751157522,0.010496271315001443,0.018123149323871678,0.016785140666334453,0.016041790087066944,0.013812420490331911,0.015942151722833153,0.01855131246917361,0.022232188195735265,0.020317284709302,0.018189781236600786,0.017931766891543265,0.019217241526810345,0.019714457352151663,0.013601625851616516,0.010773715135273936,0,0,0,1,1,1
0.005048414958778933,0.0032053958238178063,0.004223890334947386,0.0032991515593473924,0.0028132312821416306,0.004828220951572114,0.008395064474115355,0.008836036179163759,0.013035343882898823,0.014799791383235856,0.012714683055004292,0.014984866016343662,0.01388321984786304,0.015282236364890766,0.015064592308544818,0.015142924655516922,0.015800958181498483,0.015138906333436156,0.012884368000412406,0.011440820482598564,0.009994651832609277,0.008091279685278611,0.006658560373540257,0.005073268483050015,0.007188702472177096,0.00464038904018038,0.003093469549191866,0.002975213217054069,0.0032603538842095655,0.0059771211392055,0.006380294963960422,0.0075007790011482195,0.01064144746762181,0.01255664910842471,0.01392511007215677,0.01209847493291087,0.01469052374268474,0.012950393305519895,0.011957822270484251,0.011625698282576553,0.012587213387353408,0.012792227906253055,0.012315030816135253,0.010747125528295974,0.008494757107603829,0.007730403807156316,0.007143183751810361,0.0060484655774991755,0.003993279033856144,0.0037646734780479134,0.003147482134042448,0.0029422706874579502,0.0030979247665862495,0.00479328676697844,0.00725759897467424,0.008561783303605663,0.011094477580546803,0.015225163810132109,0.015388584924529899,0.014542165928970991,0.011848413512569145,0.012212163755571128,0.01296903650309282,0.013784119622384294,0.013707566194976331,0.01652311564951916,0.01754631537863623,0.012050769586652632,0.010996345946783875,0.007935722355171043,0.007015417110053058,0.0060466956077425815,0.004563200702101128,0.004399688724595563,0.003733114093437585,0.0034392720102000415,0.0036246789722408513,0.005801257234845012,0.006459163494032552,0.009016047154003625,0.011718311686206916,0.014474586196373486,0.015587198502555856,0.01335626247051371,0.015734015866005948,0.013105680749370383,0.018466478113297557,0.015283401859194893,0.019107094817745425,0.02098311500681696,0.021991801334696023,0.015256494877992797,0.010533456236809036,0.010857463188733216,0.008499819953742733,0.0081201637485305,0.006315317666716951,0.005144778943868459,0.003688785058656105,0.0037962129147085695,0.004223826816713015,0.005292196536582479,0.006962270890799437,0.012491346145344454,0.012986191341466058,0.012870734091847025,0.014001813841096002,0.011811063520570878,0.013878214421166195,0.014240111769908461,0.013012852096231878,0.013441002785289221,0.01557230949846458,0.01903892374307958,0.019890035722722407,0.01953070956835744,0.015748652334062165,0.01101769315606248,0.010003355846015735,0.009988917442045187,0.008553658517500872,0.009634441194525032,0.008756314441186167,0.006820085158651718,0.006384651301543674,0.006247356357393751,0.004716794610402486,0.006219677914759771,0.01175503451678661,0.01496684815798654,0.014490282229594736,0.012313870058150966,0.010780277130207678,0.013181276696614086,0.012273884135239433,0.010484018353202524,0.010605375077411331,0.011413084268009974,0.011186404419465171,0.009144868670546246,0.008989641834592915,0.008468355757437433,0.007675762419764538,0.009354174876780528,0.008026816602853312,0.009362145591384525,0.00862135717746775,0.006715462664265309,0.005157563975479173,0.0038717287283099346,0.003423091257137383,0.003846901692643968,0.0059288504183239495,0.006440311090821671,0.010000657679757708,0.009692604514685243,0.010000825940636527,0.008528479561675703,0.009596335778488584,0.011874091872032389,0.012271850591943544,0.013068117132079332,0.010083691752368687,0.011083662309288584,0.012384490686761705,0.01358768820746759,0.0108689007577464,0.007568543373318156,0,0,0,1,1,0
0.08590874813152569,0.07716827651176289,0.0694142878136752,0.06582305782412888,0.05803850304542443,0.06252689202677195,0.07001050686735544,0.13385727243758852,0.25257223512968524,0.42765581093698046,0.4964770530102473,0.5223656008061554,0.6141323987117283,0.623703464497783,0.6420858445534994,0.6027519174204905,0.5856794792071703,0.568488772292828,0.49338375374325216,0.33134464699462024,0.3196161273325759,0.262602694386993,0.2153742999162548,0.14423419722391728,0.12479370726074016,0.10456673746472053,0.09176805225804283,0.09080753820387504,0.09124000671234836,0.08991837187519128,0.09596798941784893,0.14144704573831648,0.3034642872698019,0.42442076316903243,0.5354179534471633,0.6413062013396584,0.6549313561192472,0.6678531044995303,0.6775995400328945,0.6871944668875088,0.6686416625570393,0.621503076466366,0.5213950105283933,0.3701864112533381,0.2652243645047031,0.20387507588876727,0.2084571817490513,0.1502746177098911,0.14547418635028933,0.1174018071374261,0.10367672337222922,0.09567248859246655,0.09405617647046896,0.09495180957177776,0.10196118320398491,0.15106710588110933,0.2893358582985657,0.4511576113249115,0.5257167828012288,0.5881226315804968,0.6144822804526899,0.6751837153094071,0.6889343684698073,0.6297822994821616,0.6110727579186728,0.5779822197915115,0.5493520789477022,0.413727425122853,0.3262676391986288,0.25255070961766224,0.21343409222511786,0.1591260505221015,0.1262248337189851,0.11032005859695705,0.10305608471546705,0.09481003273747177,0.09341666664971002,0.09034210667349071,0.09710412472269155,0.15185250390930277,0.2874372075927218,0.47467676269094183,0.6301224053697114,0.6433522165867729,0.6466793358338478,0.6624060091263125,0.6788314287305283,0.6758485251601539,0.6417467816120984,0.5842151812563879,0.5152106507976715,0.36452312980914897,0.2663787367292779,0.23990765456591787,0.18187361541786903,0.14169679189261672,0.14508068101887042,0.11131290523890705,0.09468916238579649,0.09900673077905646,0.08990188152378109,0.08735276992606775,0.09607613858904726,0.16157429223976333,0.27712859458766875,0.44661040333131546,0.5588527272729635,0.5965676169586765,0.6118949325795208,0.6557694524402201,0.6123935549847753,0.6320098201133293,0.6344522041886952,0.5490424886877798,0.449419298233124,0.37534118715131104,0.21927665950980038,0.1748407805914592,0.2008226925006962,0.1802227225525824,0.15448526571411028,0.12007603840988657,0.09701482771610487,0.07994121908503012,0.07623252303121018,0.07609351887556066,0.07606075262481367,0.10099305199905603,0.12259105602157021,0.18052612653330388,0.22504337854813977,0.26692952038636986,0.3164373536769836,0.3198522134915581,0.34131433141840134,0.3318855297791173,0.3951917944669367,0.3938032844107604,0.3609649705105699,0.3013339414750368,0.2074754782858575,0.1709264513723063,0.14761617889088338,0.12362440251639417,0.10540834624365414,0.08683658461785604,0.0796301192732437,0.07393344918878776,0.06772996897159997,0.06595088943106857,0.06370263398149836,0.07806814630107624,0.09098531506807861,0.11362975588101744,0.13352631948108273,0.18529194476991687,0.1749467107010097,0.20736512506851407,0.19679106670203164,0.2145730529372691,0.260967297909859,0.29019459731329894,0.2296418581788526,0.17200321939941265,0.1658667248332011,0.15092913893436682,0.13331096462096856,0.12150162271905061,1,1,0,0,0,0
0.05902267455241974,0.05085504140085727,0.04253060375835958,0.041815389123315026,0.03854434187199121,0.039040166235784095,0.042598412577218595,0.07194607898390142,0.1792945296018154,0.33027956914552925,0.3422005066276916,0.34353945495988664,0.36747224775975734,0.368130093344421,0.35440487550624317,0.3409919547277053,0.35472928293875183,0.33319993108311985,0.24284576817562747,0.18439654011408804,0.1892158217423963,0.16490491396755988,0.13177078783219204,0.09924290605029142,0.07055607595911992,0.058349309788036006,0.0528969243675953,0.050165639650190594,0.05065734551213961,0.05146884924415975,0.05313881563519356,0.10381748010110006,0.21674785640373195,0.27433951772438864,0.335026235339293,0.47029320032814215,0.36647496893683845,0.38045999867027636,0.406556177641111,0.35302595982947854,0.3329801486074932,0.3187879125988482,0.26207797781420394,0.20132772849122185,0.1682875904303973,0.13140475035712273,0.17743347854208896,0.1032498074922871,0.08686497318183779,0.07215831569914177,0.06186101360859088,0.054279655950265876,0.054191070422363506,0.052775531322378805,0.05829535261850008,0.11084439517348472,0.21064666822895217,0.28386907770584296,0.34269542047908313,0.3916054365499591,0.40082025289994705,0.3840551835544105,0.36444223849359936,0.3293441994684424,0.28753310581372626,0.27107689720130457,0.2329731976323089,0.19046625158382913,0.15706773734652327,0.12889318087341906,0.11726720255168964,0.10374933249588467,0.07945751502713878,0.061865894728766975,0.061119712377126455,0.05341338706966321,0.048453028493303275,0.05140760498415122,0.058270134894575706,0.09665134285165575,0.19174891884555292,0.2851083586249854,0.3687355882717401,0.38636903085315394,0.3603506756274595,0.3592433034599722,0.36035401708635484,0.3695169226070609,0.2976637423536623,0.26758167790241155,0.22605531752423016,0.17924626563719567,0.15882194884905282,0.12140237347301533,0.11869868293503084,0.09394698861718982,0.08795615108227325,0.062004357639919176,0.054911936958585296,0.05375746483418943,0.050658522344510945,0.05177718772135979,0.060166316484257146,0.11539837276497084,0.17733273423277285,0.26509846631184875,0.3287525076527557,0.3498222808632352,0.3202318079107086,0.34820496011288793,0.29525754715776587,0.2849954645195576,0.27527168793128154,0.23448805635136669,0.18949382870301285,0.13725940328934308,0.1061033421679441,0.0834617491607116,0.07790829615837498,0.07792786823313291,0.06734013017202108,0.053251917032527823,0.05155419371307915,0.044040892076753727,0.041449323168629586,0.040031792931982384,0.041775177645447734,0.05579117346249336,0.07691020537640729,0.12639478175117777,0.14025777352462238,0.15973158480098082,0.16017737599547047,0.12682269552934755,0.11489597961015473,0.12749977532533638,0.1570586904228796,0.1577298650991426,0.12544624918977207,0.10612187982666295,0.09961396989892217,0.09504783578654223,0.09824380114492645,0.10966852777749946,0.06880969803078951,0.061781506016969405,0.05410285935655694,0.04555303598561609,0.041380721705640056,0.039320559130739806,0.039484522922351266,0.058239863600668074,0.04888751553366127,0.06209394317345362,0.06523290298006007,0.08345688490920233,0.07996053735472206,0.0783555032867253,0.07846135645456931,0.0841240204254664,0.10618861752597146,0.15127668257905566,0.10993424537044215,0.09578529260357126,0.08563436539449194,0.11570038820658572,0.14462267430911407,0.10303363799055046,1,1,0,0,1,0
0.019394177196703874,0.017102627958085797,0.015478153743435244,0.01486616189040148,0.014676049151829842,0.015390134391166694,0.016792191243224633,0.026098777436732817,0.04542588935586304,0.0791915654572423,0.08282664298960693,0.08631744149965027,0.09127114070248322,0.09956184783787096,0.09028636039264025,0.0849613089403741,0.09279026815346672,0.08457353435013974,0.07855122191313546,0.06572245735464531,0.06121880005825653,0.0484828628028818,0.04802391128832793,0.030680569066903248,0.021279428419297402,0.017859105342069147,0.016804134299757016,0.016112877090216905,0.016050011417384973,0.016470958481482986,0.01728901590640456,0.03176691669543891,0.05619562542605083,0.07455785724145775,0.08698514532042176,0.10991137598625916,0.10209148178467954,0.09678199192503377,0.10260779596041458,0.08917147178876374,0.08577647401362219,0.08082009563645293,0.06966705602051874,0.06392413953318751,0.049650809710489116,0.04707877447073955,0.04656873049409398,0.032526695982705786,0.023381747228386655,0.021467085936688543,0.019066284957224636,0.018304151688992513,0.017593052216043056,0.0181800032037628,0.01944985680290611,0.03444762633194643,0.05359309867983875,0.07332757344468838,0.10611810877135755,0.10471783076418273,0.10617921424303073,0.1115152683684137,0.09508037771034998,0.0874759310829989,0.07993242922422931,0.07833897460548067,0.06733745817741299,0.06040825449718569,0.05214994782487235,0.05064038657458463,0.04126165528832756,0.034516564172421924,0.027199480046512885,0.02095820992563114,0.01879187582436472,0.01710911140401478,0.016399949569008428,0.016391026190676002,0.018683422441928874,0.029067015603376902,0.05270719661818949,0.0717942320803085,0.08922091435500384,0.09813563306266324,0.08978419742755037,0.09000975087244358,0.08360031891558355,0.0846918798817404,0.07713325453279404,0.0713025536600657,0.06931791727219007,0.06219882710406977,0.05434163272162134,0.04545079868791955,0.041636797469760956,0.033692133108667734,0.024432466031130043,0.020458547488487716,0.018086887444418887,0.018433429262203312,0.017113307909998963,0.017796460118243138,0.019885357475753398,0.034296934941350166,0.04888448086840149,0.06662780722764702,0.08354637420848769,0.08889575796931544,0.08370882561520875,0.09420240495144092,0.08264824909968169,0.07383009275709462,0.0785524821067696,0.0658407970028081,0.06407960006604797,0.05035871256209091,0.0393019654566931,0.03900918923644875,0.03633235606666501,0.034337523819053375,0.0299756764034277,0.02355513892946669,0.019792536070168676,0.01976679583360539,0.01882013420819671,0.01913295335038949,0.019384732187612257,0.022291680878658408,0.03264260775102562,0.050124670751238214,0.056608672037463774,0.05974612441251245,0.06220574994262063,0.05178469473473669,0.044051607716954426,0.048665575297486434,0.05047221262180422,0.05251062429128238,0.044966716122277026,0.04429718408754834,0.03690773490905729,0.04130842797234792,0.03767374216135869,0.03590198864687869,0.025163557300146595,0.02216291016610422,0.019843165611527627,0.018633542899648754,0.017601442986438162,0.016330326426122806,0.016466014346119967,0.01991564929690374,0.020918436208923922,0.023848613552140685,0.026069354639269255,0.02886536264079993,0.031235956345494885,0.030997838083069017,0.02813364392450653,0.030568758045081818,0.03409345216797684,0.04039019887520839,0.03343614861905474,0.0308818059206553,0.031002073530410214,0.03682797606264675,0.03714533403094336,0.02998911657017685,1,1,0,0,0,0
0.02048112022525481,0.01731494453573953,0.01453613154226572,0.014658633039006452,0.014703797077449477,0.015214230648459835,0.017628575954489967,0.025695488200729262,0.03359019075162705,0.04506634685455876,0.04774370693891007,0.051251147197504815,0.05333085247034409,0.05866881663864982,0.05723247780515644,0.05606459465685633,0.06375207016785514,0.0547136971637842,0.06321796416494506,0.055091512439346506,0.04584490644590629,0.03900712137982749,0.04139017049445449,0.02739368212621285,0.023721302418597563,0.01762921838166173,0.015975741413865364,0.016201514258787488,0.01580298867139463,0.01579038177681851,0.018168859019352158,0.02845677558142378,0.03992877514749862,0.05585929098333235,0.052298226310584624,0.05834164520079873,0.06636547468943034,0.06375945983431483,0.0682002006616956,0.06444070095076147,0.05733038675342708,0.05507952597479075,0.054954796770003145,0.059476124330642206,0.04729144296926989,0.046352368688856345,0.03842440266701045,0.031146222695184744,0.022358225433996338,0.020209968854857777,0.017714690337083866,0.017865237799958692,0.016518751675451273,0.017370620312496907,0.01938447264894203,0.032073786489217236,0.040321319228407086,0.05488801766710833,0.08059712509208752,0.06629714586519789,0.06528739099855219,0.07391061220653655,0.0637522186479272,0.06601273628244664,0.05994679282804559,0.06581151473971229,0.05996962732615519,0.05800752049851656,0.05310622020010636,0.0528278277102877,0.04133708402524445,0.03523155860672,0.02893430912391177,0.0211719832528541,0.01754963524727706,0.016402166883340254,0.016493990058665954,0.016185837556372092,0.018023820417404787,0.026293959728785204,0.041362767678762444,0.05458480487985178,0.05928007362709874,0.06541197019341354,0.061142715189595465,0.06560283185803083,0.06661480679359214,0.06522904460609973,0.05955246578270784,0.060706437560090115,0.06145771536259323,0.057960879249779204,0.049412019193306414,0.046431680295724885,0.04075888556383123,0.03602331908678242,0.024017216937421912,0.01928833668660593,0.0178150328446172,0.017914544664838383,0.016244404842879347,0.016953504727166058,0.018671760668333547,0.028324743682343542,0.0414709353892453,0.0483133369336795,0.05290864928891557,0.05947638502802211,0.053156826303740856,0.06846341044851893,0.06431266563549584,0.05753445786489589,0.06136240827156688,0.05309197518209943,0.05892074371974322,0.05020003295313163,0.0423815915101956,0.045869391371997074,0.04007559619039484,0.0368292256874229,0.032413930818021366,0.024082617724037476,0.018905776445017952,0.02029476650007795,0.020777350213299486,0.021689453410100992,0.021816074466160993,0.023895461769344203,0.026452146581475777,0.03461192071771717,0.03934768382372247,0.04621425798508208,0.04747783327494338,0.04145585614334023,0.04171884098409128,0.03908501473653743,0.03794134200248946,0.040639853981611226,0.04322064958308139,0.048374230450639794,0.04122905367002286,0.04591684586353631,0.03868136457278893,0.034024212377605376,0.02537762231511411,0.023687855714614063,0.02004982116731833,0.021528246215647636,0.018629848415701037,0.016685951953339433,0.017309729113475406,0.018725145800851273,0.022280971745538693,0.02742659305793976,0.029453067427677955,0.03286559737667336,0.03450156521925931,0.03779584071073616,0.032062113470850855,0.03135378382073452,0.030871029575433924,0.029767245140464294,0.03389088009382224,0.03187689554259781,0.03378313718858069,0.035959218294027505,0.03155398143495345,0.02733004269077872,1,1,0,0,0,0
0.024740979355370656,0.020754403596290213,0.01835753991724362,0.016958620361928363,0.017665558057503146,0.017382030836232534,0.019369670380742735,0.02784440275375522,0.04048928591577331,0.047523472214897215,0.05377190412611235,0.048766349534175885,0.05304660401192871,0.05336901263435737,0.06160827581373999,0.058504912581417434,0.05636798189228955,0.05409649236182081,0.061285780741551624,0.04821576987408827,0.05189958764074538,0.05357279785474929,0.04682017931132479,0.03834608841848321,0.030821200680944752,0.02561896745000601,0.022819437814137658,0.022752666226297864,0.02216624058021816,0.02035660689318939,0.023182884422259444,0.03454403966002103,0.04828021891592659,0.04720299609793584,0.0451426425528113,0.04767365231280182,0.05443404012145023,0.06194341945976305,0.05209632383025944,0.0519003944966593,0.05140548812828891,0.05706081692468612,0.061374806785904096,0.0546094978032633,0.04465784738758202,0.05532900240384076,0.03785254430610451,0.03091801317809851,0.02314376811158324,0.02101778651679284,0.021507619133572763,0.020387215116283882,0.01937689602876156,0.01956425567728122,0.023468428351074957,0.03054221440020138,0.04389451755303545,0.0483413347636357,0.05365530750568477,0.04969524747458643,0.05535435257966824,0.055329086080389264,0.050475684247142334,0.055954365447906024,0.050716504555710876,0.0574610921453034,0.06355184619365617,0.053197760243996146,0.04622252144061047,0.044478327216883204,0.035014739877169035,0.0361176675336338,0.026055089115517426,0.025648441471919817,0.024368391215064338,0.023428370824114836,0.021237015834856106,0.02119843247342777,0.02429378076266663,0.0348689129917409,0.04778755408953229,0.055391136843037876,0.05345424837762273,0.05409933713765946,0.057717553268225086,0.061840502004548825,0.062013040894996034,0.055903412940982534,0.05707814132858336,0.0642564028889839,0.056278281069468424,0.05271468298787924,0.05013474310065399,0.04353368450783429,0.03767669205354293,0.04949460008874904,0.02630142604141627,0.02122247717497215,0.019701917574695006,0.01844451536602482,0.019634682800274975,0.021538237037507946,0.02466171732339194,0.036417668015282165,0.0514090668508381,0.05694785453411713,0.05409902643199889,0.05146732565062789,0.04939986692464631,0.05246197584002921,0.055886077435963216,0.05573651984261349,0.055951387158728674,0.05218273454212563,0.054451456430487856,0.046970667053379295,0.049438477199019566,0.045451720238720884,0.03861121883932106,0.036616936426881276,0.02961981680238065,0.025695656328133944,0.02018164353246702,0.020089961365667066,0.017946147781637375,0.01705869716864459,0.019325545338971226,0.024050179977196346,0.028855318808956143,0.03625260033611543,0.04160368377795134,0.04777480691693362,0.04883384042994442,0.048437176359506125,0.046120088716251686,0.051428887383013266,0.046677260241341674,0.050950130377101534,0.05550190040201752,0.04750774657306582,0.04579479687042728,0.03953673692863182,0.037352771048753744,0.03284310741040759,0.03130697821589831,0.02725366544711899,0.01964143598241173,0.02017971673501547,0.019025591822698237,0.018502083612244057,0.0188554928726645,0.02021415558110591,0.023369842492906367,0.027202169566534897,0.03298626657334929,0.035052901006526443,0.0389607490090043,0.03732063716101714,0.03991733533180812,0.034205546085801494,0.04177394075554641,0.03766777945367062,0.038069364074620284,0.03829224237638087,0.04025574015854724,0.0432643692301886,0.03385738992470225,0.03275638479249763,1,1,0,0,0,0
0.136802522785126,0.11421198190965694,0.10377190445136755,0.08759474330707329,0.08269153468929229,0.07552705530051501,0.09916787132950874,0.12980896062207675,0.17306102727031475,0.17044432821081265,0.17294181268821196,0.18210127546352883,0.19444809673047553,0.1833979055703712,0.17978802876441732,0.178301650536692,0.17630616780479708,0.17344990413411426,0.19256856792993587,0.19129715395239952,0.19680612533779085,0.19675177436741578,0.17179632152660743,0.18551255605725203,0.1577748178308613,0.117366549989877,0.11903491101511876,0.09252825718149467,0.08772876073080821,0.08292537441830619,0.08833038916731902,0.13904418762178541,0.19616294151772873,0.19318899872723558,0.1850984943894937,0.18354086863452868,0.1841924586629448,0.19866293326290518,0.2584315354465504,0.16538666160667415,0.16863163771230916,0.17791580991177033,0.1804266845265021,0.17071389004503018,0.16913200713951584,0.20607684185579042,0.20494458001327207,0.14985062595694232,0.12154682799265505,0.10955195096206553,0.10369743278403411,0.09346965764924434,0.08446201706525168,0.0822389376646714,0.0917006533656888,0.12973226661890966,0.18811561774922325,0.1852278457849612,0.18718058901029838,0.18576463640076446,0.1850512808696023,0.19624445593366696,0.18549204996245905,0.19122239287550913,0.1679994343160124,0.1675410087295782,0.17754740075579858,0.1765530126179696,0.2143367392800275,0.22237162493652526,0.21269744335292537,0.1849257227270469,0.14577403986318643,0.1318003418367279,0.11538669891785001,0.09555583748468514,0.08424597070988425,0.079334480850819,0.08713132816784488,0.13047170169335198,0.19385068343892944,0.19829043366240184,0.18600713496392002,0.18246406777825547,0.1960331706561691,0.19839535827322696,0.21724453668835886,0.19540627458964427,0.1823735196155392,0.22447990892312183,0.18931860089878239,0.18369902800413251,0.17860679111043853,0.18913461686976252,0.16517935836155717,0.16322694557264286,0.16338631871730536,0.1394238798648068,0.09720032452161179,0.08979938892080648,0.08293445022969427,0.08740143659798251,0.10212422793648793,0.13969952758024,0.1867326034503033,0.18976001347428473,0.17092354246129857,0.1698602780690806,0.1786564427880835,0.21166540318755883,0.21460786946129545,0.19503833046354987,0.18739409953854316,0.18415163354021172,0.21163194789717332,0.19874110097494743,0.21169796809753735,0.2311430810234361,0.18059226169240525,0.18072227902067298,0.1391929619815324,0.11266465530859168,0.10277938880490836,0.09603690271641102,0.09140136971961713,0.0871513537463081,0.09069558881559431,0.11997065370124765,0.1436776594503613,0.16141089678004317,0.18442159320659823,0.19861113039944883,0.20071179604026904,0.2111918617537496,0.18907005291124482,0.23436995502255958,0.18502458003204858,0.18679515573596897,0.19866612122865165,0.17257614543632505,0.16037564087764683,0.16183169367167258,0.14599392789773746,0.14957013406490657,0.14258731192080984,0.1266930868920359,0.10093738931931767,0.08890334065897178,0.0849841569781939,0.08808295630437271,0.08068620136695608,0.08366371127705025,0.13083268774686613,0.12970393308832082,0.1464940986309116,0.1410177208917355,0.15184703998020066,0.14417122179744368,0.18393973260328605,0.15583444148506118,0.21686727711949755,0.16536344123436858,0.15745410261393086,0.17952653833326934,0.1816998139312684,0.19302687968001853,0.1682298218023476,0.19652641088962877,1,1,0,0,0,0
0.1470816013385707,0.11335188058228608,0.10733033629903975,0.0913392331561766,0.08421754669895418,0.08103916317398421,0.1061138739597161,0.13204751330602177,0.18846946429906897,0.19907796451408782,0.1864270110536338,0.1855362599323197,0.2034671304808209,0.20178836211656032,0.1826331535085265,0.1634413405989724,0.1695110093366286,0.176919086615444,0.19078762328692725,0.18822266341197558,0.19879127077475783,0.18039475180359366,0.1753113229395406,0.17455040534882948,0.15020556401441199,0.12246490507475946,0.12187647716959325,0.0973221671506251,0.0913235438089359,0.0893601022755229,0.09802968222194175,0.14296395843343093,0.20228938569343138,0.212617659891182,0.21382841277758083,0.19532063958501655,0.1991110394454522,0.20176688270207022,0.25998219284090035,0.16832613156408563,0.161249274240746,0.17048385168687982,0.16673383690405547,0.17313744539739173,0.17027572033157487,0.18410455126957462,0.18551938905993842,0.17138516228272305,0.13685840699326696,0.11788342628320085,0.11025261821742256,0.09397426525634815,0.08721939827922455,0.0859180686296331,0.09705637263121582,0.1549726365595256,0.1969951100244197,0.20093242358879135,0.19766717922476545,0.20863822225030157,0.19883114914455263,0.20461144521401894,0.18681825831826748,0.1906090226775135,0.16497329515864995,0.16710137988242174,0.17422174344388705,0.1844394853472171,0.20305182469012656,0.2041987038484229,0.20277167112275987,0.18893160173846352,0.16141067045584118,0.14287582721515527,0.12025507203202407,0.09922399420399468,0.08824818323677827,0.08586092938948321,0.08966031735027667,0.12976641885498025,0.2013322533607806,0.20651533025047578,0.19215455669460813,0.19055258258000368,0.20168610304532855,0.20074017655506649,0.20426825268006601,0.17783696871232638,0.16820648454814882,0.17651736906990217,0.17391240495896815,0.1773365155065949,0.17223418560317358,0.17356151178957774,0.17116130156999898,0.1765317183707078,0.14654916238692675,0.13608711113647662,0.0996024847855485,0.0925979358003137,0.08572520583230242,0.09009508998621438,0.10232130974930798,0.1398723470656774,0.1948223780198872,0.18645574645371826,0.19040193459731689,0.18601076584904958,0.1805225166095093,0.21087862130908183,0.19435984941720882,0.1867622144437228,0.18794865165730862,0.18455207923435932,0.18021231632734822,0.17807245706780733,0.182479576197598,0.1841015777398722,0.1604807907093571,0.15702217711966898,0.14193561464288906,0.11327696127332226,0.10840430197613772,0.100215064649013,0.09430565331259147,0.08683980222992135,0.08686587641336152,0.11006362025365457,0.13282985739460204,0.15843491477822133,0.17109004771333464,0.18043690293951187,0.15732050210764256,0.17321272248689507,0.16300560094682806,0.1576884913612809,0.14385469038219542,0.14056697895209722,0.14855007725706731,0.13935358039504658,0.15063147233189736,0.1474903738878717,0.1337937146111583,0.1415377029384382,0.13219716455715763,0.10913056136197793,0.09208764982994412,0.08326121567679802,0.0805893691388937,0.0773808192983933,0.0769632406570581,0.07997469784067687,0.1001850577325182,0.10886650803416927,0.12077114234834,0.12386183893916168,0.1357002542636688,0.1265222026788061,0.13879139633488016,0.15253035341794063,0.1469892634996286,0.15982323613628074,0.14804182251998768,0.15551742520611725,0.15788051711981188,0.1769653224581744,0.1545624304680475,0.1676048343319076,1,1,0,0,0,0
0.16952415111389219,0.11929911328881258,0.10580184534014618,0.09392787860772174,0.08236568140534259,0.08334637563228436,0.11126746681279456,0.14281000969923485,0.18581091396261126,0.22204777925306438,0.21211513699140325,0.20932998738261321,0.24539965412744746,0.2388201989760175,0.19047333518141737,0.1887822629095433,0.1756130339892554,0.19236455050518195,0.17862602753660467,0.17065807040657402,0.1931058004525805,0.1766150286663376,0.1799229513234244,0.17353294799127328,0.15785950063160073,0.12537439269061512,0.10854464963564642,0.097271609623571,0.091093840809194,0.09128562474735506,0.10898311725207625,0.1576989722045921,0.19939541582188489,0.22338049784588632,0.23667757791666835,0.2131112319261906,0.21270084064952546,0.2269412241103093,0.19550198505412575,0.1907560988914666,0.1689406369505137,0.17578912944729785,0.16397426387032002,0.17970730352859549,0.1646554313157019,0.1813453433582365,0.18970961818163165,0.18927721354886037,0.1485358003004835,0.11583531430872773,0.11109240419193327,0.09383673490515676,0.08721401203440615,0.08740833065341563,0.11197975449073155,0.18540063972655668,0.20928257988049395,0.21417954149399274,0.21601146487723935,0.23691721125199217,0.22162299448251996,0.20688647283030914,0.1960687623551419,0.18650813322632998,0.1841845822675098,0.17868912313452046,0.1774112777128156,0.19823547133282873,0.19534050212948698,0.17307434059989743,0.19030237637156092,0.1832075691468344,0.18855271890258865,0.1392194257586687,0.11923259902335284,0.10401176552262727,0.09649967464444904,0.09238424292332569,0.09784460134206548,0.1383080432479613,0.21336025307867262,0.2141934666870472,0.21256404526625727,0.22556540478423864,0.23006187785788934,0.22605553238775164,0.2035516618460706,0.1866383893302666,0.17787180751142226,0.18255080468626758,0.18476815536068503,0.1876326830810208,0.1710500473235803,0.1790062591753066,0.1779348643529633,0.2009247068479111,0.1577683299431831,0.12334247731150835,0.10048289868205906,0.09343741573567489,0.08613554173124958,0.09043992038599917,0.1113196605954374,0.14108812533631412,0.20546308633438548,0.2045753936166938,0.2322864337990576,0.22797921319401201,0.21390733309443086,0.2246965853267204,0.19203762013771872,0.20092966773496318,0.1888561278059948,0.18359458730125391,0.17848211253181223,0.17665197493073034,0.18411608088193485,0.17953292678562885,0.16329437017553208,0.16067033507230347,0.15359467256784803,0.1220546442722719,0.10350411064745017,0.0992335860159428,0.0947246851606207,0.08152269960676412,0.07998488166264198,0.09999721981808397,0.13738848305727877,0.17522352829358046,0.17975050182779398,0.19047758620564167,0.17893464068625886,0.17016689864801512,0.16325509682111244,0.1522300550990273,0.15209771819175183,0.15169065571367643,0.15634679598367895,0.1532852382542801,0.1733051375062925,0.16605642835535414,0.1631642660212717,0.16059149389981273,0.14514620189806696,0.1211286314869181,0.09129581106035431,0.08668427643004166,0.08633907384458211,0.08128707426073485,0.0854645707877477,0.0870210442235764,0.11456372568079959,0.12326133004564088,0.13238413856395578,0.12925880488593688,0.1438002188979724,0.14426370767400937,0.15179940104304418,0.19373566253308006,0.16720002180681245,0.16078790600937093,0.1638743700067244,0.1781983373961917,0.17588256194924728,0.19259967377703593,0.16359004391421322,0.1764728157475074,1,1,0,0,1,0
0.10840561637634859,0.09140009467827945,0.07977826269884356,0.07528452580023533,0.06926158623140231,0.0758898151709407,0.08957745618797956,0.10928045200167287,0.14185043366102026,0.14021315137791446,0.13993080875783678,0.14247239272542186,0.16401464272885888,0.165777596540422,0.1378005777237887,0.15119793174209242,0.15553910049959171,0.15385670920578048,0.14491777450576068,0.14817791081980686,0.1500672283681103,0.14440292839189348,0.16073517278825883,0.16107924806521037,0.1433390714303775,0.10264623219316638,0.08746278336837074,0.07781978823034494,0.07422704931547086,0.0799926913678697,0.08588391180683935,0.11892084786058545,0.14867757880118468,0.15574703284879618,0.1642179980120147,0.15507859338056204,0.1486605848628733,0.16363800317622804,0.1510018194551417,0.14125225477766545,0.1410337667566176,0.1392151834224889,0.14354398131668664,0.14585158466984063,0.141398328636536,0.14992065345860564,0.14966160070709775,0.1490125092173379,0.11672438066533067,0.09549794651638403,0.08623430013404404,0.0792410585931765,0.07063472231449544,0.0708509736147821,0.08656502901732852,0.11686290454207081,0.15014482145941896,0.1630346685134266,0.14994776296011988,0.15034055476602376,0.14162710023423913,0.13422778807611963,0.15182948757160084,0.13855324562843685,0.13796130943808416,0.15842467946237693,0.16596076799738257,0.148277081919515,0.15558496800666263,0.15565110474166013,0.14052577180672465,0.14026353651171886,0.1419053454104169,0.11644256327342681,0.0984644369351878,0.08831752799137951,0.09464743470924426,0.07947914969707465,0.08603094708468863,0.1268619053086954,0.1672896877628162,0.15185207468182818,0.1513974458090498,0.1490877689585844,0.15911206182096843,0.16202085712337952,0.14420461565437329,0.1379301633971606,0.12720250619466206,0.15257891951605093,0.13719951671633968,0.1456531995003662,0.1306430840890842,0.14527640902266967,0.15573792230901165,0.1430856181086683,0.12291520298369721,0.09826224901821791,0.07890236359563607,0.07897144098164224,0.0692890154449921,0.07085927208860442,0.08469823783934939,0.11466128694294664,0.14811794652371274,0.1498468309785809,0.15919462465126125,0.15653806631402045,0.14758644282454386,0.14699017295279024,0.13455141612709215,0.14124635186201914,0.14621639003758888,0.14924137087886083,0.16390775117630574,0.1514345180869908,0.1515567472924908,0.18548144444221312,0.16173606496048612,0.1625245572526835,0.1298122324359003,0.10341351162494591,0.08547549092481391,0.08411252535776484,0.08387409373725949,0.07150613761509395,0.07747804784570855,0.08715939886986385,0.11810698936747278,0.13039703211426604,0.14701822952588842,0.1493217458863962,0.14927091225810799,0.13961116048465508,0.14465574628147987,0.1356692826976964,0.15023923055890617,0.15128212412327904,0.13551274866568075,0.13965467979238277,0.14543690175952653,0.1481557156187685,0.16341429097209148,0.15744592985234449,0.13462196810984564,0.10235977927014563,0.08618070677772584,0.0791329479583772,0.07501368347669414,0.07140640091641273,0.07514161379795747,0.09054915324271516,0.09785717915753077,0.12459378123294823,0.12273122552869777,0.12301245450805577,0.12618664261554596,0.13104266959869587,0.14412979355538383,0.1397893638310966,0.12900089841539222,0.16073825223845437,0.14579858148292224,0.16940293283068958,0.1557350868206278,0.15048546814364416,0.14778152847331563,0.1582685300310877,1,1,0,0,1,0
0.12519607878404934,0.10297375700993822,0.1068233916604603,0.08190748576173437,0.07755350216930777,0.07927712996099377,0.09897193035000451,0.1156953934976798,0.1418492060787048,0.15400283001232432,0.12420575698804535,0.15633873144684596,0.14549410155562506,0.15201559104190396,0.14264565610133065,0.15622848576347229,0.14618569838404544,0.16279180804616947,0.1673857431429422,0.17224160648213774,0.16770176568977643,0.16357633690505163,0.18528715375109422,0.17253007611221932,0.1384225962401888,0.1097579131483714,0.09795519613857075,0.08430675254445992,0.08023850427930036,0.07751577275601353,0.08430621100713492,0.11897039734450691,0.1468371883756551,0.12948838088237036,0.1446460661010362,0.1486675019287414,0.14301839571891084,0.16001092693808003,0.1334105049052672,0.1405436014613125,0.13286459908790127,0.16880312276901896,0.1583969983608682,0.17337461671241985,0.16282235842423723,0.16582896612638492,0.189886573888687,0.18609534164447253,0.1300428923920667,0.10706649404448214,0.09413283415230488,0.08576838368004559,0.0793826938961239,0.07920289963145463,0.08924229408660052,0.12269458873357883,0.1712171900255724,0.14398743630472172,0.131724021674624,0.12999016187545798,0.1251052784921714,0.12837015684458464,0.1469874397382012,0.1366235271306307,0.15128347786708346,0.15547064690821635,0.15695473624871997,0.18342680554250118,0.1548113397986711,0.16706509456415117,0.15309361427212664,0.14462181984830255,0.14625365512533153,0.13164218550147905,0.10533291411248018,0.09450434180523172,0.11552250004369405,0.07935082148285279,0.0871510597874593,0.11531103979339971,0.14106942933392294,0.12379089899196268,0.13232844265632482,0.1297174705918115,0.13100682789698978,0.13985308004678962,0.14968142934154954,0.14177275158218722,0.1451237442249214,0.15120671364580737,0.16684440639219308,0.17383487596704947,0.1678384671418495,0.17012995705800496,0.16904125060416894,0.14915492377230005,0.13406441623140164,0.11627133934910466,0.09603876117224386,0.09454959021443575,0.08421402788450032,0.083288408554945,0.0958843849963106,0.13034126627201129,0.1547625038098541,0.1506934737630894,0.14878951762186554,0.13960357744408536,0.14045056442266826,0.14389399569645672,0.13793806026243913,0.1508883339494983,0.16991506727323855,0.16165322588513195,0.1730591688079041,0.18680680423503687,0.17254906577256024,0.17968921451168832,0.1817467451678816,0.1533276601452744,0.13461393891820378,0.1113535162243528,0.1009054690096052,0.0912896840843079,0.09782983918704535,0.08632735759221573,0.09090397620374026,0.1050852434124103,0.1263151960450366,0.1395305107638523,0.15948423760535985,0.16617997553048283,0.17275278753802856,0.14994066138589354,0.17891408970025754,0.15611202810137587,0.15798696730571038,0.1752552053144356,0.1541608491661061,0.15139624678994482,0.14966996295512217,0.14271507379222054,0.148742190619622,0.13196423334067087,0.108476165215666,0.10236797791205188,0.09968725788667292,0.09968046656588296,0.08786020696189556,0.08697160422035796,0.08734828737115412,0.09434886143877612,0.1071311967661532,0.13056615877140335,0.21943017171233584,0.18823445890598903,0.15053406882879702,0.14618648169438211,0.13804597680328462,0.14208620056668245,0.1566125157115023,0.15645981501648568,0.15276525257338297,0.1587770087762208,0.16470988066114076,0.17863877330672492,0.18239961545855513,0.16837545936161913,1,1,0,0,1,0
0.08336449166020905,0.0667470793056747,0.07312421066716965,0.05734022638660869,0.05385460325869312,0.05557787366268756,0.06351598593273507,0.08798494717956493,0.11451688782284015,0.1313196881924154,0.11620975469496911,0.12816680924037635,0.12220418709873382,0.12631337126916575,0.11966532113346134,0.12171625677814904,0.11946595405175015,0.1317721648481532,0.1355427033330392,0.1285916019055426,0.13011420496794393,0.11892613226062017,0.12082906225465201,0.10273313681578879,0.08638439561804692,0.0693764225340216,0.06627100822717162,0.06084928384715672,0.05750771953353385,0.05751363573729573,0.06234730053403353,0.08635730153614361,0.11483443381490377,0.10953742607767483,0.1284836366344499,0.1284210344783075,0.12210958768863088,0.12174216414015437,0.11517718075271698,0.11671311553018457,0.11179588591341122,0.13727555067879707,0.12818706027958804,0.13633928575575904,0.12717216350744004,0.11283275714887993,0.12260430497822324,0.10864151334989616,0.08741024282815983,0.07381879413639804,0.06891601774399396,0.0640076415109369,0.06267245758108776,0.06216729717738314,0.06892711418722987,0.09320680199978093,0.12103489478792429,0.11278412652742201,0.11209062621183209,0.11154710591644042,0.10758020386231776,0.11515046200168659,0.12422713850786257,0.11193630598653129,0.122928808337959,0.12763025723516616,0.12455183015635665,0.14294290299436532,0.11675637651752915,0.1157630098350788,0.1092502102003604,0.09885820345164736,0.08623484594918265,0.07537636413000785,0.06807789898731184,0.061894775103048034,0.05977852541314667,0.07069619387957943,0.0647275171261169,0.08964548947811167,0.10693217487252045,0.09687482870264451,0.10804468164394185,0.10574284410677834,0.11156007556493938,0.11935234404980341,0.11920775240366593,0.11417538226455866,0.12134913262001312,0.12970781600340714,0.12681557113633535,0.12899248891656784,0.12627699431207046,0.12090483954516378,0.11159462701787981,0.0965710649826207,0.09067839783366215,0.07431669162764394,0.06800796580683365,0.06472609407671732,0.0634186628685348,0.06183382747406481,0.06959865337711311,0.09818097399064733,0.11586009771470065,0.11157647167908413,0.11932506321313714,0.11161915346948202,0.11415294823282722,0.1301108014903815,0.12280811499488703,0.12613356961243644,0.13892678305084158,0.12878457713049893,0.1390559451975864,0.14546859757868488,0.1268756989732559,0.1227281230775919,0.10674590900646076,0.10175567336328124,0.08708853140103354,0.07831007542131486,0.07074191628976577,0.06743179836820751,0.06931487944117773,0.06442646405005477,0.06416896379170925,0.07314105937455938,0.08125482600801583,0.10229415973400445,0.10782101652047694,0.12143031444775611,0.11810241124535216,0.10712847883990366,0.11678036614209868,0.10930574814494846,0.10786683336003026,0.10772920578631519,0.11498989186320543,0.110914792079854,0.10699068359220049,0.09726826690476217,0.09424684894368786,0.09364559826384652,0.082052072755961,0.07741842426656613,0.0705302840643477,0.0711536278168872,0.0659519375657856,0.06587084309294285,0.06520321940491418,0.06541391171052918,0.07011689644852874,0.08694222359015794,0.14355551457933846,0.13350031165222243,0.1074862954090832,0.10136554395719087,0.1029814036018479,0.10136186693938891,0.11005602122898184,0.1040642422682319,0.10736575963529589,0.10648965647052039,0.11740128663458034,0.1168500566095989,0.12184983728540157,0.10792423052590018,1,1,0,0,0,0
0.04122666216344183,0.03931751974647624,0.03785096026607442,0.035514023754714276,0.03496571976710319,0.03674794866154086,0.043819277645555425,0.061037071609830996,0.07942481402096249,0.08178215436068899,0.08324906121713758,0.08175935264048405,0.07705653102108798,0.07963229906114082,0.07545862186743658,0.07518557668056583,0.07663918514083078,0.08470669856911663,0.08086194543446097,0.07616942499304791,0.06504419682407485,0.05695724520588425,0.054182184336248274,0.045804673661235154,0.042230535631219215,0.03612072076380551,0.03780090063388746,0.036332168956213336,0.036005960717472876,0.038459345818189834,0.04699392706223254,0.0647440994439916,0.07789828168225829,0.078754963300085,0.07382739296054686,0.07398843559547064,0.07279693550553458,0.08408346516736176,0.08113101725073313,0.07492347420155465,0.07589423982636077,0.08192126910852544,0.07849488052625922,0.07089222501284916,0.06266382394058133,0.05675400138511468,0.053310861170819894,0.04863704218372299,0.042499732214161326,0.03561487597187374,0.035791270198519215,0.03566191891855654,0.035286581277352756,0.03979063636119452,0.04445445261230565,0.06196195520619451,0.07612694992155145,0.0727088211225216,0.07260197196130666,0.06859534401488965,0.06987336204225486,0.07557753663546739,0.07736200187844132,0.0675392979010825,0.07560364171307096,0.07704387855775634,0.07068831104497698,0.07330182958126327,0.062315566584510144,0.05620400696691717,0.05375047956994063,0.05020194547720248,0.042757031951342075,0.04014855283359882,0.03651487353054836,0.03600614583772564,0.03395284604524921,0.038736433982840816,0.043153884285101085,0.058037838963681754,0.06981396065877743,0.07073678359424782,0.07056978091470899,0.07271237955478925,0.07698468592254673,0.08608381121513006,0.071763008671233,0.07218486008670744,0.07615328974509497,0.08149257344081327,0.07616820431436151,0.07521694437695299,0.06749042864332438,0.07341250999085888,0.052760847642117664,0.052033999149087524,0.04960692348363036,0.042377397905190496,0.04196982700620423,0.039383040870789136,0.036854881221995366,0.03936098170954137,0.04543128349576093,0.06177131329722117,0.07109091892828744,0.07031608334252955,0.06766946029853245,0.06846171072760975,0.07024862407370239,0.07939717823199798,0.07579485950392935,0.0746971902761971,0.08416616017966441,0.07943016921530585,0.08225548689299801,0.0738851314326503,0.06696941169168061,0.0661985104676766,0.05603458381318466,0.05660202893789134,0.04981506804808377,0.04767800813602963,0.04241824943026198,0.04452197256578514,0.04083123088069564,0.03899904749247705,0.038171473790878346,0.044499324991798095,0.046931202413756354,0.05259889649201332,0.06365351350099092,0.0638964978089657,0.06741108898722145,0.057646374933172664,0.05667355203309557,0.052916737748962814,0.05571786797661777,0.05589605282259215,0.0610781590517704,0.06043976076811627,0.05160110764842994,0.05055209820333495,0.049348012688311065,0.05115961747757893,0.05577390452099083,0.06205341804591328,0.05846984318011063,0.05800306655596028,0.05279069829817033,0.040792998356922995,0.033045529077230316,0.034163873510593565,0.03771094389912646,0.04411939162382489,0.04760831779867648,0.04914638441484056,0.04794175317960804,0.04936560704925698,0.05039041396822288,0.05305097281065135,0.052380190138145176,0.05524578285457338,0.05902915943546177,0.05846825402507062,0.053158387256722214,0.049366200381782875,0.04789044517738332,0.04745878746488334,1,1,0,0,0,0
0.022173151343968685,0.021795354589470267,0.021007250924042455,0.01983423422755494,0.01973679794803846,0.020530665065462934,0.025156667398164193,0.03421051543205161,0.04351519749204751,0.0438681647271078,0.04416491677605868,0.04359494383788581,0.040941681864934194,0.04322577229066859,0.040258912743136505,0.041119261280627276,0.04108814155919292,0.04631595321218468,0.04456897034364542,0.04204413605547936,0.03379144868650061,0.031226472240902955,0.02978347238191646,0.025791693488780285,0.023628845056251322,0.020146601827249276,0.02081765041999588,0.019750247939767276,0.019957526111506935,0.021671792636824963,0.02666048324172539,0.03698078285755589,0.0430138112565671,0.04140160755958834,0.035268334238407494,0.0368780263598559,0.03649432345704462,0.04380101388253118,0.043313469739309995,0.040270856215052005,0.04073391541125042,0.045579605020029425,0.043235116172075795,0.038242848469660744,0.0334823181440974,0.030964877661013676,0.02947761960147746,0.026587095012036547,0.02278827896879124,0.01939957128744981,0.018919479037334222,0.019453924253706945,0.019064757980041605,0.022328393795094083,0.025178542455753607,0.036551232034420685,0.04318199416899326,0.039683351723782095,0.03765827994202055,0.034812106539761425,0.035917545370424755,0.03912304744436807,0.040206548184028586,0.03540905662147561,0.03852398863497026,0.04109347395215533,0.0388365218532259,0.0392913466170773,0.03304896205340173,0.029946523344004033,0.028005057924278626,0.025801753361024447,0.02200823547915421,0.02088300618464305,0.019116040651099606,0.018894573665755313,0.017841165964991232,0.018845493755061615,0.02363582812709694,0.031820163735757155,0.03855629300921787,0.03957753545615468,0.037566585705409855,0.03848955035745625,0.039952410286072194,0.045208675759863,0.038090345019170684,0.03919511800382537,0.040161175562344054,0.04591323334993429,0.04289298119124871,0.04108336405072908,0.03645604074375166,0.04009212544596328,0.0286166414281044,0.02946152220591182,0.02613440507226748,0.023394571010022985,0.023419852684185546,0.02167146528363423,0.020161065246561364,0.021896669542486723,0.025508125037456936,0.03421572318893832,0.0385057599412669,0.03797118917197551,0.03428151382264669,0.03589019826548692,0.03682779741581382,0.04035811662906586,0.03975044395137072,0.03927438579852571,0.044894729403691186,0.04202513147615723,0.0449276693489388,0.03934563577500722,0.03558685111169499,0.036155655130953354,0.029657543064191678,0.030697648530441653,0.027411879190049736,0.026439975588409246,0.02369747112652994,0.024596028776921824,0.02230018794515074,0.022396058571649217,0.021948672195706,0.0251993743449316,0.026478498742237302,0.028459492008688126,0.03424268587494922,0.03266904965960642,0.03465127364658714,0.030603782991216882,0.03067964169988809,0.02898142010582532,0.02932681387166503,0.029721861552309572,0.03281434023767861,0.03190227121005095,0.02761736904322192,0.027221808289001424,0.025945611860351887,0.026355501724206042,0.029307211540824555,0.03263339094590939,0.031967095226513614,0.03130817500209252,0.028093304129776786,0.02120743555873023,0.017000607906724904,0.01812163020575363,0.020041869037976195,0.022546482021714317,0.024433281638305382,0.024375568292059276,0.023588927149430033,0.025726084277499534,0.025829262923491695,0.027629005742015763,0.02723445575969287,0.028800368775688524,0.030229777497102598,0.03146310148470684,0.02756730242640639,0.026043191757624096,0.02489341932107293,0.024564446614126587,1,1,0,0,1,1
0.006469842070281904,0.0061667134107117084,0.006339210543532755,0.0062719810173183805,0.00631595109622435,0.006756184806432932,0.008510213235325992,0.011773547182403504,0.012863179624763025,0.012415642325686555,0.011592054869313154,0.011829867065967158,0.012394010200239707,0.013885326809400833,0.013202929059935987,0.014319791372217623,0.013624098015513104,0.016664925618973273,0.018885308921861556,0.016396567542164283,0.013667700927421733,0.012760347999293962,0.011409252437241979,0.01088388741855298,0.00815963983274477,0.007824719443578175,0.0072928795019167065,0.007289814921077843,0.00728516303161616,0.00824274524335377,0.00965808432574392,0.013311344124457523,0.014399100666159542,0.011885148214131768,0.009383125532617618,0.011231686231413256,0.010676822567331353,0.011451310851932996,0.012810871576135056,0.012711706024306942,0.013355962809684117,0.017535646629746354,0.017768318018068607,0.016213506527987254,0.013301877494412273,0.012689419538911301,0.010835846936368038,0.00965468823660152,0.008815336331323493,0.008063584576190832,0.007299432999851831,0.007512162715686645,0.007566005205790713,0.008456873656441974,0.009448717838524167,0.015076517973320871,0.015486987250887702,0.014067276319275917,0.011494939524089162,0.011301051691905812,0.011433066748051354,0.011778131441862547,0.012954140545102827,0.012965004028708751,0.01390971636854731,0.017207616634942177,0.017476380440472415,0.015081629857733753,0.013022048242957626,0.011154341416401408,0.010008561944909579,0.009666233684096494,0.007514791505443373,0.006384645040746801,0.006127440935702734,0.006300989605399199,0.006501869524766275,0.007115148993451269,0.009066241270856545,0.012300702374075951,0.013128381639430925,0.01139034768313389,0.011191787954869487,0.010850949415179346,0.010717089906996774,0.011877956060753878,0.012638166138398032,0.01424166220666244,0.013885911903863898,0.01957286292352296,0.019064033962705996,0.016266228215730177,0.013325394332952472,0.012172595354304927,0.011246667989498993,0.01126182353224892,0.008436713049583008,0.007258958990753524,0.007414122973583265,0.0073403785111576785,0.007596745398511693,0.007915053239972906,0.0089448349480681,0.012087942006910917,0.01416909668174953,0.01180137261894899,0.010007563275180873,0.011021722120312995,0.011116690509625826,0.012332133343121823,0.01361549794349557,0.012941257871727405,0.015617299037230867,0.015593924112960346,0.018563989205575365,0.01623786709552797,0.013112052243204874,0.012445958442791361,0.010775608098254157,0.010167825410714735,0.009715203073483336,0.009205215069441034,0.00850986747403125,0.008340153482725786,0.008456024983927184,0.008941188881046527,0.00854560531750865,0.009530047329140926,0.010219757716309369,0.01175752353423345,0.01206246113405013,0.011014021787710245,0.012503893740995888,0.010863282521248845,0.011918038005152792,0.01368780430205196,0.012411021897668986,0.01292564012482915,0.013605485774793327,0.01215790131045308,0.011418008989593205,0.010807845830451777,0.009905157236743258,0.009686052085509482,0.008426966326866112,0.00697242049052167,0.007285681594910647,0.006081851184687682,0.005911228317041047,0.00654593678617104,0.006550007189450012,0.007206898121838264,0.007655429788530102,0.00857333545626193,0.00909699818640707,0.009837503783221888,0.00980149808777011,0.010514498153209054,0.011147384987911488,0.010954444409824961,0.011138605525910785,0.010942798051431887,0.011280752559112123,0.012858776141546744,0.011918933294145053,0.010133508480307222,0.009872639873255986,0.008943876239146541,0,0,1,0,1,1
0.009772643775932621,0.008745349052823082,0.008449655809777887,0.007818153841001074,0.007932147450758585,0.00832835574262691,0.010683363695418408,0.018418814318174527,0.022376764747078823,0.02240608242334557,0.019226434112044742,0.01842995465584415,0.020636128450825953,0.024194253225373337,0.023250599054016566,0.024541691894477396,0.02409197874512404,0.028667962637469076,0.03104560003709668,0.028427362318759253,0.02280967328091435,0.020490849913433487,0.01824401124485587,0.017780801292329316,0.01252342537875634,0.011570522438862993,0.0105546142999838,0.009863871899747162,0.009756963869179042,0.011146199793209546,0.013407071406551322,0.021729004914653748,0.025576912209960473,0.022867191296922117,0.01911706980729292,0.019198816220255287,0.01916108019124813,0.022933821830266515,0.02205499848335816,0.02135208567901999,0.024895669762622866,0.02866501670606978,0.030673658028780637,0.027104211845557932,0.02021591307459808,0.019562231645634014,0.01773990609712898,0.016459475182395416,0.01534646185359412,0.012506777591816953,0.011293095809164279,0.009626456947421558,0.009560418936828538,0.010439288150847912,0.012158746770783851,0.021731993628092403,0.026199159335919424,0.023154347230576553,0.01837503514328861,0.018983148632273027,0.02009517505968622,0.02174218708792884,0.02458339900852568,0.021878095370072532,0.02478688088106856,0.030260868561802805,0.032106324989025874,0.026440325492500902,0.023078658484437818,0.018061015033711793,0.01679196738900774,0.015180305198266646,0.013059674644844994,0.009842206214323872,0.009271868488472506,0.008684699834629692,0.010760829361571054,0.01081454737867048,0.013404060404546551,0.01947377415043811,0.02483403750635007,0.02067062628315941,0.021626715220566455,0.018535954535341605,0.019478514564836107,0.023890749503989245,0.02060929733652954,0.023467194871009525,0.024832427687028542,0.030650579947749976,0.03126389543877954,0.028526408397082776,0.023792973643560922,0.020544036337278217,0.017973291487876405,0.01680878524153837,0.013452967433703198,0.010858565196015312,0.010339047953551322,0.010100945827179972,0.009939914890917808,0.010293012492993471,0.012068016063572795,0.019068289127374384,0.023830153479374415,0.02137717152922493,0.017177789617865813,0.018444990507563843,0.02071552265564522,0.023902495758368277,0.024441320518075214,0.021959467765674243,0.02566457584433416,0.026804975043045406,0.03681965422510018,0.028021469095790588,0.02382600454274012,0.022684780488506622,0.01769274601356395,0.017805909547997833,0.01665474525327671,0.013353973402325052,0.011474170152574825,0.011154023988858687,0.011481521442650675,0.010921269995927515,0.010699662576822954,0.012912406209158761,0.014764553829146206,0.01740274524521967,0.018938291523040683,0.016758808439855274,0.019377659023846434,0.017522010579443935,0.017935165730875988,0.021365136179878154,0.019364312881916645,0.020649955825502768,0.021870473223993565,0.019475097508297578,0.020835293056286546,0.0189135471746204,0.01941729672466486,0.01809730084760816,0.016516717394361845,0.0143758572185957,0.014346456909885945,0.009334454233161267,0.007990357654946016,0.008494793076323908,0.008583561045235374,0.009490756952068065,0.01067950308153528,0.012667022156190566,0.014710903085674784,0.017465639696666802,0.01623293848277638,0.017307646489331946,0.019827079369978014,0.019271528802263363,0.02126135366060155,0.02007786837048272,0.01864674300405517,0.02439923122976697,0.019612924412079655,0.017356851018689022,0.016763136619875794,0.015285100228273953,0,0,1,0,1,0
0.013696316918521228,0.01201410785855761,0.014248973331344488,0.011287605330972752,0.011410665556945152,0.013543063286772888,0.018639860187675557,0.026837922743603488,0.03701263542476499,0.03626943346246021,0.031259896028084225,0.03279516448234774,0.03209015460882176,0.034553449434643994,0.03260524979082222,0.03267285024635269,0.03362669736740122,0.03686560798601317,0.03660108750510286,0.032520302337236254,0.02720634475235616,0.024627962514262233,0.023071669827638787,0.02095345284809156,0.01948133091958975,0.015338773360977451,0.01282136486258954,0.012250975037036324,0.01215675522754796,0.015061068987043858,0.01692828701091218,0.026346474764091538,0.03432613699807287,0.03189029899328391,0.029282182540074083,0.03038417179465425,0.03171787414092718,0.030851158736597238,0.030621047688648633,0.029823082175888672,0.031344864927051984,0.0359463814746863,0.03446346952393902,0.0327132961782601,0.02645084446637971,0.024515998589134183,0.022463775600598992,0.020109176977191473,0.016521151776270154,0.014691646608631764,0.012931260346511568,0.012570708169706728,0.012928436934359097,0.014898302012959289,0.01837688784263485,0.029856732446065234,0.03717552338366216,0.0358854239684964,0.031466977140302076,0.030436061595652965,0.029001065577001717,0.02992197112414058,0.03126782407753614,0.030995368848547665,0.0308420276661655,0.038530839938194825,0.04018868776823024,0.03256257747767273,0.030032252674918634,0.022794789278471665,0.0207907431220081,0.01900745412815543,0.014808321816309674,0.01286084291460404,0.011743320166082418,0.01156248413485136,0.01197394548722275,0.013964183546079959,0.017257333968485687,0.027808546393694563,0.03530029109936635,0.033847277790715856,0.03316573025960807,0.03073414473610988,0.03280543938039491,0.03131680371557583,0.034455392571126175,0.03423570481842219,0.0365486716765673,0.04291926391885522,0.043602354142669865,0.034876514511202175,0.028418381340522835,0.02648024203241509,0.022284003263996745,0.02505320185330725,0.01727511029564881,0.0140667387772676,0.012872249442377318,0.012645521060884719,0.013346838382220168,0.014597314735131962,0.01733969372123442,0.030182321266309604,0.03767133549434026,0.02884345993924272,0.027192724147111727,0.027394701849137695,0.028274182704611725,0.028919217115420098,0.030718092861059185,0.029755006803575797,0.03527558380815426,0.03675930498518607,0.038024243178114175,0.03926662313596099,0.02910060857479659,0.02459066833542498,0.022097314964792884,0.020160395456232934,0.018449993610836466,0.01785372125281629,0.015374146457955326,0.014296484332840831,0.01381997198047871,0.014863634155603437,0.014432716926866816,0.017055394202375104,0.022902665479798683,0.028132824181364046,0.028817296307496056,0.02514029471116763,0.025488964480259006,0.027920505888041073,0.028692194865164958,0.02739692955787827,0.025784770707309262,0.026492986565138113,0.02641845334646434,0.025032511802823128,0.023929860180774046,0.023745723365323174,0.019681879102720734,0.02042292387014894,0.016544331824413495,0.014602809414232648,0.013391266593601193,0.01167833896930288,0.011651525182072077,0.01167329340516129,0.011614601120293142,0.01271852107882291,0.014955594531093264,0.018220699275412443,0.02519040883271286,0.023000535375879837,0.022421521049610996,0.021222853087769666,0.02404790966176513,0.024633061953291607,0.026078118013152848,0.026250134562654466,0.024309470464078425,0.02730309421319034,0.027075411339066883,0.025502247948891776,0.023198309702121164,0.019419578323664227,0,0,0,1,0,0
0.015092103088010284,0.01248360894992999,0.015622314087101822,0.012294388851414826,0.012229256363049834,0.016094226624071246,0.023485237439942366,0.032327055355085815,0.047667544230322816,0.04658657581179062,0.039604740272602454,0.04254454390571624,0.03983991224830597,0.04288063916129528,0.04178511022309314,0.04077779137382256,0.045243922373652455,0.0455569823898437,0.042582404984649457,0.036103197521196784,0.03002447469791724,0.024297543486854853,0.021526542416452427,0.0196813760645176,0.02238187965581461,0.01705956046413193,0.013379222699490094,0.012923648572371804,0.012980897501582302,0.018463526873008045,0.01975345219453867,0.02928554461477303,0.04092219732754531,0.03900506580692685,0.03677435315213057,0.037531880557706405,0.04114883366002503,0.03704156815627861,0.03741148789752029,0.03711638242907282,0.03916665291937946,0.042275364874727855,0.0399614859467144,0.03706212598161503,0.02719838734113672,0.025564867487087112,0.024399629311228764,0.020814582097714834,0.01574450955927515,0.014677836601703397,0.01355038686866802,0.012906637183597731,0.013472273000876372,0.01650418122411033,0.021459224083022557,0.03306161642816512,0.0426449928301848,0.045038165892921006,0.03950166955308371,0.0374830060633022,0.03489528004744773,0.036254340759755296,0.037999144449151444,0.03845471824069078,0.03827353434248335,0.047987351031243,0.05173015411343815,0.038541789051800154,0.03377579428225196,0.02384757354265237,0.02212597801417777,0.020021980890711073,0.015322949040972518,0.014446906813088443,0.012727888631667938,0.012213442856288876,0.012457520694101143,0.016093992725698537,0.019401813287945394,0.03311952738151589,0.043654825211305474,0.04378622580971969,0.043307212815798996,0.038435157104719175,0.04353649287353648,0.03922303532982403,0.04555698100586925,0.04211575104982994,0.04877989660411459,0.05470868422182172,0.058177593766368635,0.04237020026178031,0.031973263501820365,0.028958948574808657,0.02360621978600465,0.023600631505246324,0.018219691378166526,0.016039073507005765,0.013833676085458919,0.01352722671212424,0.014343538251203852,0.015831480008665466,0.020356819373354814,0.03729420403952887,0.04509294727669947,0.03632661455955646,0.03530921648700891,0.03470999061840988,0.0376864070351898,0.0368541039332196,0.03766576539458341,0.03687007267136533,0.04477877266001263,0.04935024233651335,0.04864733372203692,0.05064986948627967,0.03673698433844956,0.027345219413912557,0.025334290639299137,0.022354715823149345,0.02058142408120919,0.021200068004357357,0.018853394923576298,0.017193132142814836,0.015758810594954983,0.016848261145189017,0.01569781613895693,0.019190105037022478,0.029862667151367785,0.03524120018766275,0.03728582548137774,0.03135686263227704,0.028727125486932514,0.03540945966709567,0.03383038146371126,0.029611539254220606,0.03020112872328652,0.03129709669105933,0.029900863634425585,0.02788291351597603,0.027433784591503765,0.027069475533259953,0.02287799821288332,0.024702388654426005,0.02052477044272234,0.019490062130847478,0.01760693469171574,0.014637650425745902,0.013342092184773441,0.012643639024353571,0.011784360642507435,0.012917081071877355,0.015556346934850892,0.018807086424471712,0.027308838449467788,0.026102439781690166,0.025292113251877406,0.02308597574582866,0.025875652092625837,0.028577800489271707,0.03219645243337528,0.03088469122736412,0.028804156664864893,0.03056851006630637,0.031094784009654576,0.03034879263080655,0.02409679936041322,0.020335199704634998,0,0,0,1,0,0
0.015428217144940503,0.01253675036228905,0.015194697654918784,0.012013215531083804,0.011973460585833052,0.016038282919454923,0.023661511812452442,0.03215365873891456,0.04805334009139276,0.04873976775399874,0.0417493562673334,0.04369894785677602,0.0406573864546724,0.0424791090414597,0.042195716701998814,0.04118171133147403,0.04892693992623691,0.04593876344420396,0.041052951901813774,0.03560729471739284,0.029294420738594923,0.02317645714369051,0.020350517993405214,0.01822336060462085,0.0221245197836654,0.016321968201806387,0.01328046885506549,0.012784228761008366,0.013075023392957859,0.018949577271448997,0.019946324774520317,0.02741333665378606,0.03961426214647052,0.04127285235794478,0.039157654953336174,0.03873744437786699,0.04301975594625065,0.03820185191553874,0.037779848762275935,0.03759472298662347,0.039894303851757726,0.040669149944915606,0.03952483317463566,0.03587139517452415,0.026057977823923287,0.023696609906375028,0.02303641675740285,0.020006200220802392,0.014736645705378046,0.014105355086640932,0.013101198878518542,0.0122658769623607,0.012854991239172029,0.016109741798648238,0.021289559653983724,0.02988005919103635,0.04029286622037379,0.04589515914428062,0.04005160269591379,0.0380518520428543,0.03494985946847457,0.035616664449306605,0.038210424280121114,0.0384604937412122,0.03874901988946131,0.04642075530719672,0.050862675835758195,0.038512711638897565,0.033381102873046534,0.023767171112823615,0.022116148916878794,0.019151301041570767,0.015021743443723428,0.01512692565437288,0.01303491598698409,0.011969592247110515,0.012368279541592772,0.0161309788717629,0.01914984156245025,0.032544210434517364,0.04390526762264975,0.04619287370563994,0.045134364559908574,0.04031067134503689,0.045498450946392925,0.0402347605350584,0.0462991746164311,0.0417493686114865,0.05059845977673338,0.052562945421303076,0.0575624727523783,0.04131616198184521,0.03146770673777581,0.028221166985998202,0.023102047722396848,0.022893981610264614,0.01813627181902507,0.01604453412829749,0.01335492506544969,0.012856888451543912,0.013792259278425931,0.015583116696701755,0.020814748536641673,0.03679608457942185,0.04400897837467287,0.03937255582886017,0.0386562225878863,0.03770664512343049,0.04064905298934848,0.038602135527428444,0.038855171060522734,0.03952719496702463,0.04572596379062345,0.05357010182103125,0.051427840771494954,0.05321583008189038,0.04173030387766787,0.02906520323057064,0.02769521339135898,0.02467850725819655,0.02493226490358671,0.02768004885669075,0.02503093380900829,0.021076768257925795,0.017578789150718824,0.017036495061222002,0.016057433343360867,0.01933470893386749,0.0308479202639581,0.036345969611066634,0.037644410910164704,0.03278935306743274,0.028500307936841274,0.03626979816985862,0.03347410449724465,0.028305330070826043,0.029618781266806518,0.030384033065189633,0.028586715887749095,0.028218001963323868,0.030583878434964164,0.031325511358542675,0.027079808813725275,0.026688751617174947,0.023842230237707002,0.02528394796705069,0.023766208605128344,0.019903846752218353,0.01560244852123968,0.013362905264884739,0.011880177495606261,0.012516005554830043,0.01533191861362934,0.018613816218950717,0.02784301344737443,0.026243592620635466,0.02519487814139555,0.022919180466447787,0.025248934495470193,0.028666026056478843,0.03261111551358882,0.03113232578356103,0.029418805068898424,0.030219356263197175,0.030566816304773488,0.030449234181013248,0.02407671247713836,0.02088499848571115,0,0,0,1,0,1
0.013587642987066778,0.010831212246056144,0.013588583861449321,0.010355744147931731,0.010333562570024511,0.014297741307032583,0.021545611075004238,0.028918173725045113,0.043918494957056436,0.04465064448037458,0.03794122495494066,0.04029911834874074,0.037305184928569865,0.03920196794619684,0.03886324229767413,0.037895066107040035,0.0445283867925567,0.04187792053573025,0.037127494660200946,0.03205891520845395,0.026346085834833975,0.020553513094505902,0.01799681466717461,0.01609746453255284,0.02006878384933643,0.01464410794364178,0.011504017388610807,0.011027173031287956,0.011255568259107333,0.01694861486186321,0.01770308152797207,0.02452452276900791,0.03582227296232268,0.03707468098543036,0.03560983531813089,0.03525884686843081,0.03950575491883569,0.03481805903092781,0.03428139363583207,0.0341517456912681,0.03639455545832646,0.0369908333279968,0.03543489213877208,0.03210445221278517,0.02315712240379257,0.02117249959700457,0.020775873501210705,0.017875219856440864,0.012786489630474705,0.01224958194641076,0.01129382599975235,0.010504376193065108,0.0110935117910221,0.0142226897334048,0.01919266784823352,0.02686365545018907,0.03654205544730807,0.0416743645204022,0.03670184743922964,0.034813101166976314,0.03197054490708744,0.03254739532451322,0.03481826978164905,0.03520510662460715,0.03522919148796046,0.04278882111977183,0.047047206849119116,0.034822580342591135,0.030353489470626292,0.021241738829000593,0.01986057562325564,0.01717158792520761,0.013386618897618592,0.013301460290620924,0.011416456750831493,0.010497511974455732,0.010893818879133267,0.014575665008240498,0.01716502692182901,0.029382955512180536,0.0398582213334135,0.04243653711978778,0.041611052321636484,0.03687489025783445,0.04210092119156403,0.036900345580624924,0.04283480205648017,0.03834552190943883,0.04686627329335452,0.04891170905397682,0.05346929794398608,0.03764741214401444,0.028528754895010198,0.02574534175043376,0.020677455661183636,0.020539642154793154,0.016215166340815365,0.014390873527681225,0.011811773312382574,0.01133971588816584,0.012156712549615093,0.013881957897246826,0.018644102498532492,0.03386651727393796,0.04025319553522607,0.03546963045291149,0.03539205377794498,0.03409295976838455,0.03717712199761029,0.03527133236330565,0.0354839345174249,0.036051454912272185,0.04211986393457483,0.04907632972496321,0.046834356485340956,0.049126099362239564,0.037672820550806535,0.025990088411132078,0.02475930140239789,0.021838030855287748,0.021745266570557878,0.024087047661138186,0.021666952126975905,0.018293175802702056,0.01522778739315117,0.015110377946069212,0.01408801342207439,0.017229127966497837,0.028313131496797254,0.033460817134957445,0.0348297497952743,0.029997529527244805,0.025927078609258948,0.03350079979361401,0.03095329354400482,0.025832951672188586,0.02699587472237091,0.027808143860726036,0.026107819942279988,0.025473693940147066,0.027178848925876683,0.02761363223584886,0.023713076165261776,0.023952533124085802,0.021168195968045006,0.022413664390575325,0.020754588937216156,0.017183446400684293,0.013620890490525981,0.011661150944801439,0.010334333473362947,0.01091884003771786,0.013649789254285172,0.016774407767592477,0.025579414645123078,0.024055383707616028,0.02311398672513393,0.020768051841866118,0.02297979466148651,0.026155036658172846,0.029964951184626276,0.028436276821763914,0.026693740048101586,0.027345101257159984,0.027865003665587328,0.027955865768294463,0.021789542252789226,0.01862692766449788,0,0,0,1,0,1
0.004410801052553347,0.0024858932448026255,0.0021856761862137546,0.0017250011982997118,0.0019996369356679727,0.003017875137055052,0.004691876542252833,0.005705712900187252,0.007189872231001415,0.008691936035300597,0.00834276912578624,0.008675198325371674,0.010483260055702416,0.010874786090799154,0.009906847590911044,0.012069815100132192,0.009154878315594523,0.008432338485097928,0.007573798739122216,0.0071891111306528815,0.0057524935590519775,0.005858665823337005,0.005060955285167953,0.004060156182520424,0.0040679950021988405,0.002725503369125956,0.002271294435015085,0.002182588399005256,0.002485545423594357,0.0037629717196698935,0.0041158913127131505,0.0052261776886699,0.006579001311278859,0.00663698999300968,0.007056517025538034,0.007140653848813649,0.007857277932991553,0.009603999509997603,0.007672927626830292,0.006878404771830107,0.007479025389372717,0.0075735234611311025,0.00846021135254477,0.006909863746824237,0.005237170866238456,0.0050940870027979465,0.004773213662845734,0.00411354512220243,0.0032448912639450617,0.002823084486007238,0.0021956308086694253,0.002124259569959033,0.0021868891290055363,0.0032485010304074916,0.004617099934022497,0.005703625925950764,0.00818640247599092,0.008769986614491347,0.007693198025343179,0.00864472462677302,0.006793972728512354,0.006829850029966398,0.007952730452400681,0.008554059719612015,0.008787099438710895,0.009811489461176175,0.010431764130375767,0.008099994949787874,0.006439234580967912,0.0060834613736987595,0.005385316259201943,0.004040511530175286,0.0032080581923638963,0.002773917139180216,0.0026964699009302826,0.0024543039892117747,0.002722313341346154,0.003919015355140378,0.0041875996595231325,0.006018152710264757,0.007936770698078601,0.009274789897312495,0.010592350188190916,0.008963155942923554,0.008970073339384106,0.007906416478215342,0.009049069398958765,0.008410309626104012,0.010967344223889158,0.01376457820755039,0.01141329120385369,0.007861213022450618,0.006940607273912917,0.007147113085050801,0.006525867203807074,0.006693524103838854,0.005004146824163412,0.0038279002434283317,0.002619544466965565,0.00263919923770203,0.0028546771732741467,0.0035769980525072083,0.004621688935874883,0.007016720514691232,0.008116129163658375,0.01212651093879912,0.011853842346896798,0.007541441226912018,0.008474379304702948,0.009503047850160373,0.008517873332591845,0.008969617887174645,0.009127912100357741,0.011604691059253625,0.01144176397362423,0.01108805113620598,0.009009625737734516,0.00871995216376283,0.0078089477219303195,0.0067775097726087774,0.009215284540062455,0.012173692938133985,0.012788280463166865,0.009438825149405243,0.005431683541301887,0.004046830714690624,0.003502349607560778,0.004734779268559773,0.00639381774544432,0.007197904623431523,0.007921958195950722,0.007479834914319538,0.006650265720601161,0.007940375274384745,0.008100144422809383,0.007663950159977071,0.007229995157077534,0.007779487723826152,0.007925588831696766,0.006744215540603636,0.008081231304002448,0.008832169922275535,0.009548196683307862,0.010694366919202539,0.008433080255825724,0.01145627272593259,0.012726019916297527,0.00972663213349942,0.005852491647587468,0.003238103852559247,0.0026031066932073344,0.0027145959202007413,0.005244501650221278,0.004528104677095176,0.0062648358012486775,0.006443628880333885,0.0067505985267,0.0065038130753805445,0.0073278089957083264,0.007712146554247077,0.007554565031358011,0.0073013065391491685,0.006294547886363323,0.006190542631416962,0.00643751371044286,0.007084987478360234,0.00857328127315923,0.006317289723874283,1,0,0,1,0,0
0.08311634916520941,0.06722719550148509,0.06062098497986884,0.06152487539832487,0.056192186234959515,0.05729479253706072,0.0714726606219678,0.11576209876914194,0.24163655867534983,0.3927159303353826,0.4517264854724823,0.49752229317888746,0.5513430568414553,0.5832817177460232,0.5863426013694454,0.5906586278926532,0.5454856961754293,0.5252532825139273,0.45683569166035204,0.3372047741036572,0.3192592477692476,0.2582627126232194,0.2251965380356356,0.14733989414852897,0.13108566176381897,0.10223706013476437,0.08837294793576343,0.08592171296609019,0.08459773134944047,0.08524563604224758,0.09461585904232435,0.14973936786797595,0.28387989824974497,0.4030000695402672,0.5257273901727024,0.5980294684800059,0.6502968552264843,0.6507722543863407,0.6513038455131502,0.6897797154438768,0.6104192798813585,0.606309107256692,0.5480370719367845,0.3829615642408245,0.2819603509703963,0.20035052731258465,0.18909968942402375,0.15999215559523441,0.13312253946033456,0.10999259139497569,0.09300452715608286,0.0862279408917824,0.08341554092119717,0.0855772374434904,0.09467450718545413,0.14351448860774785,0.2694003114104688,0.4428616809155178,0.5136200115517359,0.5571116484643754,0.5885414389216613,0.665145285085093,0.6666535290562866,0.647063907439869,0.6159727811740809,0.5498549648702649,0.5268889038188828,0.4166635280603598,0.3163447554241161,0.23205338205423973,0.18558403444032737,0.1572787448500163,0.13181213327289606,0.11058172693131471,0.1007628414051717,0.09037239915195953,0.08871132920800509,0.08669145223708628,0.09743902575323901,0.15480506017816956,0.29943127129351516,0.461898930110634,0.5742562442062943,0.605727564960007,0.605135915543411,0.6276709430445059,0.6593335035731629,0.6408665109014798,0.6117844772125056,0.5730438923980418,0.5216536168917519,0.37839820847442096,0.2960030965349095,0.233538383977618,0.1739208508853138,0.15363163053278397,0.14958673855523585,0.10274869064995623,0.08923088124180585,0.08875479986816322,0.07887243050436897,0.07803370293764923,0.10908214785482899,0.1602726740471341,0.2608856431223908,0.4290354377681331,0.5395612656210228,0.5661609111993322,0.5815606844380574,0.6519769375842389,0.6323021127869891,0.5842157136462962,0.5762690699305882,0.5196845013297394,0.44625669121861317,0.35935979053791023,0.23206679282201373,0.19362048739066257,0.20543349294160546,0.17017131600636265,0.16055576656433412,0.11891664137504125,0.09415775876808197,0.08153332799387103,0.07522793864724824,0.07656998449013801,0.07908457526009831,0.12185175911354837,0.12924247282623194,0.19881297045217408,0.25377409947365304,0.3120674257069963,0.37387864328329107,0.389923147237596,0.391458699826013,0.40043145295549076,0.474125757517049,0.49582435542596326,0.437940679202709,0.408477164846127,0.23299731935386533,0.20224407858097698,0.18859351657700296,0.14225477065662667,0.13251879266780545,0.10719073711864224,0.09027518862913292,0.0790682523070954,0.07438266449115222,0.06692443359981418,0.06374257103550943,0.07442841687188448,0.08826427004576294,0.15190840216928891,0.16193862922064522,0.2280143930390725,0.20178709128951386,0.2339926618679313,0.24669779216079793,0.26924183138138513,0.31709406362732745,0.3378720500878507,0.2797887308340763,0.19921135689843164,0.18650263867087014,0.1486037558004195,0.12192185967493104,0.12103347699026962,1,1,0,0,0,0
0.05760454064882,0.04094298031175638,0.034217357946482486,0.03378253909947006,0.03389259984039611,0.03323599618405591,0.038513715745684775,0.06293190091915271,0.1596569948620041,0.24178591171645455,0.2910186351072229,0.27981381660955945,0.275910976802198,0.2953873617208024,0.2940207675064638,0.28879033495271167,0.2732979796552641,0.23921528946819448,0.19618557707203632,0.16186832112568622,0.16373020065819638,0.12475723917248027,0.12402250023850332,0.08606316727608403,0.07401076778938807,0.05585516425896225,0.049097708942103,0.047326981310029485,0.04569612081105351,0.04586645750410047,0.05120713139467263,0.0901565310784548,0.17796506033014214,0.23843846010936698,0.2854915612047888,0.3274711139207264,0.28401340255527263,0.29324892954970594,0.3196783853057901,0.3249631450938048,0.2700799335025144,0.2578812874922335,0.22293710115922657,0.17065462447878468,0.12852540436156976,0.09287684357282577,0.11364673692053964,0.090694575861847,0.08427425890217341,0.06891688082436374,0.04975870408326443,0.04701077316981304,0.0438277635199224,0.04572586441260405,0.05066932846422866,0.08712434155339081,0.17593955249032425,0.2696735791562585,0.28730256589437303,0.3169707150779191,0.2924795691060176,0.32260388855225464,0.31931181515833523,0.3167352049236223,0.293639587308992,0.2662913023133485,0.22044161910647445,0.19257367608646628,0.1616237042846017,0.11778122758963426,0.10040640783648613,0.07688720255987506,0.06550293217493912,0.05336125610967103,0.04837905704715539,0.0470092995429068,0.043433390463022546,0.04707055633356985,0.04948297297230592,0.08004139957673612,0.16707946422042624,0.2837868918792363,0.30566329412310833,0.3255322112291429,0.31819240787251485,0.31445728617539315,0.32025821160481255,0.35852071342553216,0.3054464327157856,0.2921285189195864,0.2226090721246823,0.16901703381434874,0.12689597982809955,0.10577516700726873,0.09948188812233319,0.09059371292401462,0.10953733797643438,0.05761549998094487,0.05087775713553867,0.05181651273007744,0.04765077435070779,0.04852788505605608,0.05496218571051104,0.0822725385469939,0.18604367646507552,0.2774837654718654,0.2908473726690069,0.3199467400532259,0.30580423941443025,0.2957246613197615,0.2940018084938091,0.2645351391261992,0.26493994932133336,0.2309591843962163,0.19038887699886053,0.14575085068386656,0.11120399112078352,0.09308791869974116,0.07886493338962368,0.07913890994456299,0.07336539935734404,0.056061678242727585,0.0467181010292112,0.04164888045349009,0.044090968837992864,0.044607077834999696,0.04352989380443929,0.06733842291401132,0.066549493868668,0.10889228309589333,0.11865072437563415,0.1343640985811048,0.13785711156286395,0.12272512088420076,0.12094462856986511,0.12336607176959401,0.15966183725285846,0.17905347231197097,0.15281863597958759,0.1439171689796089,0.0933632208290001,0.0950574912254579,0.08146722840767065,0.07799322959117057,0.060913601467923253,0.05616651234155484,0.04847853429519901,0.041199599859827164,0.03966933332756518,0.03718464528161248,0.035555577994809434,0.04706983577148458,0.04704402053931604,0.06703148952663641,0.06857594771123264,0.10033825104436543,0.08010892331995173,0.08650499250180405,0.09177553449361614,0.089583982083766,0.10287312333945671,0.12003282710406148,0.09830636570900486,0.09574408322238906,0.08315039699306549,0.08547435760700028,0.07295959629256211,0.08172898631579785,1,1,0,0,1,0
0.018623313984835292,0.01616186315241609,0.014137945097455806,0.014830095269824952,0.014761397473308572,0.01390884173799209,0.016381736257608654,0.026495224462661716,0.036295368425684885,0.0657033247988124,0.06388247312764844,0.06456292542870766,0.06844995714646283,0.08160225602025024,0.07386086204128314,0.0742120849599328,0.07017204427417394,0.06905949756726636,0.06252950488583098,0.04920650660719086,0.040660746466693806,0.030632298698049017,0.030532638838196922,0.02400426164545355,0.024052561973507046,0.019154790830682673,0.01827007560637389,0.017867697884113756,0.017987315785455402,0.01874439061702938,0.020696442816133993,0.03102600707849052,0.04763898656783917,0.06885630533101854,0.0771648654421082,0.08110992306857157,0.06874794927211625,0.0719831146145286,0.07510886930495597,0.07106215365212021,0.0684890533939876,0.06347479080170287,0.05779449112870307,0.05567473183281092,0.0473408657172704,0.032562452111815306,0.03270630451887115,0.02921641579692063,0.024366530036219917,0.021673648894984503,0.019222360011905675,0.019582364570221767,0.017888743018114623,0.019813424283325,0.021097359224688673,0.03275524704117981,0.047069348483036864,0.06867265970897886,0.0676300927101993,0.08003927217935394,0.08665396132365474,0.08830962697939052,0.08615799883365316,0.0788521266216157,0.07705817259499176,0.07643611380196551,0.06472084586939503,0.06061805987873509,0.050701588372548206,0.03529351385732314,0.031883288374289505,0.02955178502544375,0.026680515420693423,0.019283699537831035,0.016579651481049378,0.015735374993771794,0.016126755310731287,0.017873066554431626,0.01867470757428875,0.028505331387916652,0.044680549236816525,0.07290866986546156,0.07164298450888841,0.0774559361575818,0.07377403769531628,0.07803670760954245,0.0775079167733113,0.08558244261347099,0.08248078254017305,0.08472631115333813,0.06803004666181496,0.062026562931413516,0.05167208530279933,0.04351101255181178,0.04222046868867808,0.0352365006166914,0.02827574823735486,0.025874355749575566,0.023698173654704457,0.02486466927174729,0.023446641276733567,0.02440346770079072,0.025147745505431973,0.034943849744199944,0.05046732560133467,0.07589546642927694,0.07306673649895107,0.0812741526515447,0.08693404493958858,0.0734606659594343,0.07343968748018091,0.06763601389196908,0.06250635192100672,0.05965114016926213,0.06043910639990604,0.04756735878009046,0.03956901279814538,0.03366075772934006,0.031090688228503242,0.03001416354323818,0.02900502498795312,0.02219383544459859,0.016964179767258728,0.01622080641666913,0.020376872766382868,0.021721923527291558,0.019104723856052625,0.021189792284253644,0.026904525940407844,0.035941558396180455,0.04212312720003088,0.05330533747567063,0.0460780312338449,0.0399009810060496,0.04278201782132153,0.03726682737644063,0.03953534744884586,0.045559870144606544,0.03992182368701571,0.04111072947573661,0.03948256155330749,0.0360004121793457,0.030581746743318778,0.024992875994660324,0.021738231139381753,0.019641488870771585,0.016169021167018294,0.01757427826998705,0.015096755373068012,0.013876638321971725,0.014133758468707987,0.016048162997688842,0.018301727216871802,0.02290665811969328,0.028300814931366054,0.030868757191583343,0.03575213718785342,0.03132461022312889,0.031973153681297814,0.04012251952659324,0.048093873924198914,0.05105120455669013,0.03763861201891258,0.03616462315745632,0.030202069548670676,0.025693604816405913,0.02727042245526383,0.022933656433778538,1,1,0,0,0,0
0.04244794430369241,0.0336445110242074,0.024287175490670117,0.026415889201756363,0.024686385393135248,0.02469237908347436,0.029716610200784976,0.04777360520617349,0.06701404903099724,0.08458356228567472,0.09731949720381258,0.09250448517689967,0.09541359424016621,0.09234803323321827,0.08846998780605742,0.0887978805558174,0.09174932294618353,0.08631890394855615,0.09121686128590674,0.08434946912895892,0.07375134681244745,0.06242564723019794,0.06633979601785503,0.05566292099232451,0.05557756115947813,0.04047597579045334,0.0335024466590014,0.034073045002750796,0.032891251667785955,0.03237295309822394,0.0382041323932548,0.05741279759473142,0.08054413309249558,0.11195938247572061,0.09648075564385072,0.10201387858619371,0.10171923625354867,0.10301121796656591,0.10599824791474684,0.08800286905887732,0.08745230020783275,0.08196165962434528,0.08689160363803748,0.09226293363737241,0.09158969386026654,0.07296408394332264,0.0690776065001658,0.05836343971219387,0.049744803775008915,0.04033500115320403,0.037479629932600234,0.03627355573636639,0.03353554434859975,0.03481731204788402,0.03951677887353782,0.06401559096628565,0.083669166350943,0.10916102008152517,0.1034139879360965,0.10374732264853055,0.09782438825512768,0.10013621975390578,0.1049760243644346,0.10324767717527682,0.09426839859130762,0.10394369140971596,0.10409861322078401,0.10174584784618868,0.09817523457891839,0.07904718350226858,0.07217838032210547,0.06500587725088318,0.056205629530992396,0.0388723370512998,0.03183888641424849,0.028859997061801642,0.029514883126053156,0.03030086175597037,0.035025811304279016,0.053735886434431515,0.082748082740087,0.11400355361626541,0.1195121735515552,0.12594434762939832,0.11675419103432345,0.10989859348224686,0.11693617163368167,0.1046263981822644,0.09682710306259569,0.10179910414436351,0.09909478708235712,0.09649967931459036,0.07972516007779629,0.07524848394222892,0.0696478653468862,0.0648323282144115,0.04832583259171827,0.041184157926930795,0.03747617432170084,0.03670134302190319,0.03240311307958325,0.03378493374927539,0.03624255757633411,0.052872168752068835,0.0804122187463269,0.09028120688362298,0.09611507468404944,0.10318078328023955,0.09473688624909993,0.10443516021825462,0.09928926487786727,0.09573865973257545,0.08311768365908599,0.08302473087782743,0.0941445282028711,0.08110568048541891,0.0782825553201919,0.07065114935948905,0.06741599447304268,0.058963891086530384,0.05102631014655245,0.040160165909185884,0.035213474831498164,0.03305353873230997,0.037738876540363384,0.03979402423923233,0.03988173977275213,0.0446325931747866,0.05054835183023283,0.06056391309264135,0.07026577140479895,0.09931101727378419,0.07801986138591817,0.0717055458049015,0.08160909764031576,0.06832906462630171,0.06846768887050197,0.06807325786359479,0.06920528272706208,0.07293246378234122,0.0818843392187497,0.07813179431485222,0.05912932957100123,0.05544556878156011,0.04596141023013406,0.04424809378444643,0.03243896448010943,0.039434660815650315,0.028665551989614995,0.025580574561205445,0.02720192932165873,0.02906664287498819,0.032971667487848313,0.048855427993835306,0.056414677121968744,0.06211221249700421,0.06565427702804355,0.068605953832557,0.05930481592756752,0.06377686813182953,0.06516423213758488,0.05992250952311117,0.06896990953393771,0.06748173870559265,0.06188316082854726,0.05590583878632896,0.06311221498843525,0.04741983044402461,1,1,0,0,0,0
0.19771368507394696,0.13453452488798018,0.09836318352605876,0.09570569854814996,0.08282822224446255,0.08315502264197192,0.08513838781303625,0.13433877568625927,0.18765852854198686,0.1842123593256936,0.2498337012579012,0.21972736672102758,0.20794514695791738,0.25713238355816703,0.2313972644473199,0.26441527239169443,0.26372409239106864,0.21290292002573336,0.24271798459469457,0.24294944706206004,0.24969671230013404,0.19600582930248497,0.2572614391876941,0.3275738919591809,0.20721086820837367,0.13121798474625823,0.10058666650661736,0.09221498695990783,0.08808640522528903,0.08291139903632472,0.09100657444474412,0.1479914695630829,0.21167154212096387,0.23063240140832203,0.2225740606431118,0.23419911915067324,0.24635874022334653,0.2376951389617725,0.24748215471197382,0.21318082657659246,0.23406807694354814,0.2592203842284129,0.2952329478372575,0.24245522668556155,0.22115378188768348,0.24400855739278424,0.19433278016546288,0.17744552253687715,0.14164167593350901,0.1070054384352042,0.09884583698628469,0.09267627736574316,0.08942749938703075,0.08926802056537667,0.09685129702337336,0.16347470572161876,0.18908488647048302,0.25408718129831775,0.26977019700845667,0.24709933062983822,0.20268408839510432,0.2221513268474094,0.30564572103847215,0.29260236996182637,0.25040613423550684,0.26210232712334386,0.2915443530834534,0.2765401873325537,0.24169061050404964,0.25785095287779675,0.26600461726700436,0.19230577347959735,0.16059568091434853,0.12067411566125075,0.11153537577206186,0.09404046403182614,0.08776702080710816,0.09003146563741495,0.10396395835922291,0.16013377805003587,0.2245086439961666,0.2832836536146327,0.2663136999347718,0.3082219104043142,0.2776326057870276,0.30663268427346374,0.24283713861744888,0.25885943080886914,0.23240595407827622,0.2511799546068586,0.28506176938332256,0.25669322900276076,0.2182782882200925,0.1841571138325109,0.20041347317338642,0.29849062157795153,0.14276473439989554,0.12147641157847051,0.0997370082688477,0.09392747781011195,0.08638850474646562,0.08085077946457278,0.08930164224696717,0.13814632862584367,0.18906164722650137,0.21233625108868964,0.22091913865436066,0.1995943317502756,0.198301757574057,0.18894876923386428,0.19370553186130565,0.19562227650326608,0.20898782556392037,0.23021091753757095,0.2477205292804591,0.24725197111377964,0.2480719036215311,0.20432877048075965,0.20634099009906834,0.18052214288129043,0.13226569813680344,0.12052355796774815,0.12043930071629667,0.0886709877506519,0.09575706727048634,0.08380395993506835,0.0902966777103235,0.10671580479022434,0.1331718869986978,0.18707296900307294,0.2161117256798054,0.22005040975559734,0.23613109932881382,0.2333054907325531,0.23142019063857533,0.22574261186808042,0.2661585721827781,0.23400416309669056,0.2574310003978299,0.2645213506365866,0.24937745669441,0.21587503519220483,0.17359969290620003,0.18492563406688398,0.177200506250379,0.17054359519788728,0.10424924619253188,0.10045579670749936,0.09097618637298742,0.08646049914628942,0.07986783914555386,0.09206699889358604,0.10013983682894151,0.1326903926346244,0.17449549084298427,0.1481190274550485,0.19712530224476982,0.1481078886788015,0.15066500710082623,0.16409092081910234,0.17101432763070704,0.1814412704534177,0.18909671935078579,0.20079246584613414,0.20436605831796847,0.22054480591085834,0.18609896620091157,0.15032711824249137,1,1,0,0,0,1
0.186958635940876,0.12837667097199423,0.10409987000652328,0.09522045164680776,0.0888063026852466,0.08888912393403363,0.09634257232219835,0.14132070759436183,0.22182882560392644,0.20411313113689186,0.219191017064433,0.20868911342770854,0.21508219286320643,0.2456982614244806,0.23065341142217413,0.2230169165858781,0.23797353421679565,0.2129738688226833,0.2350165191955428,0.22988819732702226,0.24382301056535308,0.2152616013382073,0.23655267134991978,0.25623042837089394,0.18254805450892567,0.14960571307105822,0.12015280816313596,0.1002016925820088,0.0963435755649499,0.09302967200632938,0.0991573925363705,0.14585909375794842,0.2326630405170688,0.2402482684002373,0.23866636510724987,0.22484540599617828,0.24054758107499236,0.2440364292142385,0.28635199628444735,0.20984749328238844,0.21979833951627964,0.22760994272322385,0.25458833370703327,0.24430350376632368,0.21886376022302123,0.25702590544115833,0.21154647825588427,0.206261755631964,0.19233082226392453,0.13629876299172095,0.112496072370261,0.0979183796419913,0.0882178176684682,0.08892140480378488,0.09200344141936785,0.14864742042528653,0.20196598221371648,0.23561974072513553,0.23460882321056886,0.22554641235782577,0.21606995816794097,0.25245929826364194,0.29512574119166246,0.25651044903465453,0.22904962495958517,0.2336636873313948,0.25570543866323453,0.23626752269871665,0.24836183998905131,0.2785484965236957,0.27858680451021617,0.20378592189037495,0.15066151129248972,0.12721124292555086,0.11496437813233874,0.09924505595917317,0.08768531735456032,0.08673645172344616,0.09107295036019422,0.14768535583245387,0.2211483920628107,0.2562448664051202,0.24874852698084254,0.254043876053677,0.25140035324026083,0.26273885687075976,0.23752865752166455,0.22721155126673617,0.22772361845314945,0.23489067568343996,0.23320796233179558,0.2502325290053823,0.22430754411025003,0.20435726120693293,0.2098381571554162,0.2469439757481514,0.15514221429597358,0.14370416774248768,0.11415246000768282,0.10497487756523062,0.09304807940725494,0.09329792424116641,0.10295505240765257,0.15160091858578242,0.21699615289737662,0.21695433161172886,0.20662000713640644,0.19029577306369821,0.20921490710653756,0.2253852067769739,0.22414725927061252,0.19700390764291192,0.20318695716657129,0.2136815136958421,0.26330436988770983,0.2361038817219631,0.22161917290990563,0.21525670010623552,0.19676586974712615,0.18905010686880236,0.1437485304295414,0.12292153826356204,0.11426687855243914,0.10273926728498234,0.09126554794984433,0.085201539678018,0.08829727505886968,0.10584220359669677,0.13990170986490505,0.18562991584765015,0.21533675927895482,0.2251085627883773,0.22011556701540916,0.23458685503936813,0.21506715249174285,0.21317758819363136,0.21005414189062185,0.2255112110877202,0.21657691802508441,0.22318666225488112,0.21753393906028,0.20592190001649885,0.16560922323934973,0.1742314294200117,0.16966352438363716,0.1519482963611872,0.11600369484714762,0.10202936414585793,0.08888330939670999,0.08428745628670652,0.08491386124634762,0.09155892685200029,0.10425774127485118,0.13161203836950935,0.15535509449688967,0.14541883779124126,0.17923780096613548,0.15611709604393315,0.1682419235722497,0.1675376422427513,0.16586524095519187,0.19207424559097516,0.1819644446517542,0.20489730853573918,0.20648643604067027,0.2355261394373459,0.19190045417121346,0.1842229495541037,1,1,0,0,0,0
0.1997263251040303,0.11424562562348883,0.09795970895680378,0.09073569566748522,0.08645244458918099,0.08848036481990601,0.10448605549636109,0.1427889226627294,0.24218925848272269,0.23600864379463335,0.22197980974072673,0.22079871091323358,0.23040236561799068,0.2596380985057288,0.2361172350605294,0.2122526981484899,0.22444934842743341,0.2126972096851033,0.2138345113632422,0.2097975243237692,0.22153580819625981,0.20296890283308877,0.20330392347512394,0.18912541347934145,0.14990972289573,0.15448417183284913,0.10608018005309813,0.09642692581668612,0.09654319583477011,0.09510401388070218,0.10372693512750485,0.14313026679248067,0.2351594098191062,0.25152835157891795,0.2565471764412004,0.23903000836984367,0.24606833255943822,0.24848390473673326,0.25659250230154895,0.22125207626181081,0.22572430684961034,0.21424509129078204,0.22324004401918288,0.24096959646303154,0.21349135834762584,0.26029398190209757,0.2141942524770032,0.23853854519425632,0.23779860426210392,0.14917414529963002,0.12307350384518706,0.09726399817061387,0.08642184350821014,0.08904928907311309,0.09700704374049508,0.1769228522165671,0.22443684987351598,0.2373396011166865,0.23284308226984685,0.23611834169718252,0.238554580703671,0.2782310882736059,0.3068968330087627,0.24844708546517877,0.2282163013406665,0.22246805919013748,0.23703043270888102,0.21981612045075558,0.24510502784426563,0.25606423677811496,0.25285763689588453,0.1875901509600179,0.1299355316455958,0.1140461718368787,0.10545613212734876,0.10023222305684806,0.09016478751558857,0.08636349028776406,0.0859042651404779,0.13673071978769552,0.2156420268353621,0.25108854206442816,0.2433011842845102,0.24438729352126862,0.2513624827549695,0.24445960955377716,0.22531790022090475,0.2113007699640296,0.23651152196285744,0.22490578181974552,0.22205427624754015,0.2656356333153649,0.23680907770652446,0.22340156570513045,0.20566038108035686,0.20199727109439541,0.15043576031732184,0.13970059951491545,0.12106818610091936,0.10995800763303792,0.09454199063510073,0.09410300854449621,0.10453264135847547,0.1509107622434328,0.2516570535635401,0.2317494137748232,0.22373710942616176,0.2138518881271738,0.2327810102080613,0.24347835367208934,0.2315903165896103,0.20303468599035027,0.20181864298063815,0.20540238798761556,0.2665015450433793,0.22180648475695747,0.1984873556307402,0.2168754268041607,0.1855913768693114,0.18525899918254274,0.1470654586766321,0.12830883042703098,0.10810038565727177,0.11033818273330183,0.08673782483452597,0.08356281948524694,0.08140923623368432,0.09671512419430242,0.13604563239828102,0.17755360558108285,0.20807306187356667,0.2252309426408018,0.19968635189056372,0.2229945879998977,0.2053059061991717,0.19664614113318657,0.1769459924728177,0.21445629814934802,0.1804140753512254,0.19670910500613603,0.20798955255721474,0.19863884732835252,0.1575328108973554,0.15693616362439655,0.15556270157633245,0.13621543129951066,0.11541109443464732,0.09500819057543088,0.07893675822476671,0.07410587932155602,0.08196472461305754,0.08339069357420638,0.09607141082171883,0.1255846723946222,0.14334874470272996,0.13172052757982933,0.16394346194348958,0.1556859809214224,0.16843232531485414,0.16987693664706374,0.16781941399400938,0.1975372474964422,0.17901742867406975,0.21186581917996672,0.20656772180103752,0.24484640783401923,0.18726159714348728,0.18753458962401157,1,1,0,0,1,1
0.19502903767701563,0.1060157107133535,0.09478324617025517,0.0853332247660276,0.07870055811585358,0.07748142863471447,0.11108346745725024,0.12996887928493353,0.18586751274323496,0.19093340536458836,0.18435580466322457,0.18565407442168597,0.18520949019429578,0.23412760915696307,0.19568394069753756,0.19255816118987332,0.18942872564993268,0.19098519149967325,0.1842738429098871,0.17481635862813127,0.187398491302624,0.1623467126650269,0.1633916474484472,0.15663114363903444,0.1327264905928718,0.1140591717479416,0.09916698052015925,0.09330941638408,0.08919562485516239,0.0869262677653781,0.10067743240070955,0.14633752794792879,0.1732762084467764,0.1963710033618042,0.20601243179073006,0.19800072809321842,0.1872875228158055,0.19103719444312392,0.18708744738550584,0.19530802640164022,0.1888399709168748,0.19362182701383066,0.19047050715037875,0.19251381547293003,0.1709452763436654,0.19483213776439862,0.19134704842885034,0.19843037506636146,0.15059010225609692,0.11203820954922979,0.12209990193797808,0.0980800092350583,0.09201826754964874,0.09287941374971002,0.11736992167586291,0.23798211779695405,0.22672226416302446,0.20504208266399185,0.212883655659524,0.22557525630966288,0.20850912959115805,0.1998427567438723,0.19888798976921562,0.20952079517234412,0.18553738945072848,0.18558608075179867,0.18051934297356834,0.19243833566636706,0.18108097138200577,0.16152355178032296,0.1625517898069644,0.16069850989576948,0.13535570175010173,0.12049250682510337,0.10446953712197309,0.10143032438193929,0.09718895539733605,0.09050823986180263,0.09124215950502251,0.1274512961678091,0.18275117874610675,0.2026191360815705,0.18467662707950255,0.20192714406515985,0.21924469696892954,0.2162153553182683,0.2034990338031742,0.1871600606718,0.18436789780092688,0.18151226039046076,0.2043397804859333,0.2167725296861841,0.20737613205027614,0.2057608727771628,0.18560817309205824,0.15704533702180953,0.1280600502645907,0.1141144290413287,0.09817987935293063,0.08930619616168789,0.0817942077358585,0.07857971177493521,0.09046607336705531,0.13350656289895085,0.2239177019625705,0.18246494171058214,0.18999544334701624,0.20472676585741345,0.1791502214861573,0.1961582788142663,0.17536332364320406,0.1974084980149809,0.20734828616871895,0.1911858159907911,0.18135565443062993,0.17086229010848714,0.1825474011291578,0.18676492427632738,0.16571037746843653,0.15837262879295386,0.1430001852080706,0.12237465698900545,0.10603225776427541,0.09671441594093895,0.08953936234597891,0.08417313153316464,0.083380728275329,0.10578561120201564,0.12946928141716982,0.16371542950509382,0.17890048300354494,0.177004896414126,0.14863760236568704,0.17008322103069104,0.16150711730018877,0.15383722544954695,0.16044827077486454,0.15561733344484238,0.15663635559435274,0.16450952470035626,0.19158769423478642,0.17790956251048085,0.15965688107339887,0.1557247416213603,0.14887550477393086,0.12091286048237788,0.09777878484234664,0.08864020439162186,0.078540792693337,0.07471086392838286,0.07494329890260969,0.08279114178288699,0.10068105577610435,0.12629906790956008,0.1387830047983173,0.13402229553503034,0.1478570751646775,0.1290679036044285,0.13459254294244702,0.15696643152070092,0.1599253212351899,0.17216107338284756,0.17253087174037665,0.17328476303321436,0.17716716206722088,0.1960560551407968,0.169762899109474,0.16297174793634409,1,1,0,0,0,0
0.10796394661864918,0.08674195504880687,0.07663891445727614,0.0732317948238409,0.06818537796034155,0.07613423844747308,0.08737561808953234,0.10513333699587259,0.14872721447626808,0.12751081283316837,0.12800566344375958,0.13311419466468752,0.1415407640405906,0.16327334286132683,0.14159933764559468,0.15929352328056573,0.17170483193448483,0.1598980503926997,0.154277321804656,0.15484394750558378,0.15114302164367643,0.14552959521009423,0.16194601192763838,0.1650621097337482,0.14766028060971684,0.10026120539089643,0.08400672063490057,0.07566867904509937,0.07278354774268064,0.08025812085061058,0.0828384772386014,0.11501449293750327,0.14068743327721028,0.15215153790104427,0.16245124146180445,0.15767456188279505,0.1453336451377995,0.1555375258597364,0.1571828170136991,0.14739243446628794,0.15832261559989755,0.15299700994467072,0.16661804840270952,0.1614053115325747,0.15656080039743445,0.15909765299945142,0.15272706244287598,0.14669697309522806,0.11523358827839231,0.09484940130744103,0.08863040230395845,0.08276953862742067,0.07384668410979074,0.07387618836477111,0.08847950585794598,0.12041829500979892,0.14922519429876605,0.1644727928071731,0.1558757034861235,0.14803372733824496,0.13940244032068222,0.13080462817096633,0.15776520406726302,0.14925180728505785,0.13932608730109922,0.17256129817860127,0.1859189612672465,0.1546086739542461,0.1563823436391899,0.15899220905430908,0.13019521432788259,0.1334872722805717,0.11860248020282821,0.10652122824202497,0.09208642956230907,0.0856182495935107,0.09056092552039295,0.08040013838191438,0.08514669306884333,0.13193699892123922,0.1609425861268718,0.15450866821604434,0.1436130141608523,0.1404482787567035,0.15505977702600846,0.16200897002298725,0.14278292656711136,0.1396662107244698,0.13652318896979238,0.16818149830101356,0.15137509417946596,0.16160423943004457,0.14680224530096528,0.15845160950671203,0.17196889010079122,0.12499892226749054,0.11083635027798501,0.09090406554426346,0.07423581642296506,0.07457184698487403,0.06415957896307167,0.06288149813660902,0.07375702770043575,0.11250051049460283,0.14851674366499493,0.14440445077852485,0.14942467857431166,0.15629133085040053,0.13949262592989067,0.14253403975572002,0.13615124083080582,0.141444288492424,0.16464126768794646,0.16168613549249386,0.1822438323083084,0.1594866518196542,0.15808790921630686,0.21047233833606135,0.17081926828737656,0.1806844031704933,0.13116459657432827,0.10519212915832328,0.08616183660621052,0.08383320267672935,0.08234554498846015,0.07321950170663291,0.08155315983180464,0.08882079446655361,0.11697347473432507,0.12587180023704966,0.14780370731200337,0.1465913187910884,0.13531486722577188,0.1420083005540329,0.1456366698617889,0.14327157894525247,0.1645239857572408,0.1557140678575176,0.14186100773803847,0.15343894168990874,0.1583835692825954,0.16407108497350842,0.17538805697198198,0.17240795956334456,0.15194407970106316,0.1052708157982627,0.09122027898496712,0.07987641252613886,0.07131247413892185,0.06843668659132245,0.0716338540746949,0.09362320339256265,0.09125754691095195,0.13374658626286579,0.1271424863172202,0.12952121337418568,0.12707161743595569,0.12877825684708658,0.14652171718117363,0.1234419137202347,0.12503567380232075,0.1755343710304566,0.15375743172334488,0.17799049324009436,0.1591326273636407,0.14772208547741983,0.15509192549796594,0.15734223230142616,1,1,0,0,0,1
0.08408594730768144,0.0759964863500918,0.06483302761017302,0.056941988755637,0.05549563588024112,0.05869802694336382,0.07599295751614235,0.08139062200305584,0.10407802921924914,0.09059030339625387,0.07761620968894273,0.08432881328433912,0.09093565739257295,0.09742521223649686,0.09932364142982221,0.10621464408456353,0.10403877497229554,0.1043864933283218,0.1029056441686628,0.11535665680291957,0.11446813644976635,0.10143305605884542,0.11441799491260386,0.12018686814882223,0.09424317715193825,0.0782663716054483,0.0690937339039652,0.062151572846147966,0.059408827746419236,0.05631506528668454,0.061822740330322735,0.08617546043280129,0.10572014251589834,0.0982147734504619,0.09140181157316687,0.10360472991329742,0.0944335070267972,0.11005144443661827,0.08622504742234968,0.08823616808096733,0.0912511647965495,0.0946341756698867,0.1050938597625609,0.1127797304318061,0.11265425406322434,0.12431708749003945,0.12758118662879267,0.12674154489892347,0.09412357541445726,0.07812865138258887,0.06763990550303933,0.05758855577014744,0.05425072216771476,0.054845998349619875,0.061796443915469734,0.08269763857469174,0.1174634126278932,0.10699169057783167,0.09100869090065632,0.08711959369570127,0.08817235256947693,0.07947810408909761,0.1147583684140769,0.09200530963298774,0.10139666744371782,0.11014796477908079,0.1119518436834474,0.09936230813103517,0.11784915335177497,0.11179873481125578,0.10490656275405263,0.10783163693047151,0.11005955817461549,0.09892178394313482,0.06999862758053166,0.06518979425618761,0.09083892951946565,0.050817943658680864,0.059321848507175735,0.08152750950943145,0.10077820030736909,0.09173811449348984,0.09027922289064609,0.09245535390057451,0.09649778859355142,0.09684342637280771,0.10005132945692446,0.09465642272052406,0.09199205303924862,0.10082829194273453,0.1038203177787001,0.11392798504677892,0.10354395683227674,0.10960517125605039,0.12272329273343938,0.10940696739327507,0.09531761841430833,0.08030388936897043,0.06586626242333567,0.06973090626573096,0.06108394187470472,0.05715268144419399,0.06671229699337329,0.09050076079197579,0.11077298306076797,0.10732926567504382,0.10072337759920957,0.09629094289790548,0.09607317114641564,0.09492202210643798,0.0832468382187552,0.0885286746943102,0.09619269937356217,0.11765155725261754,0.10402803821267863,0.11373718212817484,0.11973599214171908,0.13828214260821567,0.14377030577713978,0.1114411654221311,0.10461302549484437,0.07823501848691988,0.06962607003371635,0.061623041969313265,0.06547723055634556,0.053655945565452494,0.057021375475189526,0.07214528392593554,0.08539982741116568,0.08831690594773783,0.11927562924264706,0.12244863260188832,0.13037040574593267,0.10054511289565196,0.12947591034720438,0.11990593470459111,0.11732632175960825,0.14253043377989544,0.1046682817003371,0.10353974825003243,0.10126799701348407,0.10267900103130491,0.11384947898324538,0.09868339576118243,0.07423091685909836,0.0709670652218785,0.06437412609926214,0.06667700338032768,0.056744951886054204,0.05510233081702497,0.05466698669382792,0.06182869615821807,0.07531710733118621,0.09001545204907827,0.11241103531240769,0.12016849025676121,0.10453433655541781,0.09915969722963207,0.09702064185572329,0.09392843266012295,0.10570250797057479,0.11361953932751256,0.12083135691714937,0.12145296241231476,0.11376852103808778,0.124134081133578,0.11582883397684406,0.10947690773549519,1,1,0,0,0,0
0.0772241028047036,0.06944197998343055,0.06224583039939977,0.052011257012608655,0.04888569358830121,0.0521947867344715,0.061200810020207365,0.08502834844323892,0.12237803554077831,0.11613518050581671,0.10129162397243864,0.09299179664278653,0.09969396600719131,0.11167437730442517,0.11583837173777632,0.10874431997683968,0.1164827665296005,0.11408632613560438,0.11424036370538541,0.11623789880652673,0.12438862134720215,0.1012518544295864,0.09752663717870237,0.0924734136948286,0.08235978826157418,0.06406515197606476,0.05955882562195415,0.057738136946212354,0.05448668790277031,0.051786448792530027,0.05528419067739179,0.08170751266116517,0.11801014920330176,0.11429827601478398,0.11098959075140151,0.12464851485574413,0.10737515254564052,0.10451081109898558,0.10074740864453957,0.10134311663967978,0.10572946388191062,0.10719213475364281,0.11661196090316323,0.12980098893523312,0.1325689019651319,0.12004888825559254,0.12198392522275019,0.09397274183523185,0.08594916971782775,0.0735811853836718,0.06688482378960782,0.055166603003362916,0.05608780574236373,0.05456306623380301,0.06219540646410591,0.08588637963084839,0.11435687825166403,0.1147860254380568,0.10312379524889893,0.10048140872273084,0.10363444291904456,0.09749289304674784,0.15115943187487893,0.10319687826749754,0.10842876405717036,0.1320203073461731,0.13805226959414058,0.11548132290535505,0.1292136059499305,0.10760603548395027,0.1057022189532283,0.1035719289161373,0.08088646388256797,0.0673301605250355,0.05288181299395298,0.046958219166871096,0.044965107539048754,0.053929205477590926,0.051399149896470354,0.08457703561664807,0.10535288832744938,0.10414992784106764,0.10167522170401604,0.10035977030559626,0.11009184476603993,0.11461428904402997,0.10947053880996196,0.1074397281979977,0.10557367912563748,0.12877265206773106,0.10912606099398683,0.11200278007557013,0.1088960027677752,0.10656471764940154,0.1172487695496464,0.10087322773045752,0.08500065593969948,0.06597280290731634,0.061025350195323964,0.0640313366618686,0.06089928757718052,0.0538258781207272,0.06121672150669645,0.0922515052430569,0.11369537909541517,0.11230677563292363,0.11532094425416319,0.10437241333492536,0.10669987612087173,0.12310123614477932,0.1005924853718431,0.10326042816093033,0.11207340028457712,0.12998688522228763,0.11822852010184927,0.12910141149410767,0.12798702110560134,0.15291539117310463,0.10947875342821081,0.1024249421114765,0.0973496627445428,0.0748294959077517,0.06768477460623475,0.058735477767667375,0.0564579202947473,0.05235089721610442,0.05071605574629525,0.06437870262119443,0.06829591902979051,0.08809781628698984,0.11378035093184409,0.1434607844207207,0.13138765723643206,0.09913185677547329,0.12233547385421632,0.13336698990997212,0.10652821804449193,0.11997180626575327,0.11120330673840287,0.10602819475948254,0.10318927794802482,0.09532562588119392,0.09441125230115043,0.09577985123253409,0.07218446760700102,0.07060749282160353,0.05653378242508226,0.06531514369963341,0.054702687395101396,0.0537078055009635,0.05209240890746329,0.052695573307499466,0.061669187756673655,0.07550769373405351,0.10790971904226038,0.13716071142731262,0.10290070313189062,0.09310353655692821,0.10319617571342334,0.08891348125391876,0.10480724453107776,0.10030985253292013,0.12152905473174493,0.11414695631849066,0.11406160901820928,0.1214491581312998,0.10984992886801301,0.091230574814493,1,1,0,0,0,1
0.048395697697433314,0.04275775611178644,0.040953303957527235,0.039276676289964584,0.03835878329302533,0.04106156257948745,0.0489814175119639,0.06545194071424275,0.08426398512468844,0.08521701102765801,0.0874740084870496,0.07996447734224305,0.08519852824759448,0.08520792162988365,0.08439656895444017,0.08255949695831503,0.08132961216727204,0.08524992508259602,0.08299724215215505,0.0804193934290434,0.07526165178947997,0.06754177676633591,0.06357017593544335,0.056108781247755354,0.048559795052872654,0.041602034916026334,0.041090296557538854,0.039727863890057974,0.03921873789123894,0.04163404423408313,0.0480544461714641,0.061795599733907275,0.07675125084187731,0.08206395028693556,0.07989524374343505,0.08133937284914794,0.07920648821829596,0.0791519254749574,0.080740199967025,0.07771195576344414,0.07791288419631841,0.08277228041181563,0.08274770941739854,0.07879536744273112,0.07397478648710516,0.0656156019221714,0.06369917234115875,0.05925612934853698,0.053237094791420844,0.04695860975265575,0.044200260160540246,0.042868355341966556,0.042299386820167456,0.04534738930916704,0.05024171623857422,0.06497816442526586,0.08160101536163533,0.08138765065059052,0.08035941501434456,0.07653974644682161,0.07882748646529937,0.07885603697912046,0.07713251708697454,0.0736195603225922,0.07859804457163852,0.07688011787141728,0.07776656934414194,0.07664115917431501,0.07175263774861099,0.06425929119855556,0.05911989565786716,0.05510123948195928,0.045691380413886526,0.040286961544010146,0.03792118831514897,0.036867970490402135,0.036466114917209684,0.041880855004615365,0.044204459926880595,0.05800075639950057,0.07337515476844966,0.07379789504271984,0.0777005936484136,0.07674328176726876,0.08157486990975,0.08155613832393352,0.07661261322697548,0.07478683681058497,0.07501223961841084,0.08161295306376684,0.07456241103382451,0.07446415303146205,0.07010861609707318,0.06565616744345318,0.06150504193923468,0.05633493249037513,0.053347510703028976,0.04572297333506403,0.04435451736511743,0.04256028289258602,0.04261039367776521,0.04432766799294857,0.04965752806163185,0.06063390259017803,0.07340439302181515,0.07542667651997756,0.07352999288892366,0.0738160578330062,0.07616323343092506,0.08072589102381646,0.07901308588487427,0.07541169825212267,0.07662428895295689,0.08090328103030561,0.08097604515015117,0.07880693268601671,0.07549693482029592,0.0694333870985383,0.0614870027461377,0.05997884908808215,0.052156026328403514,0.04802296360859463,0.04418139151825339,0.04295643251100166,0.04222525057258196,0.041194158414447374,0.04254762063208395,0.04686596515895626,0.050041074047728035,0.057021586509577525,0.05803916839060021,0.06109685665032439,0.06188467465294273,0.059294638078066814,0.061126146348696224,0.0598005680848664,0.06053177575014613,0.05981930099523507,0.06168996045963354,0.059861103814039945,0.05833871666983059,0.05394485045844724,0.052806284081068855,0.05076280193979437,0.04758897986092422,0.042941203281132934,0.0388486716712379,0.03727890297802367,0.037604746880782774,0.03637331247405501,0.036900510551133345,0.03762357735224962,0.04109180743572696,0.04671903903799265,0.051438280721627615,0.054436060996387675,0.05079146069541346,0.04865660288974676,0.05085028709820137,0.050466241321543454,0.05226216206216432,0.057062889871615535,0.0596978929814318,0.061204989358506365,0.0610593021076976,0.05629285785463733,0.057271477236032625,0.05358176844198344,1,1,0,0,0,1
0.04447627576511224,0.03962761972606954,0.03771301227405462,0.036308621105039816,0.03571569634376179,0.03803451199692056,0.04614366212600324,0.060183431062248355,0.07797486874367394,0.07760559389167915,0.07966967642772625,0.0719169245644383,0.07729667148927233,0.0771893037707011,0.07637101658740823,0.07529867891251833,0.07317674256827802,0.07612863914377492,0.07327957579882341,0.07230250499587443,0.06525010681626747,0.06106305505209323,0.057638403057604266,0.05148144306825074,0.044900797212641605,0.03797781745242748,0.03720987124614795,0.03540088898821635,0.03544301475476464,0.03780765280355017,0.04382766488680318,0.05694359793936801,0.07007948135190499,0.074188032918033,0.0683190167532623,0.07054105583772555,0.06906005129220533,0.06919890267997318,0.07193943383707756,0.07003513248327037,0.06980273828702242,0.07401178420240037,0.07366132667680253,0.06951083852514268,0.06555750322334775,0.058230349310066695,0.05828859422025286,0.05418394253516433,0.047917753297463964,0.04248069068604581,0.03921420291359035,0.03849996102066721,0.037607716685537834,0.04104643428349471,0.046058380818963025,0.0608192656379523,0.07588988852961129,0.07379056581179108,0.07186985187714458,0.06722520541033614,0.07004197469110073,0.06963583076897549,0.06704034988168991,0.06486884957946235,0.06726944767204303,0.06635814127577616,0.0689646761795894,0.06752591419580094,0.06424957204102427,0.05781356264492926,0.05163563373189134,0.04728967497437231,0.03931464679225796,0.03487060429363393,0.0331782635408594,0.032050166540661576,0.031996815424867604,0.034327204227423164,0.03917351620633891,0.05174443833231397,0.06804561496995042,0.06932021445965646,0.07115592829819772,0.06894756909919156,0.07274319677572742,0.07192040215912913,0.06799857983485591,0.06559957425640922,0.0650523564019846,0.07229681110388213,0.06540270695620337,0.06478102530138663,0.06197125368885515,0.05723507426668538,0.05479684127811402,0.051270540711994515,0.04669794096074584,0.04182274429524237,0.040639040666132394,0.038476401900695345,0.038419651144400026,0.04050688967637216,0.04567273962192351,0.053800164498985295,0.0651319500353478,0.0690523989328249,0.06425617323737533,0.06589780844639426,0.06783139203744733,0.06847928899980059,0.0685755642136486,0.0651319126808364,0.06486905059579699,0.06961892839917246,0.06973455543901258,0.067572020955517,0.0662871155550853,0.06134620551518273,0.05332167809656971,0.053075205981871806,0.046099032253692586,0.04248849984426604,0.0394325357250454,0.03783461807973381,0.0369086468288736,0.0373542280179184,0.03914804152424776,0.04228626474925387,0.045031541741874286,0.049280874075702544,0.0492273863943821,0.05007645479413188,0.05042805293922461,0.05114715396355984,0.053240832830266815,0.051211033870928145,0.050906273984031074,0.05062583619295975,0.05162769619749614,0.05010899929612448,0.05050539579323142,0.046614913965007394,0.045111795501206184,0.04216033501675314,0.039800892809450004,0.03481609146542936,0.0325264461922659,0.030739513286118417,0.031239637634486457,0.030226852567209788,0.03144889851030213,0.03277027919376194,0.035917588895650235,0.0393854472243198,0.04346702034031058,0.044823334764928086,0.0409269129278831,0.03988326691967586,0.04132249334150454,0.04166504358479908,0.04344928773387925,0.04800994965106745,0.04920742806990374,0.05223668436120018,0.051764462462551675,0.04883219850609758,0.04949130096352543,0.04623469530873355,1,1,0,0,1,0
0.02145299192469055,0.019126657876623574,0.018263347006415437,0.017457840517134667,0.017310728573363972,0.018336748348718124,0.022658940027510545,0.03338124428762195,0.04245028169216875,0.0418694250939737,0.0403882760981615,0.03686907524464901,0.0400568095595148,0.04266026847499674,0.041583513866678294,0.04195719201882179,0.04093236177029608,0.04515181304479045,0.045919747606028016,0.043532818343463876,0.03727162940352998,0.03440714071216206,0.03188545784894931,0.029330767398090173,0.02322659007265015,0.020424371189425986,0.019482291290990515,0.018377645077391827,0.01832234312162008,0.02005034145716498,0.023724640093225193,0.03468026253046846,0.042094136591139836,0.04138981914414121,0.0364836311846624,0.037244465194856746,0.03619914024747643,0.03882908332376512,0.03936120310751194,0.03820908788529585,0.04052457436168349,0.044427317207243786,0.04554479118576894,0.0419148273213749,0.035676636278143214,0.03306345433084088,0.031634914881395644,0.029353435605077277,0.026425838618172152,0.02276240910619732,0.020824424456661633,0.019425818984670613,0.019139100438835283,0.020802110126582094,0.023695699499375243,0.03605525625701711,0.04484785799232449,0.04130745175936253,0.0370566787253652,0.03596191688754383,0.03739786639599044,0.03841113429151421,0.03941902800620362,0.03662356499467754,0.03934511984646301,0.04276198485222407,0.044959714096635905,0.040735231756914306,0.03716585650819575,0.03151727251406774,0.028516434644511972,0.02613234146428905,0.021879821684564964,0.018126625417975665,0.01721043529738423,0.01640782982252038,0.017898362596959892,0.018698998650072077,0.0222238983757198,0.03122203794449338,0.04116261484463865,0.03786970835113999,0.03894207551069471,0.036104842849366464,0.03784377468602515,0.040484675556078376,0.03702114045461885,0.03813692461932531,0.03883417269671312,0.045087113273406726,0.043032068972142894,0.041082986579897236,0.03693014862492694,0.032848590810277765,0.03054772917277318,0.02857438610720459,0.024567430213604087,0.021062531180049884,0.02045832040873735,0.019594587765693568,0.01955989553790069,0.020447097592951533,0.023534024636333646,0.031349685332529076,0.03947889297363598,0.03807009981931522,0.03316851115623989,0.03457264416789125,0.0364344134962108,0.038780222716020336,0.039394239685353785,0.03638696577523914,0.03880918150444272,0.040771264579405206,0.04772567837957133,0.04107800891508276,0.03784769348656621,0.035652533563151345,0.029555182368032264,0.029587066094318933,0.026570677944236044,0.023158426261901684,0.020964016931872023,0.020157624831867667,0.020132971783350613,0.019930960525974883,0.020398894117218257,0.02307702285127404,0.025039371292449365,0.02832266288504489,0.029298304658525492,0.02800760122843056,0.029825831280155906,0.028877634291415554,0.02983023026374402,0.0313519971168138,0.03020390039805167,0.03090019768151344,0.031934974435381173,0.02979389810480214,0.03097551691876889,0.02842907525617213,0.028182884776599523,0.02608560863572661,0.024033448737933616,0.021003023720611018,0.02028466049678278,0.016183182421318127,0.01547662683013124,0.015642928931469485,0.01618063810101564,0.01724541976828067,0.019031422144948344,0.021633172927156212,0.02423214772600803,0.026796877130871827,0.02444622948084297,0.02477948118853653,0.027069795963936594,0.026715597586221055,0.028758162160975275,0.02958330040152297,0.028727303207352495,0.03405756671933868,0.0305948158993924,0.027899338713520228,0.028088271665008036,0.02578513216431856,0,0,1,0,1,1
0.028491954053102345,0.023841886733361496,0.020803105053019157,0.01801561247915376,0.01823073276878009,0.018335482834726007,0.02367107949117344,0.054917641513810816,0.07549923708675502,0.07551053912654028,0.06290635998550301,0.054972960909591986,0.06507856235859641,0.07733605753238429,0.07447695152438462,0.07537347051259645,0.0765395480807661,0.08819911139633305,0.09031673637110645,0.08687679644170869,0.06804976137376242,0.05977755539017255,0.05352743186805391,0.052601274979693705,0.03488671706536544,0.031326840932523144,0.02850635224731631,0.0246641270701902,0.02404946053514536,0.026936337564944107,0.03379819314228627,0.06603254205693473,0.08535493362373289,0.08221105346826298,0.0718018193469105,0.06372225695309647,0.06440717402340163,0.08189906478043504,0.0713265303948839,0.06752542986953261,0.08335662493588235,0.08509846118849398,0.09473747075249576,0.08195222906044171,0.0573677853277819,0.05543794941584124,0.05371485169413927,0.051661476508917094,0.04834958343301477,0.03605787297958219,0.03302215925239059,0.02303212331222739,0.022447063811586045,0.023122684705405804,0.0285336277794827,0.058184464946692216,0.0846986445956094,0.07246758462326124,0.05749446698267155,0.06118372004897819,0.06644753435835433,0.07441797777630937,0.08296073243642015,0.0681611695598689,0.07899074159315664,0.09313495739279057,0.10139667758595756,0.08294303306803899,0.07265090389052356,0.053762294563433136,0.0513727423621486,0.04382329176363017,0.04097987894516667,0.02853494135899426,0.026429363525422994,0.022532365412884846,0.032630975171019955,0.03008724817383644,0.035930074476825516,0.057731511664365166,0.08742143730848914,0.07065793955492895,0.07616286956308772,0.06155597129914747,0.06626954568429683,0.08516954191243004,0.06311990938046189,0.07139778543127114,0.07956815791985221,0.0852382143240616,0.08936306226356161,0.08875116190758647,0.07592905593327692,0.062253530248902365,0.052830726721273126,0.045959750646080794,0.04064482027765287,0.031185229315347042,0.027699727669807828,0.026532158142446034,0.02466770857559152,0.025229962056409868,0.03063296144044494,0.055685061037508546,0.07637048211231992,0.07202277396087974,0.05527795084212095,0.05802876861400552,0.06857819526785118,0.08106679944611321,0.07774957187284104,0.06677376638139462,0.07346052998761904,0.080084755855087,0.11895160226457502,0.08197971157367445,0.07402559712267208,0.07063965489459456,0.0511718437629462,0.054820225877224384,0.049922340763569266,0.03425809307521558,0.02719669238502807,0.025943222448264035,0.02715104900903762,0.021861090547622905,0.022794468377873026,0.030704684858053957,0.03711596755092268,0.0445653842757865,0.05093984862283812,0.04495070015742624,0.052353794530493714,0.04892205784678226,0.04703626328112103,0.057779933342353575,0.05236408447998765,0.05681053672589813,0.060390773232469885,0.054180697308626936,0.0651197350701389,0.05750489294397948,0.06425272533427545,0.05733989834111376,0.05384409200613497,0.048776517127061346,0.04699684654252187,0.025975543689463212,0.019714501153142553,0.0191336779935531,0.019922543204706798,0.02196962096998981,0.026699658174157932,0.03345636682585784,0.041849818297334015,0.05323159625074943,0.04670282897167482,0.049223481402522515,0.05962577236631613,0.05745227356663965,0.06667430915623136,0.06252435532401726,0.05372239163714447,0.07761013326302632,0.056183933204673984,0.052185394587038435,0.05083608496206826,0.04653504584394907,1,0,1,0,0,0
0.017068825234704304,0.014503105564378217,0.012971052040391647,0.011551329352654007,0.011601496482103827,0.011838718917222525,0.015233423478514111,0.034198481373365265,0.04831633962165592,0.04605488183819897,0.039382141813712156,0.03502229265803946,0.04037915821412027,0.04630839555456202,0.043867300450588995,0.043629443372458686,0.04571061655553237,0.05268853798751456,0.05353590206648353,0.050437399238074825,0.039929082072152754,0.035364754443385535,0.03161946804139212,0.031064583215924077,0.02155502053782594,0.020001798477681815,0.018359168433616704,0.01671259329407112,0.01627432853473506,0.017794100615132823,0.021651285528172498,0.04024917070745262,0.05329123948543229,0.05064721907109538,0.044800824112778956,0.04088490270911468,0.041112744514742124,0.04999425294623589,0.04457162050652578,0.04277749599562973,0.050410408055973785,0.05284407451174011,0.05788696991518085,0.050171785586817584,0.03623524835054257,0.033335222869125415,0.03200487522950417,0.0303665004504776,0.028071371914237378,0.021411813449851037,0.02037794895023716,0.015572828151219022,0.015401643094345411,0.015834919442498895,0.019247581136527265,0.03657880396826259,0.05216458029101561,0.04544670675284153,0.03727423610147398,0.038804013248638906,0.04064421709462411,0.046152733615646264,0.049325019369991494,0.04343516523042368,0.04765413685780559,0.05712843192886159,0.06001195227012769,0.05000853274558966,0.042736388984442056,0.03259852223547068,0.031063372803031383,0.02642310167022874,0.02408658715144382,0.01833777021378714,0.016937976307496334,0.015475231078239894,0.01995504019097416,0.0188354205732308,0.022325707079894622,0.03702757700100766,0.054362025563663985,0.04454381132702897,0.04670267592270161,0.039568174622270025,0.041083424188200254,0.05114976330901737,0.040761779211564125,0.04580114693171074,0.049518592239490296,0.05424804553286282,0.055536044133290205,0.05444552548280376,0.045438099437775735,0.03746143290937421,0.03200032973077044,0.028576964240035,0.025965283725535058,0.020743202695956343,0.018461489789593787,0.017959568636490883,0.017305532452464568,0.017540971241332207,0.020333721352642154,0.03553891626544872,0.04830357631093644,0.04403575426126418,0.03501517884353122,0.037022111288269356,0.04189887621742903,0.04927652210961268,0.04645392574171118,0.04095148148888393,0.04519207834405475,0.050169873338896026,0.06686900947017395,0.04842499061557816,0.04227775251535074,0.03889154566240472,0.03018524860185793,0.031237505181082856,0.028206977354741775,0.020513608923784517,0.01663879712032602,0.015858232438978083,0.016406311228841966,0.01396606511080619,0.014315661198369505,0.01886565505911228,0.02311084989884313,0.02765354085856231,0.03140493710292208,0.028933100384804008,0.03156608152440375,0.028936146292118332,0.029261237321640703,0.03391518224499087,0.031151320111148607,0.03327988734738569,0.03549298018104575,0.03204232868099771,0.03709984187085855,0.03330987563391671,0.036069461105809636,0.03382964680590769,0.030995243073019138,0.027914827722724533,0.02650165279747899,0.017095925885365678,0.01415139961526626,0.013379627534167177,0.013878495150198837,0.015727542513186366,0.018225763320044407,0.02128130055758299,0.02660074232181573,0.03114241587790264,0.02916335676244602,0.030226247361268922,0.0346200396567256,0.03414518474975543,0.03703526622304671,0.03563486763869834,0.031840347578625666,0.042616445424595216,0.03288345393763812,0.03140723892161647,0.029303272090634155,0.026800860878891043,0,0,0,1,0,0
0.016571485093307067,0.014825069935345294,0.014534312577043617,0.013884721672691773,0.012405109700678768,0.013916869840351478,0.019536267969647733,0.03394362104682911,0.04448045953425011,0.04568583504463812,0.0414547640934532,0.03910297095713771,0.039549190657749644,0.04208209278120997,0.04166167173393395,0.041706458358083745,0.04832638022690338,0.047928071744259886,0.0486887040015549,0.04007056113529517,0.033627794929591295,0.028085401256973286,0.024555661847593807,0.02205906309446695,0.02020252540481699,0.017154271466297024,0.015473921347340306,0.014587211213502514,0.014495408039762129,0.017973584927282564,0.020861381988165728,0.033950442733699834,0.04368057572421982,0.049413620763124735,0.043411743444495624,0.05347202895955333,0.043518454551361316,0.04018385325550411,0.04008555815161153,0.038460240789227995,0.043108701074901654,0.04418370960896828,0.04355569538203777,0.037838956766234444,0.0293476919722048,0.0280023951256572,0.026482886865824784,0.023579756643452552,0.018287867869171155,0.01737964070102104,0.01604841040409741,0.014320004331495377,0.014476916356511266,0.016577919819172695,0.021426232690068363,0.03190413940607863,0.04511564410257334,0.045707661016253676,0.03866100107258582,0.03727395763995771,0.0359584962852862,0.03658578729806512,0.041399701962329505,0.03810983515442869,0.039821224953124006,0.0471568645282468,0.04726782738375195,0.040946032577177875,0.03515053730651771,0.030209046755272112,0.02651194420842331,0.02289481752479725,0.017716170717212324,0.01616626105097562,0.014645325818539674,0.013996923432530142,0.015558485802627408,0.016392939002173295,0.021351939888284262,0.034177291821416114,0.04971400466585542,0.04748929170186769,0.04359862031513448,0.040679422689939806,0.042972229280330336,0.04064052256788743,0.043270919921193876,0.0409458575341302,0.04739009926445667,0.048964314324784874,0.05307853677888756,0.04336617117362991,0.034933485457028214,0.0328132947478554,0.028152324234770664,0.02798722408863236,0.02193385271655758,0.018824296639594913,0.0166250272330286,0.015645840951631622,0.015552760331463777,0.016851140278378467,0.021956253577369078,0.0346893168844956,0.045829346513922294,0.04423023366657705,0.039136153923136185,0.0392996443490679,0.040243682105253115,0.04007972875620314,0.04023286218920492,0.041528512241006975,0.04454488126566617,0.0522653765277787,0.05779755527833249,0.05367295282245686,0.04988568665063403,0.03664067268713017,0.03600792716224812,0.036622258894310054,0.03708445034529442,0.0385917190154678,0.035856553083884676,0.030478318215495938,0.024062820737210867,0.019835090524580632,0.02016506693165343,0.02122944326518858,0.02898104835786661,0.03458018322050575,0.03353375502241675,0.032045747616215856,0.031578739523578564,0.03191968434574474,0.030900691432090913,0.029666873450208492,0.03023279256162642,0.029998841995156428,0.03025255456068177,0.032012267066511294,0.0387016508541289,0.04230048390062505,0.03964037064569496,0.0344476640463145,0.03335057396975926,0.03472023400070249,0.0349020413221175,0.029561238932327382,0.02256433542049084,0.01826603075714847,0.01397795200584138,0.01467749939606026,0.0202038496575995,0.020504028129542683,0.025947873131412908,0.026601043340436458,0.02602633203492356,0.02409428539554916,0.026691140183271192,0.02824615379859022,0.030490629736123903,0.02984519080826241,0.03018212214938833,0.03153976149071817,0.030409989268712648,0.028841830451614262,0.027260503172744716,0.027271223156599987,0,0,0,1,0,0
0.01716144180428228,0.015846013204349134,0.015902653568314447,0.01522140104728384,0.012815605555517947,0.014475299755584157,0.021073224963391163,0.034190438771040624,0.041500176633334336,0.04576463813126176,0.04126083236302501,0.040573759756369246,0.040827334828106396,0.043295203910182586,0.04403660043166916,0.044822330147401314,0.05195932385487925,0.05022283297126891,0.05285960600794453,0.04123790536197826,0.0358715981865879,0.0286034355165302,0.02441290884706248,0.021652216234835698,0.022181293275875397,0.01795492555898749,0.015551298556002702,0.014690571138657387,0.014541038999523824,0.018706761203366954,0.021383785280117744,0.033139962675924825,0.04056522257334253,0.05022450235895046,0.04462380121530744,0.06351963962891012,0.04773269390101499,0.03987941454491885,0.0406723048949983,0.03867582449308225,0.044033233689576484,0.04527265814101289,0.0430142187241699,0.036709916345891554,0.029196104941930198,0.028573198666696414,0.027468281982336435,0.02375654489069464,0.017058400504682922,0.017512618695595204,0.015741052942817982,0.014257613943434451,0.01421304278933935,0.017037582429954894,0.02286114317951854,0.03046666056153186,0.04235702442981227,0.04616605589280822,0.03938048709564668,0.03757215173230293,0.03644970990564528,0.03572383105467885,0.04256661622912155,0.039402149903349885,0.04126158197141234,0.05015306183213582,0.04858152968146451,0.041473198057846515,0.03664648121099492,0.033181741019093255,0.028365475648994297,0.02418631822013928,0.01777592942082626,0.016468659995475216,0.01503058838207207,0.014755738117282279,0.015937787780434927,0.016918767242087417,0.02276132977326584,0.033905818613598,0.04881519906457048,0.049958857361839,0.044503657764835565,0.04182301517027498,0.04544004972183227,0.039714448287778564,0.04611891178588891,0.041788530596422895,0.04980181528334603,0.05205992324711707,0.05799859899177738,0.0447933379234097,0.03516282440378951,0.035921209446028786,0.029973102547181114,0.03070218981450578,0.02289044207958091,0.02020080947218391,0.017187103452635924,0.01603202598352733,0.015460950848072403,0.01714347981100119,0.02280881283712471,0.03585530836679259,0.04471478820769183,0.04614092429425711,0.04236866449656122,0.04152495817472398,0.04343226237018181,0.041941051942794315,0.042057283690979955,0.045436172749750994,0.04925905436319781,0.059000284898134026,0.06583270743386971,0.06333244042729635,0.05960908995864206,0.041602001540499506,0.04303099126929583,0.04424926437887638,0.04441941811229674,0.04700643044209726,0.044083240114149845,0.03759878728998451,0.028410710478019238,0.022812540862453507,0.023283243842255164,0.02275997620930932,0.03306250742999151,0.03959315160772858,0.03780941947686439,0.03561738884863879,0.035095610627363785,0.035864884263303795,0.03456727217953345,0.03174932370871927,0.0332918367779005,0.03249655168052337,0.033011144380660724,0.03629003353561834,0.04406875909529973,0.0500354503265101,0.04605427958400632,0.04033340098003984,0.03991196457475113,0.04116201804922249,0.04163985507269575,0.036406193426342354,0.027983879954799496,0.022057137792437616,0.01505688424281403,0.015922231604766763,0.023870069213042532,0.022350163551192834,0.0287261981650841,0.02875083717021546,0.028763150260469692,0.02544052559797562,0.028736117229493884,0.030666274163603142,0.03324553776862188,0.03213029666220421,0.03366778593900509,0.032320883506783034,0.03337622973363573,0.031563728698752715,0.029515168897816503,0.03135630881359207,1,0,0,1,0,0
0.014250782525865327,0.011850947724232293,0.012682271739618054,0.011123985100861407,0.010474213709792426,0.012978309377626446,0.01880174130062426,0.026178821032054808,0.03474393983902492,0.037794423069865524,0.03346262984268187,0.03425907172937356,0.033751131317699024,0.034641775260708,0.03503484735703894,0.035916432875258975,0.041895686431951656,0.03925907893894741,0.03777541973099531,0.03190721314970901,0.026679094944743353,0.021923719692287118,0.01900955288218806,0.016715569135769884,0.018123278914831356,0.014128816410934587,0.012313850356804745,0.011876400083959527,0.012005963900062663,0.016276875037107164,0.01774359645281096,0.023627857507818463,0.03096442812507505,0.03561504667467546,0.03240591906205973,0.03822509063326378,0.035540405255507675,0.03189291613186717,0.03167558848049605,0.030758333628018733,0.03365049690420822,0.03470970711912593,0.03393078277649664,0.029611842248979243,0.022869908825510574,0.02134160229803213,0.020396932089234484,0.018063561133133357,0.013543926403068902,0.013428532182897851,0.012083667427753063,0.011275345713968854,0.011514223338097906,0.014172049097084156,0.018372200047152933,0.023962338566119543,0.03187398346242341,0.036921804216511755,0.031240664049418804,0.02999398772386638,0.02806156413171425,0.02761550375370157,0.0323227629316683,0.03140928947555727,0.03248778368173225,0.03848537900999484,0.04039681851718007,0.03273847944937711,0.028561408317109748,0.023440680506948013,0.02089492606063364,0.01760360903286939,0.013772975155187295,0.01362442198652396,0.01193175772240686,0.011223788736674642,0.011873354912094283,0.014022241533164306,0.017423066838991558,0.026656865692762887,0.03560818204058877,0.03808486794970677,0.03606342424125627,0.032934919444827224,0.036038464840634166,0.03195837153842631,0.03704647965610658,0.033710912099440486,0.04069207065560185,0.04291346589114254,0.046700368618029474,0.03458936876220487,0.027285583390441202,0.026074117212380295,0.02203416058958774,0.02257530228393217,0.017176601569483932,0.014984444857775753,0.012689549230437733,0.012008068978665654,0.012289497547467599,0.013671504326805512,0.018359339908298137,0.02897347040022468,0.03400444757080715,0.036053495021922,0.03433239298703517,0.032781194840899475,0.034943970267555705,0.03353360006605925,0.033677932021480596,0.035628467880712916,0.03930979265500478,0.046881833568121034,0.04836460729103143,0.04779218953195753,0.04230685877199985,0.030204460895174368,0.030000564823508588,0.02881556734697628,0.031086039947337683,0.035014510059259575,0.032719086945913106,0.02692723915235271,0.020431932933659233,0.017191993391743817,0.01678814399787148,0.018183719752884835,0.02648735230738651,0.031281679232397434,0.030870516439721385,0.028757917487705942,0.02619413056719953,0.02968663923934367,0.028326032716514193,0.024763364860284125,0.02626879551705333,0.026656343327551568,0.025900243504358423,0.027349149306145598,0.032358737217907343,0.035427507625450314,0.03229001762690862,0.029412604181959942,0.027805775543264903,0.030102712326426483,0.03061207655786798,0.02575954065237989,0.01870126175975839,0.014834818409468549,0.011649751558898483,0.011971551250517803,0.016407916774889474,0.017143146485546965,0.023459775224442272,0.02275791482817481,0.02254038065532187,0.02072151659144612,0.022796177280885448,0.024919989544394047,0.02728469832222972,0.026054421191442027,0.02613714705245371,0.026083787910403826,0.02624943897725008,0.02555531090470917,0.02293472548250927,0.022129555804474094,1,0,0,1,0,1
0.009209332543111669,0.006556655158138497,0.005515566208361548,0.005495215894798902,0.005697679850677991,0.006734997853084872,0.008986783967571193,0.012830616601017539,0.016027246331287534,0.01766738060103233,0.017391481778097875,0.01633285138490075,0.0186015942966375,0.018011523275093613,0.017255068538807674,0.019726437402967527,0.019824555977915357,0.018275725941478787,0.017159334886536284,0.015941726172832904,0.012708189424124128,0.012809378164319275,0.011399020898547834,0.00944764377894293,0.00784430346590161,0.006636683138902278,0.006874116168704887,0.006770245379838758,0.007051051765184013,0.008589859278869863,0.0097938256356903,0.012387361005070702,0.015687893389402116,0.017233453077139346,0.015098555586823171,0.015171722010465608,0.014901060947775685,0.017678488177376075,0.016106447539159737,0.014992111014820895,0.015863346141826978,0.0165291364550767,0.017932187747142597,0.015284680551585715,0.012423001664546343,0.011381431260717959,0.010177936242389374,0.009612964148413432,0.008151538048679225,0.007739920013860084,0.006844210398371502,0.0066218339442210145,0.006742101413686166,0.007923521537886115,0.009468720076289927,0.012705426417776073,0.017230581899254936,0.01840023779545642,0.01457315778055975,0.015248547203079306,0.013051335563808875,0.01291690009922291,0.015661730408160317,0.0154210644621503,0.016069784685929754,0.01695692506878831,0.017985691849433553,0.01664877869667947,0.013362614653773057,0.012531323280782616,0.011031546127010752,0.008849706541384995,0.007444323647619837,0.007516977360243628,0.0066931909240279495,0.00614333006065675,0.006587058880588947,0.007611646901711525,0.0090263172960546,0.013564919891326745,0.01758923025764178,0.01799592730053713,0.01827957989543741,0.016874634699700762,0.015952839862153713,0.015438170212578468,0.016613155413057662,0.01613832747161711,0.018950408270508187,0.021393260307265648,0.019543734013748378,0.015817795468419205,0.014078692061974556,0.012968571358227965,0.012601988036053825,0.013126577215841014,0.01007921741722608,0.008021995532243937,0.006942327772290084,0.006675350161674813,0.00708294936409692,0.007709228624613979,0.01014613881502686,0.013155251181204744,0.016383706685097504,0.022524212188478693,0.020151394872473933,0.01655422986725935,0.016723093545592628,0.01737361339140269,0.01685927937777444,0.01785908141991565,0.01745542837922855,0.021361623413034162,0.0214184383079786,0.019800125247851085,0.01949229819380325,0.0168788176397629,0.016043080785178694,0.015114528033152488,0.020022273400939622,0.025208918404537376,0.025062644299665218,0.019062648971313313,0.01275268805792757,0.009405841410407666,0.009051100923586942,0.01045211633355046,0.01193325039018466,0.013642618108041541,0.013163699070294648,0.014151251227677993,0.012795558266186146,0.013153131325137284,0.013505660571218455,0.01294344983898609,0.013220155815074028,0.013844792297735975,0.013592168614764281,0.013937553309387559,0.01812779556447223,0.02052299816894901,0.020578786934384165,0.018821929241044047,0.01659078008466371,0.020860173752154536,0.02331518587552635,0.018720301060306744,0.01157426098362014,0.007813278746225323,0.006707772621969307,0.006519626773430006,0.009594926949805151,0.009015977660570273,0.010990585885983837,0.011104388855995394,0.011488274791505028,0.011582233823925373,0.012264997245782495,0.012818687564945665,0.01239740015432794,0.012338742620756302,0.012186624280929252,0.012653537353958128,0.012028944089663856,0.01215525169175348,0.014475331578328384,0.012619899880145091,1,0,0,1,0,0
0.043585664647232666,0.03272972066886355,0.03082099737607094,0.03312975660919068,0.03294306452782337,0.03318102569279027,0.04761465199350783,0.07206844286083189,0.12164208295941183,0.18086379473576092,0.21148228489169912,0.26367927390378315,0.28965466911153304,0.27557712371166887,0.2552010020824007,0.25347514428217827,0.23123204269874265,0.23538525307106656,0.21168388285865963,0.16310711665641156,0.13333114974423715,0.1189737803541791,0.10556471688875205,0.07290646636744082,0.07257053649019635,0.055520169330661014,0.04776239644670099,0.04351698245857131,0.0397325783726781,0.04402555170245382,0.05242074454943824,0.08957684264458082,0.1339774879451006,0.20572726894258794,0.2653728848565943,0.2851746629918898,0.3119146975082639,0.3230050659111529,0.2999987709786645,0.3105821347318066,0.2852042931099058,0.2775147899300753,0.25896087815578994,0.18150003338431708,0.14200906697645363,0.09547747159320016,0.08419614086474361,0.08230721389389684,0.056611230178326574,0.04957524335134986,0.042113254115623784,0.03691044362295539,0.035838935095251594,0.036859469143997986,0.04484747846671357,0.06992056812164432,0.13474757920410424,0.21624718452390654,0.2494767160617358,0.2790313839981296,0.30009249507557034,0.30012666170399055,0.2901493506524202,0.30210962188484547,0.29139277592258944,0.25630337213558557,0.23911563449073972,0.20717236406539632,0.15678868149170985,0.10460930258777214,0.09849055179287879,0.0937251648922578,0.06887152776497721,0.054009822384933064,0.04668657631996142,0.04156701976187562,0.040485768577388684,0.046109784525603756,0.05711827865484757,0.08459847559840523,0.15468827727864126,0.22493374340947367,0.2775627745238358,0.26479638837270403,0.2850971902375881,0.31170835291252785,0.309601989160951,0.29381502893014194,0.28071302325023284,0.2586684260091334,0.24356093244755503,0.18755148449760664,0.16090848867514673,0.12424188627665941,0.09832934414903868,0.09823666851851624,0.07760566405001003,0.052930531448993734,0.04558046324803816,0.03996526700213022,0.037477213242214126,0.04099096816259275,0.07864756092794283,0.09405595139176404,0.13193444508500218,0.20952827470807114,0.28233948257487546,0.2699329110933897,0.28031914830893623,0.3082756956950492,0.3135556906832242,0.27913699171076045,0.266439955564272,0.2204858138039728,0.20668061733349324,0.1963031627959444,0.11237956786403644,0.09671331201113614,0.09844584157505311,0.11385315429923672,0.08721442529682942,0.06008505004230124,0.051030878246182756,0.04535674185660754,0.04072872052884849,0.041044989049911475,0.044162853063841385,0.07433173893161274,0.07018506664608218,0.09635044708305124,0.15119110437202612,0.1910164974429624,0.20776033012416112,0.22232692265920065,0.19295478624031387,0.22147874121394595,0.2605477895217839,0.28682191175500693,0.225268117710662,0.21350251603800258,0.12597409546518837,0.11361223557133282,0.110740805667493,0.08268332009986673,0.0836037028424498,0.07340713490608308,0.05738206777900935,0.049248439793337914,0.04821689456315517,0.037954496067607195,0.03685137055217036,0.04019487297691755,0.05165529964335937,0.10165513220219324,0.09537290632903028,0.12865524787044072,0.13273280998318715,0.11447223360336198,0.1434541098570216,0.15616677581400804,0.18103252486975852,0.18202625449102405,0.1556665084258466,0.11265637332018971,0.08549730309741713,0.07376568926517575,0.07960748074688354,0.06720951456135282,1,1,0,0,0,0
0.019642688314979204,0.018725947875392578,0.018845208340317655,0.016313178806184277,0.01709800926445996,0.017315707574082434,0.02136110360473355,0.028179263342432283,0.03971697653296363,0.07006750698669169,0.0743568092441706,0.08891579698831531,0.08999533226674176,0.11820501208937398,0.10151388340240125,0.09096529741286419,0.08539235254279982,0.08260443786539465,0.07610183908186136,0.061724763978063986,0.04903911780370461,0.04023447037958415,0.03461318269081435,0.0254710955499696,0.023972779933715674,0.019443669935094013,0.017192042926625895,0.01601709155169734,0.01689558736807647,0.01723829159985996,0.020596020203354597,0.03166395458683066,0.05197054613961564,0.08204124458493638,0.09683864408330599,0.10049472142608934,0.10849643954393332,0.11762805082304673,0.12102524474035156,0.10842519727886914,0.10034995876231276,0.09654716593594442,0.08627030789893086,0.06621981903118417,0.05252487630385526,0.03335248617841519,0.03065727271677306,0.02981977052841135,0.024260482086250843,0.022739650614510686,0.020233842554607976,0.019074053779818894,0.018314849525561762,0.017348219592759295,0.018025148386934982,0.028662146596665453,0.0506220758911926,0.08717023581113778,0.09467974656491587,0.10608835574739138,0.0999560616222757,0.11527072428703969,0.11692225524481657,0.10409645488654154,0.10206521025457842,0.09472296450531882,0.08636774925742206,0.08397361649072081,0.055753588128504145,0.0367479421050117,0.034379833934332436,0.033596624670961035,0.024869689065375202,0.021579678712817792,0.0182781397772494,0.01730546997874522,0.01704164175804496,0.018244009784775864,0.02085073990945292,0.031131551118634707,0.055252189230960695,0.08790217082961557,0.0972470370037632,0.10369933601454769,0.11919645616819352,0.12974849511091463,0.12038986778158348,0.12756771883703197,0.10420061142331959,0.10231799083228292,0.09859111100433393,0.0779511008710521,0.06122543938659239,0.04595185945048287,0.03700780620633911,0.03513384225993313,0.026344591586995245,0.02219785540287799,0.019728047384153832,0.018474695049478778,0.018500758603701303,0.018925296638289842,0.025036219031166276,0.033677042212075896,0.05637880152210921,0.09053734900510772,0.11054833772536271,0.10144629981163628,0.10464387679114137,0.12709385104601892,0.12561428007013528,0.114146938775102,0.11495459054356456,0.09732611063081571,0.08602380207094971,0.07397951671161132,0.05031338088302718,0.03548414204576877,0.033855054108717024,0.032826118123266065,0.027384263154277978,0.021793766394088813,0.01847910795689915,0.01682411514876776,0.016625919873881075,0.016457822993092928,0.017468268121290913,0.024489911165815226,0.02888825275115252,0.03708607285052387,0.053543793519898,0.06242226202399872,0.06947856132669859,0.07149216232513526,0.06278063972673377,0.07102003006052145,0.08168398067795943,0.08517918692402293,0.06743830723065625,0.06611139691337653,0.04221842093681904,0.04070261933136944,0.03496516387500851,0.032683684546185095,0.031252798088431843,0.023841032805777023,0.02023473000535555,0.018651164515592986,0.01966758600682313,0.018276015652417807,0.017851760167539216,0.019056405035029686,0.021367802397922995,0.03300100561003462,0.0354458523555136,0.04280634517587208,0.042242559649393184,0.03934908900006462,0.045133230998077305,0.0504419497024482,0.05547122789316998,0.05679284186816042,0.04894181959411108,0.03861659242666989,0.028653927854729238,0.027189603714795393,0.030217697812936657,0.02418787177094101,1,1,0,0,0,0
0.009787062611160939,0.010040310347447037,0.009928634469130868,0.010076437966753221,0.008582685276336769,0.008648043083734977,0.009730342197978028,0.013372003617639712,0.023514789284282925,0.03277216983542774,0.03184655374308446,0.03136865490907022,0.04107595739313411,0.04161018178653403,0.035751195173827896,0.03818179498476457,0.04310397755106794,0.03189165001566004,0.036696127550731296,0.031946028968336974,0.023294876437545433,0.02024693612542445,0.016406817317796273,0.014115536725919423,0.012020480882777058,0.009954495639559734,0.009603541326241995,0.009509964122182506,0.009771166872995798,0.011151412144024769,0.012050035238679022,0.014534220214441203,0.025867120342524162,0.03559508618292751,0.036538258919514545,0.03825437516556767,0.03326524930737479,0.037995626084168725,0.04414072287353868,0.038502311342543866,0.03856701905620121,0.03644915352470489,0.03414990515722925,0.03433096735516117,0.024834635544484937,0.019966865570788986,0.018628384006387572,0.018466218138210005,0.01504368469408212,0.014426465909604483,0.011731409806288215,0.010093654693191446,0.009709043628913904,0.009757144233174888,0.011774417408754678,0.01833217514298567,0.027838557448869344,0.03639646694952211,0.036179165795182475,0.03730158558206498,0.04330291592335389,0.040416662885612596,0.041743243922943075,0.0348330592345611,0.035893403060648074,0.03979517344547128,0.037011341073824484,0.04222703040290483,0.0308393135056858,0.023178758741834806,0.02259112999308842,0.021130907928468737,0.015707472877560864,0.013843802660618083,0.010242186336219412,0.010245111574396745,0.009574598078814932,0.010917489808337925,0.010793302199709802,0.015161550359757922,0.028218844811163803,0.036726487989214095,0.036429621968278175,0.04034769186298669,0.04336793135369353,0.04288407147894658,0.04045325233501592,0.04230936619346548,0.04306136266831944,0.042102291905535376,0.044746571659110286,0.04121806392261002,0.031419329500801,0.023218368692640927,0.02360596765372114,0.02008297389811835,0.01549188372232334,0.01390839755380101,0.013509950453817263,0.013978278368864507,0.014053535577199633,0.013322534991187178,0.013886754793761648,0.015582758883195878,0.030944215946221758,0.038073223421157563,0.03857310547108596,0.040563986134524714,0.04321817553660772,0.04643815537236646,0.04504605357946424,0.04381413516723695,0.039516414423974786,0.03811925477377007,0.03693405468429521,0.036539851925648154,0.02422513345318962,0.020435154783155673,0.01754297181760285,0.016782146174542236,0.014491755892384736,0.013113099699910324,0.010332804274444118,0.00942739809770451,0.009425049434626319,0.0099616385293553,0.011339248290868482,0.012938604887994308,0.016390243156120088,0.021019764373420742,0.03184583507401976,0.027418774335269642,0.025759525949223983,0.02267852359628967,0.020966248046076805,0.021837338602001825,0.02407417951820697,0.021850011013357838,0.02396891888685548,0.025637608414377788,0.020623727036980868,0.019595464774208177,0.020391913265177065,0.01980563839105952,0.017446599297108702,0.011547575223562312,0.010100980536888621,0.01028201233495647,0.010012622352661558,0.009720516076116284,0.009625213534126023,0.010459471676655929,0.012519381347040599,0.016044505583422228,0.016502017037183486,0.017796123280529798,0.0157485270039979,0.01596197820054742,0.016415483137502577,0.0191261302530183,0.02112256446656184,0.022001911035871874,0.0205563358006985,0.01954881643620716,0.01763891943291682,0.016721709137817245,0.01750398971891517,0.016884190338432307,1,1,0,0,0,0
0.04037799331348668,0.03131726966101797,0.02789356198346597,0.025303709489762637,0.025563007313016122,0.026836759859213386,0.032796250989677686,0.052606798117843294,0.0848125001236159,0.12516474103890382,0.1549179501741477,0.1238824239859036,0.12015212826662311,0.11229275476977045,0.1062044411748869,0.09351373393644187,0.08979860753217994,0.07750513671750837,0.08869107726082691,0.0801883494678602,0.07474062693033101,0.07065073652277688,0.06849836810187708,0.05482753070277551,0.04302547667149776,0.04028980756762563,0.0358941731884116,0.03247042876519989,0.030653715843361587,0.03037490010212021,0.034357440307603175,0.06012695649486655,0.10071875853586632,0.11751998839757694,0.12280190322829079,0.1377362363764917,0.11953490768452552,0.11100673966746338,0.09927328994140393,0.09023728008446981,0.09771086281430927,0.08816137514716718,0.0793931353142252,0.08218487875589373,0.08220255811174541,0.07700269757442611,0.0683996373504429,0.06753913391328369,0.05524639959024135,0.04106076420743965,0.03773568307107423,0.03269699084592018,0.031626021395991945,0.03165031324466702,0.034317043284369096,0.057186411343461065,0.09279072432827377,0.10835658502253297,0.12611120406821974,0.1278792358720322,0.11647412967098138,0.10586761715795015,0.08469226945318853,0.09213611263051036,0.08994645124638596,0.09282037205468538,0.09494854197149964,0.09034241938189595,0.09099669648016624,0.08905950633073971,0.07373584557716037,0.06283612052253278,0.05084832167820652,0.046846578803806334,0.03326747248212912,0.03266456349793985,0.029762662474436697,0.028440150128192423,0.036758839605547176,0.05802407116151933,0.10171450594940469,0.1596487621179525,0.13281358674438648,0.13901858481761226,0.15443923704313864,0.11040304417796255,0.08874117656020086,0.08599495574035727,0.08704095513866836,0.08823065498654419,0.09399680652927128,0.08671153180432864,0.07222035005740511,0.06649399612439297,0.05923870305780765,0.05652999684166643,0.051541947633303116,0.04258792300409703,0.03675974243593553,0.03689323616741629,0.030553201369249678,0.03085223339443667,0.03154866453408157,0.05066351334198976,0.10274053358767843,0.11785339918036346,0.139134695845666,0.13046205686048687,0.118353520898255,0.10523415295344701,0.08384061063187291,0.07945944128114463,0.0880292239137189,0.08721588285055346,0.08436791332201773,0.0869477690522497,0.07566453856282034,0.06491841415110892,0.06581459133159792,0.051267770221653595,0.04160519690672539,0.04745467667703914,0.03888182014779662,0.03292407482899517,0.03547384255102423,0.03269159272404159,0.030447618954274898,0.039069251892022025,0.06688069811000169,0.07455988680593598,0.08608428837684856,0.0993635650884512,0.08905527031915282,0.07062938944346726,0.08368046288796209,0.06945678872956902,0.06266763532419363,0.06228959352473234,0.06244367783312172,0.0699123410974452,0.06765672239811159,0.05792558814789166,0.05396881797432939,0.054979405396625707,0.04676461382586957,0.0380320069954485,0.029916051814193153,0.028388801163399355,0.026178241461462623,0.022911870760830233,0.024405844054846634,0.024917107822174392,0.032175816384105854,0.04239915338012218,0.05010179915663258,0.050796737366678536,0.05099069051691907,0.05651935927122487,0.05112725930278207,0.06140836438292277,0.0635191132636535,0.060905841552117645,0.056756384165155445,0.06373318342425892,0.06290933915549073,0.05532061900463079,0.057963154484827105,0.05265659588711127,1,1,0,0,0,0
0.1706700014539212,0.15428806285560104,0.123109766515596,0.1146968687706269,0.10888288200367838,0.10809029821341802,0.11698652335762434,0.1746738426410353,0.24804472197020294,0.33408291658494393,0.39120258726636203,0.3263834190118639,0.31952644900452254,0.29488516132467424,0.2751705986921899,0.2951962001141571,0.29874986358493777,0.24064236475350895,0.2630524887860765,0.2630977863794362,0.27206643122115903,0.28908542048235736,0.2950473459440621,0.26025345070996303,0.22315616191143484,0.183674111640835,0.14640886773065975,0.13121449673811858,0.11681384316165129,0.11162779339421569,0.12479614548113513,0.19923334723536187,0.3114114437345202,0.32044335493695736,0.3044102515695228,0.3554517654233579,0.3175313812296036,0.294867019176757,0.26378467368979025,0.2727827440729187,0.2924193062143603,0.26459463385882764,0.2745442003289403,0.3000382709701895,0.3321418990521628,0.30295122311756123,0.29604678225891556,0.2717135662568199,0.21728928029065103,0.17920313033598564,0.15591434896237316,0.1367104609264106,0.12609373836427534,0.1352765245121736,0.13417887121497216,0.20260197582211062,0.2809442638736173,0.29182918177792866,0.3302190843259229,0.34320505850158245,0.3044540465213887,0.2900068382912861,0.2491269631823331,0.2880204908411027,0.26978648975867625,0.268213607537621,0.2811055053841618,0.30171385767201797,0.3297918839866693,0.33655289930392,0.30729166111696954,0.26490470748105294,0.1998674175902635,0.1873535937574137,0.15073023451734716,0.14168601850163168,0.11784668762730308,0.11195771271789287,0.13608595718955763,0.20552186174653458,0.2934319087291612,0.35401108711507817,0.33309370914907943,0.3722885949323207,0.3374103519646303,0.2907126511933259,0.2510805121702751,0.2573911083765067,0.26494219394846763,0.2794225608664116,0.28812227181421907,0.2786883645213588,0.2524698802684211,0.298585967946812,0.29594921297509347,0.27612464101831896,0.23391367989415343,0.19997861311310478,0.16316252013922503,0.1500563029476285,0.12321274124217413,0.12331268372972509,0.13192866837494768,0.1907644918382264,0.3112898996204751,0.3129065621103065,0.35778870103344473,0.3361810161787372,0.31577557026693426,0.28705039130870275,0.22902036356125746,0.21317948193259562,0.25999659362445804,0.27187760137782385,0.2931726293826755,0.30158153394445175,0.29617013172417966,0.2551267767900163,0.26750365191503994,0.21767544632299554,0.19862663746854894,0.18539585284404467,0.14236125143958342,0.127292451014385,0.12424283407616861,0.1100626293843228,0.1101820545918335,0.13146604237914009,0.21298912883528384,0.24214630191238984,0.26065520574975776,0.2916803481189776,0.2880274287510408,0.2524694637381596,0.30735857403836603,0.2631580770810609,0.25772784520152897,0.25025953368723364,0.24185036638577884,0.2806058304301753,0.2928730332625522,0.22604632001900923,0.2298596728918056,0.21711884245627217,0.20905321248966033,0.16236402169245115,0.12814177849483083,0.12183689565681632,0.1148091083164151,0.10198891880996004,0.1019002894084997,0.1047347543879185,0.13614952979455083,0.17809997411228107,0.20789371374439272,0.19945362982681625,0.22705022953146334,0.2399130066472986,0.22484345524216434,0.2319659424318229,0.23505370098308334,0.24396391904110454,0.26442745877983875,0.2915843115084755,0.27837870990173796,0.2657866171383152,0.26814773542762493,0.2627877261533906,1,1,0,0,1,0
0.15786793223360102,0.15073025495657902,0.12572180548646264,0.11645248500457207,0.11320763848621612,0.1101219440841272,0.1037570901029637,0.13697374964950151,0.15909756017690285,0.1760794801350397,0.17255770889722447,0.17400165659663958,0.17051394206845819,0.17622178114768874,0.18111058028822719,0.22002519955685912,0.25408030950049026,0.1895887323051614,0.1984443169835923,0.20784287985086167,0.23588534469341166,0.25963110251238497,0.2694652444183354,0.27727580205188707,0.23215309563641248,0.1777537037537108,0.18198717830142971,0.12516291343949004,0.11004152317767116,0.10393510950752505,0.10885888774929314,0.1469071784440131,0.20566368844433688,0.19143191290765457,0.16725993108105464,0.16902785617871083,0.1706964097725919,0.17779351587262537,0.18564030386436195,0.21155903603071602,0.21195938657803579,0.20511901513717887,0.23345792179025918,0.26161604544701095,0.2898635154916167,0.2714487312580822,0.29512915899952413,0.23780217222293934,0.19549472591576306,0.17659720918910987,0.1417638051787274,0.1289516566332322,0.11300659951715121,0.1281696868772584,0.12495139191058025,0.1603892459245664,0.18975439467524896,0.177901949306999,0.18623816849844124,0.20619147532445908,0.17748718145681847,0.1841853495779819,0.18531211260316,0.1873240908016315,0.19155911259392502,0.26989067690213003,0.2098272040675729,0.2279885139101867,0.2838263369031527,0.2986182106622286,0.25972268926113307,0.239618493323562,0.17934942614741356,0.15339811133265915,0.143985009447798,0.13425566370188732,0.1131435838850241,0.10961879629147964,0.11803496281184256,0.15951892139038965,0.18696563703564342,0.1875427793923555,0.212629027732699,0.2269611076756012,0.19949977428875343,0.172468294394613,0.21085560289505761,0.20748275450182557,0.21207868188249618,0.251067916948173,0.20954700567382478,0.21274548206513874,0.21802378717705495,0.29901919943731453,0.29751325016198366,0.26477175483421345,0.20906446729888067,0.19086969510598784,0.1525558722698332,0.13226949772180627,0.11264545244927618,0.11302511454218583,0.12622040527241224,0.16273716491621015,0.20843358531965314,0.17177171857396714,0.17267973913226295,0.16959636884570944,0.19239471690146726,0.21756178330765744,0.19030902316585513,0.160511524402118,0.19688998700919783,0.2034137478580753,0.23725508278593266,0.23696588227232818,0.23197245342833134,0.2269378264233568,0.2320775921409646,0.19997952890779597,0.20927800082814016,0.1508166220335662,0.12424591685432987,0.11435924066733215,0.10635352046597976,0.09305786517080261,0.09916627357887348,0.11403091360759714,0.1555877085469672,0.17287920844285418,0.17376109051969965,0.19025106216861332,0.22394465375653458,0.21135259123305605,0.22168879522678217,0.21198213484066503,0.22897370770422998,0.22678750902455413,0.21943515833746416,0.24404408787471923,0.2587467795941942,0.20346220510070398,0.20839540672144183,0.18250633172589997,0.1890872692252405,0.13532868356389108,0.12205319426457913,0.12471815495445507,0.10981964235270414,0.0951558113466837,0.09098740791228849,0.09896770870669691,0.12297435465019979,0.1616130186552594,0.18792919197241534,0.18922414117019215,0.21032610185458536,0.2258191588811125,0.20490369644718814,0.19677756122181717,0.1944819610928513,0.19219167233454898,0.24398746361856666,0.2650573273305885,0.24849259570420495,0.2504400554708107,0.24697295519998014,0.26197050843804703,1,1,0,0,0,0
0.11697813281222964,0.08431000252315779,0.07562649906789044,0.06577598130137134,0.06700874712059056,0.06654066815008798,0.06767530378652736,0.09296917557282859,0.13565105241222838,0.12072817039462373,0.12414049738128993,0.1273329788933316,0.1249829990715702,0.1374317959051727,0.14625460301633736,0.1339536920874656,0.14662293164722015,0.1432573142682627,0.15017656329599677,0.13562465202609625,0.14983756126602354,0.1470962284625304,0.14596362966595905,0.15648638154483302,0.11208004026081354,0.09673149002515413,0.11685290469435695,0.07673345342731736,0.06913398819566499,0.06530313276116954,0.06954412769649347,0.09582485332909901,0.13828563158106666,0.14408470485038047,0.1377970328017376,0.13136537746915997,0.13880762384841516,0.14243704970197785,0.1403695572749945,0.14113832020654324,0.14396685479181465,0.13285037105209843,0.15097267079475254,0.149757661317862,0.13912455179290634,0.167719320728219,0.1669127749720178,0.13887908753790773,0.12552772418442265,0.10108817934627583,0.08051093451913147,0.07469072336902705,0.06544044939654829,0.06728031287855737,0.0725167190164381,0.09871044895952195,0.14055519999848579,0.13623146553544732,0.14580755637223067,0.15293759729257825,0.14029656346978792,0.1604291331826812,0.15032010875259277,0.13300250997727991,0.14030464199982118,0.1894737454858015,0.13320775253025863,0.13769905613746267,0.17082064748389914,0.19041530594566558,0.15325472328809298,0.13453876241355203,0.1083958308132787,0.08399427632731957,0.07572993432124821,0.0691384424114069,0.06961888572081515,0.06839031573250817,0.07046161343949817,0.10192122722050309,0.14002457276294877,0.14884313892064355,0.16333119235695337,0.14855253203809227,0.15025910364060813,0.13880956339493478,0.1561496155204359,0.13955453006177598,0.13597853081463954,0.1436668468947738,0.13524075478061723,0.13353522074536076,0.14441326262455564,0.16949494747035548,0.1523996782287647,0.13686091008185783,0.11100631540379831,0.10189631551962733,0.08360492143219614,0.07598943036155867,0.06693364806891246,0.06453645289185062,0.07449217889818611,0.10229471463842482,0.14209611398502847,0.1358548100455266,0.13124698223804512,0.13416954195926564,0.13598314334712236,0.16121828659360907,0.16099038155141623,0.11584085272694845,0.12657497182759353,0.12117469412110368,0.14765009408498456,0.13933329246556866,0.12933024007340096,0.1317402342687803,0.12644113926348313,0.12151988946333751,0.11084608224336312,0.08774139949293637,0.0736959219909661,0.07148765451139537,0.0684766347421284,0.06633351081953551,0.06197355027197784,0.07193319289909517,0.10407863934262487,0.11272711643846216,0.1209533472405929,0.12860964073111564,0.1328069318642356,0.13088500398285055,0.11176714228775007,0.11213407610824502,0.11553991762219407,0.12483634952050204,0.12818094781944173,0.1294908684254846,0.13822271912609707,0.13285900736413986,0.11598984483554868,0.1058715480464259,0.09976650174197704,0.08748131931687639,0.07567467429949869,0.07267583706758034,0.05688172311019934,0.05157068544317886,0.052363200422006824,0.06002309927445796,0.0730421505997411,0.09336411582545735,0.10518963654477331,0.11276563702862179,0.10940016596761061,0.12007230061863848,0.11819122857293272,0.11608925336760195,0.10635157506065467,0.112115594852828,0.12029333132150132,0.13018842415032128,0.13042961156577537,0.13320734396666767,0.14798218868426355,0.1369778196848967,1,1,0,0,0,0
0.14106155125847525,0.09009874440857739,0.07467554402773789,0.061755619801706144,0.06058097271609231,0.05813490917820923,0.07280957346010272,0.09528840588774709,0.1576826206572004,0.11875359304363503,0.12127250516093638,0.13001726545013093,0.12889910012982062,0.15667881993048463,0.1565752218711932,0.16811281557318022,0.155758776141134,0.16546088801812597,0.17133339340749248,0.14572543759285747,0.15000330588127056,0.13100047737335713,0.12277224858710978,0.1342557450535337,0.11311805466094521,0.08598888714962061,0.07948390491576637,0.07464370197643577,0.06810332000174776,0.0625909995462631,0.07258252537728825,0.10337938411164647,0.135319445521114,0.154871235881124,0.164439935416446,0.14630104525823281,0.14217759283628503,0.1551539094120545,0.14796102585473023,0.1528298661368219,0.15952898480940828,0.14881803616244801,0.1728311237130092,0.16615283804352837,0.14648578360761547,0.1560403794442613,0.14803642171351297,0.12431761768688807,0.10517755449484797,0.08197801415200458,0.07964791488140724,0.07542240963254163,0.07354391494205238,0.07281663178425014,0.0823234278085161,0.11289175585498143,0.15766651784456953,0.14619421426399345,0.16149869301916597,0.14193040940129917,0.16632347267610487,0.16989164396358167,0.15011805772509423,0.15665708999885714,0.14383752530760818,0.12860541446923593,0.13677939159826866,0.15557867526500094,0.14528221489358717,0.1584927897212221,0.14369004654898226,0.13084445978333126,0.11070546106546748,0.08792698214408531,0.0753333819882397,0.06632597184342476,0.06757132775145815,0.06372077478236637,0.069230766460545,0.1089307332598872,0.12800830795917786,0.1657572105744637,0.13062629859090047,0.13904672450435393,0.13763384356563438,0.1610740540604922,0.15248359923796498,0.14230093937218652,0.1603319757585925,0.13932923699245306,0.16707654170973568,0.15829287551077056,0.16056931613186978,0.17326338519710013,0.17501371673769425,0.12795292776249004,0.10183354368490061,0.09072224864217616,0.07104047334038045,0.06666064694195346,0.05840470177373217,0.053194436870671546,0.0683114703853021,0.10842385445118924,0.1532529509094885,0.1457052747536467,0.1363821303629422,0.165286199346138,0.14467960456085344,0.165612273549629,0.17959799785675928,0.13920755227117884,0.1648811980244964,0.15667846321455065,0.15269574205632636,0.14387860380514692,0.14488472896352272,0.1455194279795226,0.13772693373565303,0.13674918476246545,0.10792210610038176,0.09207550835298925,0.07631378365038756,0.06983796445737843,0.06980870843438133,0.07008355526538601,0.06701290718385321,0.08456768473541408,0.10262414550947294,0.12124791695913684,0.13565129003771229,0.13318496233117527,0.11123839957781434,0.1256375094874759,0.11969814048495557,0.14158905671027086,0.14052511566680964,0.12628241258819844,0.14166113041882336,0.14816633005242694,0.1655135106743633,0.17115832804918701,0.14883215030315095,0.1495372395460202,0.14344510040458555,0.11464344151451457,0.0834157633953558,0.07109259487779367,0.06277993945686222,0.06315889009291832,0.05968338280876354,0.06807125623677215,0.08644782309057716,0.112435114578303,0.11551128141393521,0.1281969538037814,0.11363239664446548,0.12986614302881488,0.13231860142450969,0.12612939361230363,0.11735900096514403,0.12918409555208415,0.14283118747515292,0.14025946183542717,0.13714691464322082,0.13945278449196893,0.17763788979263526,0.12084742745805997,1,1,0,0,0,1
0.0862346852526436,0.0677260744589095,0.05605085475981726,0.04738867672153047,0.045208897235271134,0.04440765373620646,0.058940653163296296,0.079228044433149,0.11784287765778212,0.09487690661950621,0.09503175702428585,0.09810013527283241,0.12046747906621531,0.12166864667945483,0.11604223624284335,0.12298404210189204,0.12712059438469384,0.14331600493520072,0.1269967667343238,0.11176820609975749,0.11917770522409712,0.10502341285028144,0.1005110292233842,0.09574867877366185,0.08380977929066302,0.0673747649598154,0.059189252613293136,0.05575299245707828,0.04918426903692752,0.045272231493799525,0.05376647309397652,0.08044624653832134,0.10275963962400628,0.11206574619079449,0.11891667624269196,0.11028337630170923,0.10602945807545126,0.11565547479147008,0.10935422060861281,0.10135246762981044,0.11067056483831196,0.11961481565132362,0.1352166000468919,0.1443744095562803,0.12420523841805559,0.11905929799095606,0.10457373085352205,0.09680518439034638,0.07840283859833985,0.06303168764615119,0.06255227640801886,0.06056443197977381,0.05753253935312606,0.057414714248803345,0.06225300832793753,0.0969970838022083,0.1320351926763567,0.10399920405281464,0.11705640397995452,0.10751685274051515,0.11852111866763207,0.12158122770478332,0.11874596070253791,0.11072963028676518,0.1153168727618267,0.11227991483634792,0.12128956731618191,0.125703038728966,0.11593846900925785,0.10787832517935513,0.10501002339714519,0.09724395302338906,0.08037001010355496,0.06759776753486445,0.06264044748960314,0.0584936365577513,0.05329318696677126,0.050437551651336204,0.05326290726093986,0.07776097133202084,0.09768964965471887,0.11884174408639155,0.09384409143276992,0.10175486285645433,0.10039859995456159,0.11536814020416139,0.10670522842719267,0.1008503262322183,0.1244759923714866,0.12392254619516281,0.12746814977731522,0.13127904224708914,0.1320443027476721,0.12798365421665603,0.12727884183019214,0.09209748282849034,0.07838191253740372,0.06461777259335488,0.055990932993749534,0.05152210352414113,0.04523528523347045,0.044192838820319776,0.05355063616982648,0.0876768277160805,0.11093809359562706,0.10827168440745132,0.1045323724299658,0.12268913165808114,0.11381497987138826,0.12270832326784624,0.1163486944148119,0.11186630810196527,0.13417447674382904,0.1466993191495651,0.12032598761429358,0.12113790463296331,0.12523463538959997,0.12057876502097722,0.11697130586519587,0.10481539713103333,0.08368708212005861,0.07071582078623166,0.061173744736343454,0.05691292999700492,0.05282718554272918,0.05247624790661983,0.05245726227263152,0.0691640262889349,0.08153311617918399,0.09966073672196102,0.11040393290467733,0.1302017775055091,0.0901439540634529,0.10049993559401643,0.09944403263843091,0.10512040653837365,0.10651904953353776,0.10602627713767673,0.11783346544506235,0.12496834080753866,0.1483306825699137,0.1370034005547639,0.11905670988302802,0.14647398363880137,0.11417829365519402,0.09191261434488261,0.06967430147567673,0.06028622496365419,0.052972616863811474,0.051880284266472294,0.04987260781285064,0.05387503166053929,0.06290168132154651,0.08545926905531288,0.0972024268715555,0.11454850420593017,0.09025914775727431,0.09553357876107323,0.08845955426971273,0.09388912343314659,0.09719346204212735,0.10270269756752483,0.10402218009644262,0.10864535109175119,0.09946033108555834,0.10614716844847488,0.1064257733091926,0.08458398701841877,1,1,0,0,1,0
0.1059298290222999,0.08345870532858657,0.07580921994442374,0.0701609225514581,0.07953833644865131,0.0765154241520308,0.08121401454848258,0.10647997768365046,0.17913513968332243,0.16693209648240181,0.1417335175261542,0.12755213069004737,0.16064472884873482,0.15023456345893682,0.1302616844884081,0.12235796927413366,0.12528115574404142,0.1348650663857944,0.1250814047632769,0.11902676349474213,0.13842839285192923,0.13567106594053166,0.12189653990566271,0.12047968826568495,0.10874022658741467,0.08796865392513724,0.0780270618643521,0.07254311197057993,0.06052100702313556,0.05264438737234238,0.06323200626973734,0.08773244844221785,0.13439953828499476,0.15643425608147354,0.1297651852006415,0.14385236753181357,0.15669443097553404,0.13589650948945053,0.12618092244186022,0.13527231002028112,0.15416892388554868,0.14724422025242767,0.13866708847708048,0.1438328090926656,0.13577632019144886,0.15985792823238992,0.14536815083654575,0.1216612522380016,0.10334073410296747,0.08333288615162171,0.07062436973266172,0.060913094831805355,0.058957589464508485,0.06178802137804179,0.06706911608355204,0.09811458671333359,0.13835978484070513,0.14001579982587534,0.15983608751316775,0.14342532628838053,0.1416051938165933,0.14836279232633534,0.16178021949956195,0.14106285232946644,0.15274459677520516,0.16548018079492174,0.15792949498895134,0.12520633681875767,0.16065912047764522,0.1623519165227532,0.14935336605941796,0.11946857436168712,0.11439512490495846,0.08035917598762313,0.06832504786143409,0.05969000330405187,0.053892003064485515,0.053853258884626144,0.05892216331442624,0.0917717547533536,0.1289302768430633,0.13843293212785263,0.15382108186258572,0.13004904950184376,0.12467658292565445,0.12640509141530176,0.14273882116803902,0.139885746072321,0.1501822980638519,0.1746973317209818,0.14437933289914737,0.14391297051181703,0.1471768110147679,0.12858269000916273,0.13695010949864553,0.10922677694453965,0.0980632192949663,0.07498319081553513,0.06464740762635936,0.06892085043165934,0.062152057545415494,0.056760873255859524,0.07491047402761698,0.12350050013736896,0.15069644309029906,0.17924611196256016,0.17356940924249542,0.15922091704515046,0.18747159572938762,0.15856956451682513,0.126675135596362,0.11861092139854375,0.15050567023348535,0.16952072301414306,0.12790928906303145,0.15478636011485322,0.15405329602529055,0.17410368817969296,0.13515680197411742,0.13367527119270742,0.11158295278867485,0.09900468212072235,0.0826550581830162,0.07524930258429456,0.05734865736157177,0.05105554390799195,0.04978913295373043,0.06481812881628407,0.07945313023186779,0.09849001279134906,0.13880938016922337,0.1319064106450813,0.13268558884798498,0.14221350474036826,0.15294571039618038,0.14203417434997656,0.14236841995585137,0.13458571669005748,0.16411490584856891,0.1289781028628499,0.1430354763907373,0.132568914254864,0.16178171606713973,0.1516542030357976,0.10096798256447749,0.09635112133067848,0.07276769503108298,0.0739145051214828,0.062344602344585005,0.058879846875764974,0.05505788186416072,0.05960869200973355,0.07051250590256143,0.10341090495195866,0.11987139972105577,0.1566333423189544,0.12123822284271904,0.15594719700181525,0.11135400408062605,0.11319593799353349,0.11362507392394298,0.12745543954981223,0.13509934479406732,0.14206976342359529,0.15071772825202998,0.1564500007473757,0.1381985853832245,0.16733308294127447,1,1,0,0,0,0
0.033015884997524954,0.03086324318646677,0.02645361860943216,0.021651845558305547,0.020039113634231113,0.02109996266574002,0.02550736995821318,0.0365255168781602,0.05546990855022233,0.05188717401928052,0.04314852299884733,0.04652117574674338,0.04550063204688089,0.048080480376677066,0.05024870999191341,0.04308460633194537,0.04561741701813345,0.04291173887052098,0.04456476384533586,0.04688510657833485,0.04958621180597619,0.04296479656624028,0.04095684971594689,0.03925648671629802,0.03614862413106943,0.027481207691370094,0.02259624525113755,0.023022794060830364,0.021177908099060207,0.01905215434645282,0.020380396064179167,0.033224849062132945,0.05018604183811948,0.04786338223894866,0.04275406063514019,0.04895532247047217,0.04627741676858095,0.04390592803295232,0.04107471050605229,0.04204646922996774,0.04490882122907881,0.041646275489017795,0.048348769655682106,0.05479105868313054,0.05734636350435638,0.05487858175569081,0.05608293626559595,0.042800517785681225,0.03566968497648783,0.0302544192613448,0.0274434497944241,0.022493910183474835,0.021783674336623912,0.020260022480894955,0.024659690996952994,0.035851249634353,0.04874971080322489,0.04777676494106476,0.04171705688618862,0.044647089942691676,0.05068044135742937,0.04238266952030445,0.06669629459714274,0.04701324241030699,0.046282504543540826,0.0547394542197472,0.06110115471837281,0.04870293972554479,0.059147542659884346,0.05005368000666995,0.04613983034647738,0.04453396807403426,0.03212586896928589,0.02516294174321874,0.019687937411838725,0.016157207449972504,0.014776313908603839,0.015434785895682193,0.019000687800413845,0.03365777348823288,0.04499665677284144,0.050343350445885095,0.04570333033828046,0.04317111361374966,0.0475613325021766,0.05232511134958286,0.04990991272651508,0.045675863688592715,0.044298144493868055,0.054976744184474104,0.04717916232727231,0.04572419786763505,0.04974103866211525,0.04765005487144481,0.05267627811090243,0.046688587408261956,0.03447166727994756,0.02661676323261114,0.022841552255123593,0.025329800158759328,0.02210326808047152,0.01942038556665475,0.02269152359531151,0.034874815822230024,0.04615452178331087,0.04983663563729847,0.04976442192347644,0.04494178803234113,0.04648955242060469,0.04970379985216904,0.04144228367657994,0.041335462187051863,0.04514725395287501,0.05270184590738556,0.04792088295663781,0.053897617490440634,0.05710253274422983,0.07101472664884811,0.04693897022218704,0.043867960569603896,0.04327733656376968,0.030504347237023516,0.02775680078445159,0.02221477793412277,0.01976202345973652,0.019208303881650856,0.018980031366357467,0.025450354110321594,0.027551315048477007,0.036789774290878846,0.047922565369960285,0.06268645330475722,0.057197428615806026,0.04242357112190703,0.05442026984205576,0.05765205309897539,0.04317356294110639,0.05069484081584546,0.04763800003250059,0.046639865834191,0.04855908090720287,0.04497483316540488,0.04732969341147663,0.0481020137000224,0.030371179068655867,0.029445570134302584,0.020933149590664814,0.025955911807257037,0.019703726842468156,0.018505107397037097,0.018005107097032805,0.01912543169676423,0.024762844006728135,0.03030105231943597,0.04588179960805991,0.05835970073373329,0.04228306781923248,0.04126495409489344,0.04168264813135232,0.035516180395409234,0.04201518644419121,0.04103494797550632,0.05175712300439995,0.049197416850950255,0.049547286507154384,0.05690676141280602,0.047839396380341834,0.038188763259719455,1,1,0,0,0,0
0.03840314087940803,0.03389230370445364,0.03181779209898454,0.030535664986367242,0.030081067709472165,0.03193032646352696,0.03866618113789329,0.05238462262216484,0.0705595598286268,0.06994202360275813,0.07161726395936772,0.06727279179282589,0.07028994900960617,0.06929460320024497,0.06810311010971361,0.06563646145140907,0.06371833407283499,0.0659367410909662,0.06418405581446461,0.06353175012638416,0.05807805348102213,0.05448438699977345,0.05088260495003563,0.045213727252886346,0.03887466699266861,0.03318929145365136,0.03174566786312006,0.03062001050851284,0.030448025258546743,0.03189432572602335,0.036867946291819574,0.04901317192808448,0.062176895818317125,0.06565289658935432,0.06197776357259898,0.062144903200948905,0.06300264303678382,0.06247708463519502,0.06374700626823175,0.061988489900051784,0.06159184755644813,0.06309989584344658,0.06395995386022021,0.060992590179387164,0.05745395422837786,0.05149376386272148,0.050806572476952055,0.04737101078593954,0.04069701239232449,0.035767646062260454,0.033293619922670915,0.03272074250762411,0.03155896602573516,0.03377244545843838,0.0385102296234754,0.05208179971692302,0.06616066959008479,0.06401653959179762,0.0635850429935096,0.061385040770202966,0.06495977329388865,0.06312734183771146,0.06001739372620579,0.05848571008802548,0.05951540968728626,0.05836088533082824,0.06073444489298348,0.06043625830579183,0.05891925298827741,0.0528200016315401,0.04615952197280681,0.04192290857906318,0.03438914025752066,0.02999102749168525,0.028615745332583188,0.02738977535395268,0.027371741660384266,0.02913729266382906,0.03330551548068923,0.04549194633093686,0.06072882595224845,0.06164587545813513,0.06382050597497471,0.060439281280873315,0.0650712334028448,0.06560657471690227,0.061517465841057724,0.057894705921185875,0.05770152002813234,0.06267882890250073,0.05714740979027095,0.05699890956813193,0.05640636598459565,0.0518468452345001,0.048663477097128746,0.04541215399201182,0.040285389572640176,0.03559080263435609,0.03402453045270735,0.03242338475133217,0.032186785251919744,0.033685934366460966,0.03821700285768564,0.04571212960043703,0.05678272966967843,0.061151595492171786,0.058155459393349915,0.05930909706996651,0.06065074551376703,0.06012107083961748,0.060854969958409284,0.05722344638696645,0.05587089677881637,0.05967746112978563,0.0593548080002297,0.0587848340543622,0.0577184395205992,0.052898807335371945,0.04669860963496136,0.04538792786085049,0.039869446211652136,0.035659278941995505,0.03306898043305435,0.031585943308161134,0.03079983633584362,0.0310378960547091,0.03247606363136533,0.035773956902779194,0.03819433288497252,0.04286716828251098,0.04261367168604484,0.043708610840003055,0.04371898950094717,0.0447785207811323,0.04630740974296931,0.04368294756978045,0.04406799934550974,0.04383498122298474,0.04504778715655982,0.04408003208329092,0.04549615933186989,0.042512783786469166,0.04251694928811138,0.040191686563744,0.03521673482565494,0.030776824712913813,0.027227687547922912,0.026025641114676392,0.02595914634709371,0.025329171414942078,0.026438606657327286,0.02760547930419391,0.030803143487303286,0.03400467830490026,0.03745619194974479,0.038704769974713046,0.03663494902354214,0.036249559529907355,0.036238170698236975,0.03640086415435296,0.03746859235372296,0.041318333453066666,0.04311085892739381,0.04522343556839668,0.04585429601859603,0.043854178048459605,0.04351650653900812,0.03982957772604292,1,1,0,0,0,0
0.057884854555219446,0.05165703762510214,0.04972144346654377,0.04804337674532353,0.04835183512584016,0.052318438854334806,0.06341972963516691,0.08249415784031108,0.1091172250857028,0.10939075247681468,0.11183968277963381,0.1024601798776724,0.10786589916075055,0.10803849504844665,0.10822393424652496,0.1063399852783848,0.10322005862859532,0.1070052647039114,0.10230790930704213,0.10048411290379909,0.09028979771806034,0.08422158054516153,0.08002247572416485,0.06927903304138769,0.05981842414365442,0.05100742357226484,0.04937677481951689,0.04787578669175055,0.04768831348529451,0.05097787292056106,0.05840502025456329,0.07941850809452668,0.09956401752546072,0.10646767570611886,0.10096923817922683,0.09929499715187015,0.0983681689143708,0.09794044637097057,0.10229137662726018,0.09956530128189091,0.09908357164643454,0.10140632443569084,0.10088942433989048,0.09456729003660648,0.08836227387628665,0.0759840842773667,0.07796241542029571,0.07299072811834859,0.06207669755193033,0.05487984338804375,0.05130257716660415,0.04994600554482009,0.048780416964843865,0.052635662534450824,0.06008942602049054,0.08256630405516834,0.10745721535047836,0.1032653923762851,0.10364069497934873,0.09703775172804928,0.1009343953107502,0.0986440604742445,0.09497507908171796,0.09388361643401635,0.09675221938707713,0.09462251843586837,0.09757113463047584,0.09439421307447149,0.08969279581777652,0.0790798886805072,0.07113165097366876,0.0642528102564168,0.054083612889395366,0.04769554543717272,0.04519632676316923,0.04410366138769375,0.04371264177199694,0.046505965926369956,0.053482537015417775,0.07482008209283249,0.09799218668939365,0.09995083021939902,0.10091270803710525,0.09402779019630826,0.10165886072462675,0.09941290736223461,0.0936199090357451,0.09110451846502969,0.09214276922286724,0.09990397758137706,0.08831961021520819,0.08801161558049425,0.08230571949333713,0.07539706120854411,0.07162289273240392,0.06563789386467168,0.059692963560959746,0.054230474427547026,0.05214212128834016,0.04872712014768365,0.050136654001672,0.05243583552975381,0.05956112058202585,0.07113181782158973,0.0893608563280969,0.09702156084859308,0.09104399105109404,0.09416591774278811,0.09511577069217089,0.09405095233609925,0.09228447703002843,0.08882064542376487,0.08720745841608256,0.0946708744386614,0.09287977161341389,0.09043144653189525,0.0853950869180159,0.07765915613856358,0.06897163413696225,0.06654903746038925,0.05949528575036233,0.054279112547537006,0.05073459482387357,0.04940933019728151,0.048454134752533226,0.049377264756316985,0.05175637127936363,0.05561448048053596,0.059235227455514725,0.06583343582275024,0.0683939885684729,0.06996167145036086,0.06878082412411132,0.06928985700828352,0.06925054957722573,0.0678939628159199,0.06801559045186759,0.06721140599541768,0.06896260699656205,0.06630069120202783,0.06597381947782428,0.06188087675048689,0.05847704210651061,0.05780858104283784,0.05472121045645065,0.04692054975695424,0.04451852373213386,0.042593615718598314,0.04270686941719386,0.04206960287456477,0.04354925805070932,0.04734359560412466,0.049969499660555666,0.053184612443746115,0.05709061189909328,0.05818039874975818,0.05636765875125504,0.05209348676598506,0.05590709434694026,0.057779727800767115,0.057849898528456026,0.06330351958249943,0.06392838244248279,0.0673939835044461,0.06568396993656128,0.06223375663487916,0.06300162729574135,0.059366781636926644,1,1,0,0,1,0
0.046899853293917236,0.042000680437478774,0.04031261100485035,0.038746844418633325,0.038932801632374954,0.04208380826313206,0.05125371537902059,0.07045013571099276,0.09302207296444369,0.09287577769758447,0.09224429121691062,0.08426102621295649,0.09001709371682684,0.09202954218818572,0.09158458214754639,0.08985067189827495,0.08819925027036271,0.09270111191231174,0.08885298534777186,0.0862915889495539,0.07618110170427195,0.07079482261431169,0.0675144219748726,0.059171179943903814,0.049438953598091744,0.04268182381782821,0.04074196008152412,0.039460342529481156,0.03907455736800323,0.04213183075604879,0.048398424859299544,0.06971190896995033,0.08820619517472852,0.0928467794088082,0.0869869459012921,0.08480767658548045,0.0840117593940637,0.08651872509270875,0.08785924579528102,0.08493293712837549,0.08750573689797118,0.08957326980483421,0.09049669713007773,0.08331703139787247,0.07532934159864868,0.06585671649430007,0.06741807730413484,0.06327939995892759,0.054284847411660044,0.047050840027309686,0.044241837831965454,0.04161595239993658,0.040718838494211484,0.04369271888514502,0.049939094811141345,0.07080643181569311,0.09491579424065548,0.09012373957992928,0.08702242329838852,0.08259442847614137,0.08608539007787701,0.08564011967152053,0.08370920698909384,0.08229023294669878,0.0856651120975754,0.08491916740284051,0.08861992156057028,0.08234757332661938,0.07645256879778096,0.06595445661029772,0.061100968102609406,0.054639971118725573,0.046650478502794926,0.04006719554907948,0.03779405189618405,0.03669577101605934,0.03759423541033493,0.039464886819847896,0.04573547482355869,0.06559068828372842,0.08778047656367223,0.08804597736815337,0.08780009008252483,0.08160039614552375,0.08688682343605293,0.08782898079783474,0.08091047033810417,0.08087806868047294,0.08251696413931718,0.08903207010054233,0.08081553907294661,0.08012402751895481,0.07262057418968788,0.06540874160329421,0.06152485664895749,0.05585068359175259,0.05119023088509308,0.04543272095356508,0.04301584618793764,0.04035507534027136,0.04124717765569316,0.04306047097846982,0.04905847971233319,0.06246471293247737,0.08051051061777435,0.08348198328651073,0.07615472816315728,0.0793238391228183,0.08155440943967154,0.08396089436772831,0.0810368776312843,0.07655095861600672,0.07702629887042693,0.08418119278087122,0.08758888972829858,0.08012070798416318,0.07492414465549525,0.06864513474186852,0.05918631031916595,0.05792308839411904,0.05206656515241747,0.04579963520289947,0.04192113036803912,0.040565914865456146,0.03991974237005362,0.03978549632544185,0.04182927404314183,0.04614302893241521,0.05019524339647987,0.056703330602100276,0.05959114577446409,0.060652854113698994,0.06035906797148072,0.059588434740391896,0.059386585346329575,0.060262669931572865,0.059107628451675234,0.05908546602996382,0.06172136213692512,0.05871107094597459,0.059749285027721775,0.05559695442480355,0.05391587196162784,0.05295568273542019,0.04960938696450628,0.04312214432111832,0.04104731667638044,0.03694373937077506,0.036025323059844204,0.03478460341892945,0.036046814989601904,0.03954657984302801,0.042083932113327116,0.04543989879507957,0.05002583312653015,0.051968286097885175,0.04970061135415806,0.046713980192617834,0.051192424971325284,0.052367782336006155,0.05311934298947141,0.05754802247921483,0.05639115022883467,0.06246748687772071,0.05774327257887485,0.05517858595028343,0.05516793835661327,0.051593115410975464,1,0,1,0,1,1
0.019270520781774395,0.01617953219219784,0.014180748676608535,0.012369131673776373,0.01246765426847632,0.012577087381119872,0.01619064319314705,0.03804347614556189,0.054310072058812275,0.052350344930336135,0.04413207230812949,0.039071794509545545,0.045965619529228396,0.05287598017401804,0.05026704364890512,0.05000976054942392,0.052647685522358205,0.060528644890878905,0.06119232098588011,0.05839534750585901,0.046059133824755516,0.040501201485572284,0.036119763007787305,0.03576999381846136,0.024670910426786888,0.02276074567803287,0.020853719824898892,0.018807281896071483,0.01825127092738857,0.01984582157840424,0.024108131230751468,0.04525802291758076,0.060424607921356836,0.05801808514229237,0.05178556313737644,0.04639818119211382,0.04738769220771051,0.05846374080019742,0.05099142841606506,0.04889391763152089,0.058463386565826315,0.060511332692585296,0.06715674692228915,0.057702408663855516,0.04122864459448501,0.03760317649245432,0.03663053040667962,0.03504662503459972,0.03246549481743826,0.0243846399213334,0.023256854933832682,0.017090630023349363,0.016784083670195796,0.017103447404021848,0.02092922452203145,0.03996217366717814,0.058230862047129475,0.051000682177286295,0.04156916148996282,0.043855452644026675,0.046561079886130334,0.0532818641012397,0.05724314540910546,0.049970856996780826,0.05529670295889963,0.06629306921380647,0.06985042335084159,0.05777009892257791,0.04955599989527709,0.037478928793830836,0.036000098108640396,0.03010340793247174,0.028057032517429987,0.021073424313776398,0.01940172771712404,0.017503336150692158,0.023142062472189813,0.02148184027232042,0.025130097014692973,0.041516715771169686,0.06176721779504371,0.05082938037421156,0.053902478371190686,0.0449607251179826,0.047012183579136016,0.059710250703569605,0.04616048166110439,0.05231583015148289,0.05715779969107772,0.0617104342510446,0.0636341304094893,0.06313712770124354,0.05279277508050487,0.04329608377218679,0.036618266207182996,0.032276563490919556,0.029956324403987968,0.023827287484207822,0.020799580401491668,0.020196174721254026,0.019176956220278252,0.01937695261646501,0.022368129600220717,0.03995371937710683,0.05388432509688,0.05061629194485006,0.04026284503772723,0.04239174041977517,0.049263414269500296,0.05829863978764283,0.05417783629972242,0.04760861424749527,0.052307992010544584,0.058808585535262886,0.07986652616041598,0.05658329153740585,0.05001224009994934,0.04586740423584098,0.03516017783438415,0.036657944433264346,0.0328759578660686,0.023176893063344917,0.018395255589533716,0.017508003429490177,0.018159154714359166,0.014854426648834636,0.015407284268339093,0.020751395002122704,0.025909115392504675,0.031172601449031667,0.03603128478946678,0.0331523690111854,0.03615091557002087,0.0330942194140874,0.03325592311157068,0.038932269617098954,0.035615734400261514,0.03821167167498097,0.04106210013418231,0.03700906273272674,0.04360438427088132,0.038837898082460465,0.04278893280657067,0.040115743090323716,0.037239374330586765,0.03349692728429324,0.03165945916833885,0.019929203010321583,0.016217146854539215,0.015103057350541302,0.01571960090739697,0.01792838217052304,0.02088224991874504,0.024320642930061264,0.031016191123339733,0.036571398309598595,0.034142974417286115,0.0353454340829804,0.04072846204286136,0.040148790447624275,0.043718926626601914,0.041786440940075345,0.03706092946708178,0.05008151954201482,0.03784387784406835,0.03657524059352904,0.033751497024409674,0.031120105813936545,1,0,1,0,0,1
0.025970335596020334,0.021519775411711174,0.018365581645532047,0.015448905801315206,0.01584459404954789,0.015516747017286925,0.020163312450658173,0.04888300111289606,0.06630276834839247,0.06819556117342224,0.05462045757940506,0.04917312443099073,0.060041043044358866,0.0716262874764725,0.06886007533927173,0.07063623175155849,0.072371499290238,0.08339483764587659,0.08733309769820824,0.08514079373312276,0.06647248172238544,0.05788777558585888,0.05133988999603968,0.05115216081649284,0.03399015193635606,0.030721544877643975,0.027804773003795247,0.024269636256901764,0.023491538162261055,0.02589253029812918,0.03152049412027054,0.06039885024806702,0.07784820357349115,0.07507461413386426,0.06623569234175981,0.05784638708153318,0.0599433465558412,0.07749384083083284,0.0659243322884795,0.06257670169793951,0.07880553755931857,0.0806089279843462,0.09248661624188008,0.07918167215539348,0.055874141062904746,0.05206823802101044,0.05035644669256929,0.04882310387814566,0.0464904964325902,0.03387688537981943,0.03118865610708002,0.020886032667079717,0.020100411200542206,0.0203905695532905,0.024879737478169534,0.05072294937109581,0.07377981542707365,0.06335247630275766,0.04940431949402341,0.05439418674501042,0.06052962138132048,0.06943649688425968,0.07824092411299247,0.06382874882874844,0.07524260883258181,0.09110776898538375,0.09812714603881253,0.07938386923798904,0.07003028136208081,0.051251954661443895,0.049504820407580946,0.040443261664471875,0.0392262544721393,0.026926016968068157,0.024723162888012778,0.020942466871733612,0.03114937162884518,0.028032479328651445,0.03318302667940694,0.051671519507102574,0.07847154935497754,0.06429876157996602,0.06966032144553619,0.05506543393508925,0.060208724707774844,0.08074690660882045,0.05788040024568246,0.06685551374666615,0.07528544022074096,0.08049517103315534,0.08578459818404623,0.08505508519534814,0.07266575896711532,0.05904768092600847,0.04926947739117088,0.042528488689164784,0.0381114159842703,0.028996173927678115,0.02486469157547742,0.02384380175783854,0.021624257095554742,0.021886916605693214,0.026389371077222702,0.05013717934347399,0.06670500900393386,0.06609639012013731,0.05422211627438439,0.056886029224147226,0.07173533241541896,0.08352136170697441,0.07793470071570519,0.06856101998325788,0.07805339574945795,0.08619890577342382,0.1280290791794148,0.0882256411781992,0.08154793900084045,0.07745598997042893,0.056853782861939026,0.05936562148093183,0.05329565443016765,0.03677491176950605,0.02904286965073692,0.02774976696691829,0.028533096468022483,0.02306047637866691,0.02442969507797917,0.03256479020141239,0.040246250281947706,0.0493938182171255,0.058284742026474226,0.05188464307213121,0.05942150600558785,0.0527978937918248,0.05213996008478195,0.06414089289667153,0.0579375743211217,0.06046680783324185,0.06671179324323624,0.058446552241393966,0.06942982748070096,0.06151985176656974,0.06946193630708404,0.06380739550518388,0.062151021660898594,0.056195538580254105,0.053352756283155264,0.03236784619674228,0.0257789123982124,0.024979917912598747,0.02527255424310839,0.028194109875484673,0.032102521162722664,0.03747328864202016,0.04937726309452938,0.06002905302145615,0.05442966124509152,0.055196681860676056,0.0646942220484288,0.06293397187522276,0.07016077893769815,0.06559337941677675,0.057572356584478485,0.08029653268850492,0.058507329427339896,0.05545592231456798,0.05184068926373031,0.0480587148801203,1,0,1,0,0,1
0.02018811295293655,0.01964102773141517,0.017023934497656493,0.018059864308274196,0.014171964351068347,0.013620200738232082,0.019123986383951887,0.039625337787750375,0.04308036970957818,0.04925907490378251,0.04526691981739038,0.04085730035186937,0.04570052067494121,0.050239482272658495,0.05069107252422819,0.052650175957865405,0.05838278506699607,0.05945679031549598,0.06831228668227474,0.053133548916685994,0.04625654038875563,0.038001290510395386,0.03211311578292595,0.02905984967096683,0.024165922929879867,0.0212613123076086,0.019215903829191673,0.01755801916992989,0.017055377577669815,0.019498855091460078,0.024160638518362105,0.043718708898133916,0.049965165665139186,0.06364237436548903,0.054770985390898676,0.08394519011183388,0.054944606643451806,0.04869635530000202,0.04860396738091412,0.04436138668219244,0.05367077050976685,0.055345086181112724,0.05460584092678702,0.045264983505895015,0.03795635798984624,0.03763101847092903,0.035374516805798686,0.031162992041810708,0.023892905351608033,0.022935436249912306,0.02044884925170222,0.0170830166126822,0.01642675311993225,0.018434400130463203,0.02478702986212467,0.035962961971606776,0.052267541880088475,0.05146284637289217,0.04297102640967654,0.042131360907270585,0.04342891378466257,0.04350956236236316,0.05315700868080932,0.04502384325153646,0.049506336193410584,0.059936512902798035,0.05536277326334172,0.051071517199677514,0.0457916352156685,0.04384557904895021,0.037002624998441334,0.03126017650189285,0.02365158631287255,0.019338991313930878,0.018263527845355936,0.01797804673360762,0.02116528797363652,0.01938554369491424,0.02744482939996178,0.03921956512796256,0.06028379027033746,0.05733472119755955,0.049933611330604616,0.04718044063880064,0.04976382447867038,0.04758642144326089,0.049274652634249655,0.04660604015680649,0.054080923233960757,0.056621891838926235,0.06336044448901529,0.054639230806002706,0.04469317385522461,0.046037727183781144,0.03904356850970084,0.039058049743403,0.029180877758531305,0.02501236843491823,0.021557834496744085,0.019860863511136303,0.017927542005603377,0.01939510305051614,0.025444081744114694,0.03857159264942089,0.05192849124373406,0.056368435807697716,0.04819054110637213,0.04771379513857138,0.049927876346792334,0.05098971823651411,0.050191764206886647,0.0532508750686984,0.0555773734170483,0.06652448147779944,0.08509651274562811,0.07367751887014652,0.07573776037849064,0.05594062036540561,0.056188963525267394,0.060918839755549424,0.06010141056112071,0.059415351399345624,0.05576495880073069,0.04817781526086606,0.03626306476583988,0.026815404559895867,0.028583493557227585,0.026526639726230965,0.03545045057705381,0.042918416123039566,0.040055808666614165,0.039300229751626,0.043317247245187304,0.03780565536383521,0.03704944107730524,0.03866413826246022,0.03932315398728069,0.037819216829362366,0.04050075312371239,0.0451268823883536,0.057564017889699864,0.06554307300067437,0.0637051427267064,0.05345086001610031,0.05427168027018533,0.05473724466577502,0.05621575743198627,0.04769271906046317,0.03647395426447503,0.028513450932226705,0.01824986868380808,0.019435051050815826,0.030828017398110835,0.02688096847043085,0.03126033145716153,0.03459438925561226,0.03406684849035876,0.030907849305896427,0.03652158872392617,0.036278426315820164,0.03907507869373194,0.038009225060625124,0.040005941246138606,0.040890350491219946,0.03905626162971972,0.03555448910353015,0.03761831996426481,0.04213451822897723,1,0,1,0,1,0
0.01909296620466078,0.0194201080455888,0.01691083832374436,0.018727690316811416,0.0139636882060625,0.013246432092972486,0.018864334790981145,0.03796757559016552,0.03812713415623295,0.044800800112923714,0.04264889984817485,0.0387621733975949,0.04219636662526037,0.0458460806029431,0.047061303862680134,0.04920201623979514,0.055219184592703925,0.05511033696973993,0.06509989387141475,0.047108819782846964,0.042716727743799525,0.03426407392445965,0.02876395945465979,0.025419605965510902,0.02268150011803283,0.019777319798655386,0.0178924685584792,0.016608897283111938,0.01609837295328405,0.018437193432854358,0.022888838455240763,0.040530191732038826,0.04432437018070804,0.061219683326653916,0.05223854511498847,0.08980314251067231,0.05399820968513218,0.04309672166327856,0.044910201216375595,0.041047265328152165,0.04929561812919171,0.050829787169585534,0.04771914498345256,0.038961703869067964,0.03302426248391537,0.034108724842809024,0.03252923409116668,0.027871806542452138,0.019706322658641067,0.021035538635237376,0.01867266374233687,0.016506183436979682,0.015846628801288853,0.01814910760086111,0.02480808130446274,0.03285073043118544,0.04757712492488658,0.04844858979819473,0.040796324860143826,0.03926220889322073,0.03965110399194216,0.03812507187280627,0.048254982326063275,0.041772203447037554,0.045057748497827496,0.05525551262524651,0.04750029728501344,0.04548982417234663,0.040479138085947206,0.04279776486809587,0.03481411524422422,0.029606138386815015,0.020641774424672996,0.017792429615271586,0.01717586449088959,0.01767148579013183,0.019594167800256464,0.017875522957461674,0.026572548265516794,0.036699803528847164,0.05668680404993975,0.05550673665722653,0.0457929783208803,0.0450923508843698,0.04706470966311648,0.04085241896956928,0.04726775208196737,0.04316198686844979,0.0503230052776364,0.0528520668549171,0.05933715822088129,0.049434898080286845,0.03961903851729992,0.04403467698075068,0.03729151662146105,0.038572393280899245,0.027948252053334666,0.024571015758094793,0.02113372607250843,0.019421768487030058,0.01745898264602096,0.019123556236814523,0.025116122761457367,0.03630892499870716,0.04853993833966612,0.05393449270891501,0.046654322841511914,0.045856687715165295,0.04640070140503639,0.04578873547599078,0.04553768279549843,0.05116826095470812,0.0526533264199658,0.06424807528058289,0.07966277051812419,0.07287765482201679,0.07613740616602398,0.05350465673486556,0.05741169516089695,0.06278620747121061,0.06199886404903141,0.06378507293646758,0.060902120489006034,0.052486684820129456,0.03827624331412,0.028113674479733633,0.03005685952980179,0.026042344292733464,0.03530014389272123,0.042795472094155414,0.038401865186610616,0.038366195265110974,0.04180264184070805,0.03592356762591053,0.035858585984711006,0.03584735260553216,0.03713856646068593,0.03461993457860043,0.03753642187765338,0.04378718932110688,0.05634494266099883,0.06710208448987649,0.06354024046675362,0.05315233380664957,0.05472670524294357,0.05563643608866151,0.05771699651041431,0.051592654623441495,0.03988951305532298,0.030411758795933126,0.018121363823126093,0.01944112514000496,0.03240370471815565,0.026182625057850104,0.029864800286624374,0.031553830132739956,0.032441838765077,0.02801302291703447,0.03241793599023647,0.03300150609604668,0.0342258276650543,0.0337691638097279,0.03801333250387859,0.03466723972127074,0.03656535326359575,0.033180494101570576,0.03527054860904966,0.04147895887369352,1,0,1,0,1,0
0.01907066226710611,0.019391692020492013,0.016884595985228845,0.018698018554312024,0.013946989186145014,0.013234767460350242,0.018834681988715678,0.037903904555213225,0.038076067525541275,0.0447223706992818,0.042578574561843725,0.038704756518270524,0.0421357462911959,0.045773349867537984,0.04697464390633224,0.04913065020191244,0.055122423655652855,0.05501246680384114,0.06496808154708084,0.04701581228679169,0.04263083336041986,0.034202515473650275,0.028716194476411373,0.025377003146098347,0.022643363865620724,0.019743235195614384,0.017864380613221466,0.016583863500707546,0.016075390429364466,0.018412996407396087,0.02284653677634857,0.04046199882426216,0.04425933445047696,0.06110694680493644,0.05214349802696204,0.0896080556363584,0.05389492159409655,0.04303490390979615,0.044820417190448075,0.04097759402239429,0.049213589384551726,0.05074094758347239,0.04764769368938831,0.03890490515230369,0.03297865975680699,0.034054991050192975,0.03247816302224961,0.02782874200288251,0.01968238749708992,0.021005727137057457,0.018647665177084046,0.01648606424829287,0.015828684277686824,0.018126023793792953,0.02475905577182259,0.032790589199268666,0.04749944889573154,0.04837457149579442,0.04073284540697412,0.03919993920012898,0.039586837821978096,0.038064249950948134,0.04816760277519356,0.041702971740229015,0.04498206112088214,0.05516122606885771,0.04742356388635708,0.045421159234044654,0.0404116818548131,0.04272431852658947,0.034755492066787436,0.029558301473792202,0.02061289246441341,0.01777187820249318,0.017153701568510638,0.017646142589374216,0.01956512872232569,0.0178525469809531,0.026529297336552002,0.03663797162763266,0.05656889912072347,0.05540163132707575,0.04571020642434972,0.04502067399646007,0.04698515040437763,0.04078657793434276,0.04718623133467902,0.04309100481933529,0.050236418613330135,0.0527608591393362,0.05922425855941485,0.049338997377535054,0.039547722818317047,0.043956248473449346,0.037234804365966975,0.03851276975808439,0.02790674070650277,0.02453328765155952,0.021099540186318853,0.01938970240990617,0.01743474363278043,0.01909791768766373,0.025084426528735104,0.03624865298757632,0.0484598280406397,0.053860530015574004,0.04658855359336853,0.04578866908158713,0.046322077702930196,0.04570078306013019,0.04546282698311181,0.05108845119646228,0.052563510492282764,0.06414022934765297,0.07950142646684136,0.07273935198915824,0.07599045855034188,0.053418078501692556,0.05731007291014778,0.0626717632003183,0.06189138622895951,0.06369812929936204,0.06082242270079719,0.05241041592944943,0.038217037567794786,0.02806778776638856,0.030008981982898492,0.02600517610518022,0.035240946573041984,0.04272651444197903,0.03833673554584507,0.03830867763021488,0.0417288373934766,0.035864720585050136,0.03579937797926525,0.035788473434087475,0.037078077886582655,0.034566555353093706,0.03747925527461632,0.04370972947952602,0.056251263430346865,0.06698945941174092,0.0634344710012054,0.05307122429180539,0.054635619658954714,0.05554744465279305,0.05763386470669578,0.05151432198255987,0.03981564630280817,0.030351793646408706,0.018091534038858593,0.019412283211642425,0.03234942417466434,0.026142541314685623,0.029820108284893718,0.03150598923129656,0.03238867339473917,0.027975813945665808,0.03236570753155489,0.03295368046965199,0.03417262685322339,0.033715675174296494,0.03793998210095479,0.03460591401257943,0.03650170961888884,0.03312805171331353,0.03521856282521252,0.041403540132407816,0,0,0,1,1,1
0.01351002899247745,0.011363906179400871,0.009841606586187624,0.010315568364804151,0.009226963807172828,0.009935330679768354,0.013424793682590757,0.022145049840878814,0.02550173834033049,0.028505356606511486,0.027536946002800516,0.02545268767019863,0.02797995387423959,0.028198803359226542,0.028065417491682718,0.03045601478480988,0.0333566917941289,0.031821546337136325,0.03330930045007871,0.027426485351569982,0.02319658540623597,0.020897863571743867,0.01819224363041359,0.015568916067176626,0.013355158259100023,0.011599275450235536,0.011412660598933252,0.010994417218979048,0.011064861272915538,0.01305821596253357,0.015349099077917596,0.02231357277740678,0.026628351275718488,0.03260560202171234,0.02789663004515313,0.03748980615978834,0.028064090538605597,0.027426984518352536,0.026884287777226065,0.02500844904871757,0.027899576757780507,0.028988750718417156,0.029318359232449787,0.024714474483910155,0.02046678714894707,0.019619007976292187,0.018053190215517028,0.016405819140986797,0.012918565694279445,0.01295383873192233,0.01158370029849076,0.010799697820481425,0.010756092115949696,0.012343953996167443,0.015364040194184607,0.02062690160701827,0.028527560610064954,0.030062224249622408,0.024285550446440523,0.024208785350399952,0.022547565335650697,0.021998094469684943,0.027199846686665592,0.02511763912416564,0.02657325122510866,0.030016420069358594,0.029088795076262178,0.02750882750201106,0.023213309726565066,0.02272272598278257,0.01931056743323386,0.01604626410109768,0.012452849878328457,0.011962907917544372,0.010890589827458485,0.010485773742466656,0.011361034706153695,0.011730926209489595,0.015424868790713064,0.0225124367489919,0.03143508025945378,0.03128349711935431,0.0286402773810789,0.02737175697664316,0.02711126250712498,0.02515745300943088,0.02787189367071829,0.026380866815578566,0.03060308779732512,0.032936794894798456,0.03364668779759177,0.027820803882397,0.02348697467466705,0.023290294690236576,0.02121576351968881,0.022042819396933654,0.016551905751613073,0.01387585532944487,0.012184704388520257,0.011444991181376131,0.011327954418124285,0.012224935862439536,0.016129818108751557,0.021821333884562137,0.02805932049602304,0.034451450773689815,0.030238514238128074,0.027688274678392893,0.027825558607294635,0.02791226075668154,0.02765983031876966,0.03003045567903601,0.030164565961074568,0.03664766030186615,0.040617572313818934,0.03739279280626727,0.03820231307249526,0.0293364613806836,0.029723370003779642,0.030352207993468407,0.03450485232940909,0.03950722752836373,0.038306866842825915,0.030866292653425387,0.02186415348272063,0.016218943948691795,0.016484699607901616,0.01661787872392579,0.020375676976865688,0.02399101931793262,0.022167782633935186,0.02317499521763712,0.022740540768949158,0.021469597930962796,0.02167406486298964,0.02101445305686678,0.02184875105871009,0.021715581193611305,0.0220750818566466,0.02443078962971658,0.031646938195999265,0.03666345786289087,0.0354158455237995,0.03053406072469052,0.029281570503103423,0.033009215051776106,0.035635162125805114,0.03013033721091046,0.020809978907339096,0.015272359400504766,0.011149436131765769,0.011264945586797647,0.017019562688046188,0.0151911435318257,0.017937642223841154,0.0183634330714857,0.018857035992415557,0.017834572139143447,0.019469071974007008,0.02018630075067843,0.020259187749169152,0.020092504536241625,0.021307162419685947,0.020995093068267075,0.020752190196360633,0.019799200675397196,0.02201889048302905,0.022330362702343648,1,0,0,1,0,0
0.039857981741863904,0.03155259310273991,0.02803450817240756,0.027385734311692445,0.02681559046373012,0.030111045556837215,0.035825344626360535,0.0544152468055179,0.11563131328382466,0.1560956783383312,0.19387228149247376,0.23627534748693185,0.2148732173109958,0.2554247975729355,0.2295195972159055,0.23377970181834393,0.2248553235312077,0.21551368197795145,0.19954726577588405,0.1500542266337549,0.10744354127946835,0.0668845721172803,0.06819166822891659,0.05395986245148896,0.059531770285955396,0.03731202345519336,0.03197627043956814,0.030459658120104066,0.02961315697550875,0.033286668682319644,0.03486459310542098,0.057702245961877945,0.13771345211895747,0.21096118240376693,0.251169045355856,0.2555822198314773,0.2734517623869847,0.3310091056794668,0.2797995911315759,0.26744967272093734,0.23798602146921605,0.21153471151399156,0.1734950573643395,0.1334625151229914,0.13816751867100308,0.1106665683074677,0.07541358833733185,0.046785903040363994,0.053438189904547385,0.034455932620247307,0.03199891456514465,0.026257198136205896,0.02548856944304427,0.027097713811096328,0.03359674897954458,0.0521842649445877,0.11601032905547057,0.18377331037701652,0.20393040977328217,0.23427476640189346,0.2544831400262662,0.26904987090971205,0.28244826778275844,0.23631096617438846,0.22235144068972362,0.21706720075779418,0.163443626650245,0.16433354546037146,0.11932452525089063,0.08214727688647325,0.10716546853389823,0.05491191106367155,0.04053429714047862,0.03321122816569122,0.02785588239563469,0.02656339727097576,0.025243840543063764,0.027360321303196166,0.04346619685289249,0.05127611616116806,0.12590692602401615,0.2058940219719822,0.23368142993356572,0.21756775394116432,0.22495678762369947,0.25203468873462515,0.2676093696928702,0.2339284206960414,0.22457764381050024,0.21416225485421198,0.17579559313898946,0.12821810639621603,0.11984996144404986,0.09891303860731349,0.06400836631264228,0.06458749133795917,0.053692218504220506,0.03679685957810133,0.0318536757627091,0.031109431624379777,0.0308424530818859,0.03642226728362651,0.05553532745988116,0.06765015070415425,0.1098416253783128,0.20543739300831468,0.25731957756219154,0.25619910430749604,0.26848229107543514,0.25091264315758405,0.2225712285178314,0.21753174690024638,0.21485176390846733,0.16885272174799698,0.15415241102087215,0.13783298903274332,0.09183074956938257,0.08131075880272869,0.06659947573572521,0.049718217769519145,0.04081414190603514,0.036891002228085404,0.029145670717826155,0.026533965062984586,0.027141290304040045,0.026497208439205142,0.027082901699612076,0.031359312832220376,0.040755826444345576,0.06546422320534402,0.10038774585745062,0.12987045999128322,0.12088652414329652,0.12558395751913062,0.11412159818997863,0.11673296733228322,0.12509893918853432,0.14566060442076387,0.11952581942699783,0.09838181356158719,0.08760009900223757,0.05604003087751215,0.04813312525999099,0.044376974859428445,0.0382025383260874,0.04709335890120707,0.033924338178301386,0.026368719549440405,0.02522621956199661,0.024933411955678688,0.02664114500915321,0.029259141804544614,0.03058310268759461,0.04571440687320202,0.06963132189533504,0.1038309342268621,0.0935799544599397,0.07327786266946582,0.08205646956277945,0.09470157589813546,0.10101316819474884,0.10791630182303293,0.10193373901424929,0.06924324956267472,0.06574607769549981,0.04509031853139395,0.04890544839362803,0.03738377727952415,1,0,1,0,0,0
0.01816690889474155,0.016053879196685314,0.015562255029243003,0.014670422855080282,0.014977692288643596,0.015374532357655428,0.017279094397936054,0.022718517697753543,0.04112920464577083,0.06686406384238991,0.07703701320799244,0.08861824502669471,0.08668387331785012,0.1053236167724467,0.09432734229590498,0.09333314290189422,0.0898715921775517,0.0839264920613128,0.0784963617249722,0.06057347144436759,0.047306906184862746,0.03582188187169331,0.032534041103443,0.024554912395608672,0.026048381084841855,0.018239373054606784,0.014641642608365639,0.014231169879623884,0.014099629319961926,0.015102087380786966,0.01666586077274205,0.025928946681559158,0.052555744744002056,0.08562802199351112,0.096529717673787,0.09779814332265337,0.10543502692536398,0.12295022439390192,0.11383312746409376,0.10084756843477317,0.09511328319516646,0.08998105712069568,0.07562972613866893,0.058476704523319746,0.04724713424644923,0.03589907736181862,0.032208058319549426,0.025077933956841103,0.024440187377144904,0.020116984102391815,0.017894896812155753,0.01623118658357773,0.01546876843831258,0.015289360171646072,0.01655232871945204,0.024956370255130724,0.04835645538905092,0.08197500220847828,0.08987701494760073,0.09875453342922262,0.09984789703207478,0.11266905967960504,0.11963266926221568,0.09935931727726198,0.100432952428287,0.09660136776722256,0.07979979607656298,0.07753132690053806,0.05203759076772806,0.037546044379660075,0.04056709516863755,0.028444965734836604,0.02170303160564723,0.018694224768136685,0.015473132828405132,0.0149400099701811,0.013909900898284325,0.01509551411636994,0.01915106811494738,0.024940990397809094,0.0501318107625125,0.0855169241378005,0.0972238764236531,0.10067964718398228,0.10808376362743419,0.11662996506250796,0.11374905195688675,0.10988278262691505,0.0984373049136558,0.0940657438276505,0.0883502113724595,0.0697786215717608,0.059897018528705034,0.0468854626924966,0.03513916805591414,0.032796783566640356,0.026147651629532927,0.02095193603337208,0.018496042093674416,0.017861741599975247,0.018216435829378656,0.018356805590389366,0.023733015439843505,0.02973540951917347,0.053007077902331376,0.08426933142225576,0.10499964891989431,0.09941990102100004,0.10231651066813777,0.11024785496129884,0.1117126658004126,0.10166149229924928,0.1025780245337984,0.0837133604317703,0.0761972077363067,0.06319585192114174,0.043134064919842084,0.03629224897917743,0.03380557463519058,0.02667198512065375,0.022922861343108804,0.020214161931135535,0.016022631337742208,0.015126624977088643,0.015338362287770085,0.015090953536203966,0.016057280792310443,0.01927976881426689,0.02456471387671568,0.03455731541098921,0.051748589930516176,0.05954313192146444,0.06467947149139382,0.06230417026706466,0.05715374338178368,0.06397485972355363,0.0713749830866329,0.07516656921562016,0.06150964807929003,0.0531109022408567,0.0414529887033672,0.03307455829873278,0.02767708735389417,0.026244864979964255,0.022467555856090022,0.020723835784020764,0.016858464478462194,0.014349266571869038,0.014750258546627407,0.014463337598314944,0.01493569455148983,0.015806179488397715,0.017278089903611044,0.02355743238418976,0.03197380392427268,0.043595704476392876,0.039089114574709066,0.037163104419738004,0.040191094746822725,0.04305047360639783,0.04775261865121201,0.04939999816503809,0.04576113633819112,0.037963196179833826,0.027169710749999187,0.022925871716857404,0.02687100668008133,0.020868036081531215,1,1,0,0,0,0
0.011829982334234693,0.012010674168288197,0.011931485037103767,0.011998992988066075,0.010416975019762726,0.010475997892316192,0.011599103953012372,0.015021235760462616,0.026090896357254194,0.036796623077209906,0.03671090561804538,0.03680872591170538,0.0482691618559192,0.044026986615264795,0.03956164694788977,0.042713439836304,0.046268061938093415,0.035915304617722146,0.04055407400335052,0.0349719458250532,0.028432687991841798,0.02455604438908569,0.020231572761313956,0.01690637616449693,0.015022993834982436,0.012737490474058892,0.012595256920500135,0.012440900365822547,0.012584315939755593,0.01412420172707513,0.01473532092938481,0.017788922335162192,0.03065703978958741,0.04079875127823529,0.040367131992211966,0.04382184699824744,0.039606775985423164,0.04279395425519862,0.04838774664952546,0.04196759694875481,0.04160820341369795,0.0424235748458421,0.03859647862400956,0.03902248827189539,0.02946545827204042,0.023980433801129682,0.02249514338366885,0.021933131275242726,0.018570531570868267,0.017190618295803383,0.01434274825356895,0.01273941973132836,0.012179312701607534,0.012365771961956096,0.014475165858452748,0.02106215800681259,0.03244214871992724,0.04073198312414832,0.039764332269196144,0.04269378419486045,0.04618673879002995,0.04348925014388587,0.044876083495848075,0.04005817163640694,0.042464548351930885,0.04500398966940195,0.04184034691274895,0.04453218710244534,0.03434452013890931,0.026841993721345048,0.026545557915675904,0.024389884879161793,0.01926317457814528,0.017083063418991063,0.013541448494812862,0.013385420542383808,0.012297567121572693,0.012686295324154209,0.013909811908057223,0.01851634105861921,0.031206929999922084,0.040894949274583176,0.041762312408852635,0.04574866527186607,0.04800278063969944,0.04624330828329264,0.04401706390081235,0.04485284318440067,0.04773824832722162,0.04438135204865803,0.04852425925835747,0.04818389151521541,0.03895272681946774,0.028695440149116104,0.027886548848690032,0.024180769525406313,0.02008598560387302,0.017688726662711454,0.016708623136203686,0.01718717266313866,0.01726761304147077,0.01619871814049292,0.01680740047763663,0.019355303232111473,0.03516668758797519,0.042187705438647076,0.042591360118911056,0.04534492556804634,0.048982631988002644,0.049032960436829406,0.04988319762259022,0.046287257809397346,0.043618990494837924,0.04162098189040607,0.04061773138325946,0.03997977371186363,0.026628992445235932,0.023669591172755758,0.021167658209373,0.020703858824204023,0.017845693205333604,0.015570910308414664,0.012456426978554829,0.011841156276712787,0.011671971472034155,0.012303438121239654,0.013936298559584802,0.015309788178295548,0.01893426458739554,0.024798105739411984,0.035441369697556915,0.030955776962469463,0.030383122505734984,0.025592531753057503,0.024446798613851007,0.026210995916697198,0.028186765837512603,0.02551472040932469,0.03027212268158252,0.030157010940116535,0.02524776811284336,0.02335854452056368,0.02361711407094348,0.022301001474167893,0.020018930958740116,0.013161971955200927,0.011387707522982932,0.011544808860203771,0.011380511258919354,0.011068394400961324,0.011019651576629355,0.011675892374222369,0.013977744764836627,0.017780577781412125,0.01905797800224415,0.02081426811962607,0.019346646952288132,0.021204908147068234,0.021271080214019526,0.023109331335443996,0.025481434465326885,0.026485063266018644,0.024208106267791907,0.026353848812118306,0.021531578917817547,0.02027464394364785,0.02064968821241562,0.019952903168528532,1,1,0,0,0,0
0.0651795329062294,0.054433042168673784,0.04626667964094267,0.04284676793086431,0.039016213607475835,0.0385159242927121,0.04233588991599312,0.05726371300539421,0.08646576186332093,0.0970178463944501,0.10228680744935222,0.10549079307240737,0.11453056400766322,0.11347401144558582,0.10586694371234047,0.10556606549120333,0.1076139789200941,0.10814455113442953,0.1071608096819268,0.1052983529593269,0.10021580365894088,0.10106912737779063,0.09915090885768456,0.08433078014293945,0.07023362821353908,0.05939274676361105,0.05382024755941549,0.050008188920304716,0.049315095543370734,0.04965599937970807,0.054362475997757266,0.07073179463434431,0.1023021533982314,0.10780292818926608,0.1118252757805227,0.11151978397992672,0.12538417943182095,0.11674070525153413,0.11487953009000146,0.1110652896265016,0.1088307908135332,0.10998667066578338,0.10709651996213419,0.11330828734653481,0.10896941730580811,0.10666492683502905,0.10162138986102418,0.09008608978868393,0.07835050970685987,0.06420697165250394,0.05875046950266195,0.05640609061512434,0.048734354900393115,0.04658726561869517,0.050128142801729905,0.072448717487963,0.09542920300567169,0.10101019255359682,0.10633891249027871,0.11254098143295993,0.10819943011507692,0.12183851396997625,0.11047233164697981,0.11786664736663542,0.11163688922149141,0.10423302797991364,0.10367242253230909,0.11512994640828841,0.10976401878176967,0.1025795299819944,0.10252055314078917,0.09541325537000067,0.07419795324542869,0.06688228643732425,0.05785535212243427,0.05386691785214614,0.0496504671887283,0.04827898608265237,0.05274408971324392,0.07151578677964768,0.10733513006181677,0.11979928976186612,0.11300812624754016,0.11093412745129452,0.1221956529946274,0.11307531312501452,0.1033744470193965,0.10310705956072888,0.10049998592665797,0.10591413402678472,0.11198458350740884,0.11608279552264758,0.10649345048598506,0.10370549882053944,0.1102735413998506,0.09493418036777232,0.08363658689911507,0.0673176394409728,0.059646424347066566,0.05562236828513243,0.05125956009114752,0.05103062313634191,0.05452166470280873,0.07170094801517965,0.10009179286303209,0.10732850805771034,0.10375638030857448,0.11332615980707221,0.1142522364786753,0.11522632442321668,0.10669880502220225,0.10972460353832877,0.11129137533108875,0.10742973872906932,0.10914566355006498,0.1092351702018556,0.10561578702482004,0.09606335899627287,0.0941832187126749,0.0932502913111801,0.0764035807715412,0.06909018721502687,0.05261764936857931,0.050694980792522853,0.048219675048324265,0.047273665701096645,0.04766317452380466,0.05304596053631687,0.0658642380686076,0.08041160726829082,0.10135829765636878,0.09740872280483849,0.09824717565240484,0.09116226014134657,0.091870136627176,0.09194572034812809,0.09486652507647228,0.0918610538844543,0.10145749280967863,0.09632096602995306,0.10503439277607712,0.10002094454844936,0.0958461298892444,0.08764226650396441,0.08036455189300228,0.06135814248185994,0.046979390199030746,0.04446538097553376,0.04259117066922199,0.04100823593158821,0.037742272709801496,0.03927652524839121,0.04707659746029723,0.061496775444143864,0.06939407612733911,0.07344775754021596,0.07495121264143823,0.07517411818166918,0.08153940254555915,0.08279304627003933,0.07895482652478113,0.08581486540938942,0.08783846402004554,0.09119072711359882,0.09427973462394529,0.09659161884825558,0.09022234684072025,0.07807386513942054,1,1,0,0,1,0
0.21000134890357913,0.21132879995550785,0.14730891817076314,0.13882184169657766,0.12001783798651262,0.11769569737409082,0.1254742799571852,0.18108891016379927,0.2555838616556836,0.25272003506713525,0.277662648922071,0.2939149249451288,0.3349942438871281,0.2812400569332234,0.2579980397537641,0.27947270745178693,0.2931720652590601,0.3169784320954034,0.30083979755070517,0.3205219975731848,0.3150890484621606,0.34840554339198704,0.3503713662409297,0.2690978715003196,0.2179104496888308,0.1845105741094269,0.16576709153549646,0.15410178946042025,0.12888912871767036,0.1271006797461441,0.16007796233214971,0.21224769682970704,0.2964230850776686,0.27640013381112966,0.27007342186191,0.29906391491266926,0.3357401744514146,0.3071667043315154,0.277071380928672,0.2841237109956459,0.2770565309754752,0.2872344183994066,0.320699432543216,0.3416265848423862,0.3282088992940717,0.3376218676282445,0.32099269830962907,0.2854552906261554,0.22490510832766156,0.20657509877075,0.1895901765693348,0.1733974264652682,0.13990822978532297,0.1344168836483749,0.13370251079778694,0.20744289319340228,0.2547856997937661,0.2480436013437836,0.2866255006101838,0.3295791585488555,0.2672774935878188,0.3478903308398817,0.2946521685011757,0.36264471085666383,0.3275504614415981,0.28741102577376443,0.2810968758644825,0.3372103361636295,0.3112322052454648,0.30094925347250223,0.3233452818610596,0.3130797733636918,0.23217454568958915,0.21997237877720838,0.1740220937072368,0.16699185673946715,0.1468337611421902,0.1422567560740386,0.14477645465548608,0.20165344332866894,0.31341235906709297,0.29404156985198643,0.3260938690750878,0.28980500822100647,0.2767097785604599,0.2813996996661616,0.26000946321976226,0.2474393277507692,0.250142650296308,0.2660769853618994,0.3105727823225964,0.32084642284546594,0.3032026385050156,0.3222098841219161,0.37550469633687816,0.3157539400105283,0.30436380079956354,0.2253106120682809,0.20822321911560782,0.16801732809527772,0.15312960313407323,0.150043748406682,0.16061559556173846,0.2138230050606693,0.2928757256732924,0.29198332243105657,0.2506962256707359,0.29839862789220734,0.2574354069428116,0.27131042900750235,0.24531093595040582,0.26523894997851183,0.29173254337035315,0.29024849072425685,0.3322558066079846,0.36007805343574445,0.3912038324758706,0.28548592488356567,0.3026654528269972,0.3005657407286903,0.2414498020040099,0.2646053120834266,0.16833133965839,0.1580625692482706,0.15918876248938182,0.1512910355454355,0.14625809427927478,0.16938380399351205,0.2181168065122591,0.2681253097473284,0.32733216290526523,0.2949081371355703,0.2891105535913587,0.2849783476360449,0.2970827252538607,0.2557910345458975,0.2817082666209012,0.2883022725801684,0.3283965182898279,0.2958237919632351,0.3034072527531662,0.25489315464577106,0.2839047236060765,0.2594382779667277,0.23566648789370384,0.22415876649768565,0.16350468203024152,0.14494716230415336,0.12859616642454164,0.12418013637306947,0.11863685677707024,0.11895564130470578,0.15664502598846924,0.19996065927229095,0.23680036011472116,0.2356104776634187,0.24629655514107787,0.22925106028437667,0.2386640964525694,0.23894572270574255,0.23349001902928548,0.3115811168143992,0.2840953937226501,0.2916020799928997,0.2859210957925098,0.29097140072918576,0.2773942685934206,0.2700381084574706,1,1,0,0,0,0
0.17967764364106273,0.13476407338702226,0.11646890387449202,0.10555460804232816,0.0993241666834579,0.09581718710494568,0.09890403809030027,0.12369907811611643,0.15867023176040893,0.17401632490559474,0.18354389110988248,0.17391982292430477,0.18149877656077484,0.17993565711956752,0.1912160531501107,0.17322951529777442,0.2010095547905937,0.1939244770205582,0.1852312485067268,0.21344405635807445,0.21244399357964094,0.2382810004398706,0.2247256471823324,0.2103767127077314,0.179579879950415,0.1312572296603755,0.13761544603087017,0.13043769390868953,0.0998019596161558,0.09028012225886146,0.09506995749153695,0.1461601418750171,0.19624608685397857,0.21410379482070485,0.1760164856101654,0.16926095527929735,0.19236653546711072,0.19245909639144,0.175086456593943,0.18183152604020694,0.18695859634613843,0.17810737290048004,0.21731213684740056,0.20925647678393383,0.22165336624755358,0.21779407437258874,0.23459174464167626,0.20092201247766805,0.1860621494320002,0.1381557167881354,0.13811910522055745,0.12423077016958352,0.10180700845097215,0.09958446282654604,0.10442156529155588,0.15492226035551585,0.17380141120438652,0.17600333031155124,0.17801940797157623,0.19492772317508483,0.17398943200784278,0.2037453562109801,0.1793876618502314,0.1888589420230132,0.17960217077109988,0.20985076955827023,0.17976076662795518,0.2001717677837623,0.22207269172019078,0.22694641782405192,0.20885164672102657,0.1851352554373334,0.15857885559958765,0.13684424398436434,0.12772417099225372,0.13940193401133802,0.09370683892997056,0.08971408187380094,0.09890318526234033,0.15063422249926778,0.18245937455953237,0.17671112651594562,0.1986991827428769,0.2222685060588668,0.20035819920526574,0.18691620959626584,0.18914407199571331,0.17002623858759233,0.17176136867517267,0.20179459459314092,0.1807682589183469,0.203698680164361,0.2203048133922524,0.24564525110176513,0.2272404567097091,0.197235761039862,0.17039681883916158,0.17031355242265703,0.11963544155987846,0.10920479407476283,0.10723917662951696,0.09380526830493364,0.10916068929470638,0.15523385077269547,0.17893974525624354,0.1751255068417762,0.17014397412541168,0.1869410154920658,0.1962694774856147,0.20043753358041208,0.18790635240424483,0.19477417565259036,0.1987395891605788,0.17435613496206673,0.19887345931021466,0.20832829506768746,0.2038057245432386,0.19906227300558163,0.1989436975260253,0.21038336035195268,0.16364202834284083,0.15105167159132463,0.12800243509747353,0.11537469213594383,0.1153516886917692,0.10702225885620836,0.10242985701433201,0.11901859341820355,0.14081555744784802,0.16683430778636626,0.1829391453374514,0.16492274236000687,0.16795204242488698,0.21348266851795772,0.1757470525858325,0.16059090393201828,0.1909349581000378,0.19511432104218732,0.2126204575850608,0.2019476830061835,0.19679633714793565,0.20966784117888804,0.20636467664994737,0.1940939912255259,0.1673585879737121,0.15887161632883187,0.12800384001775783,0.12240885698319337,0.09935871177075183,0.08478285409182015,0.08229558079890817,0.08245347880731603,0.11612942840711586,0.15654695545783753,0.1579508595198837,0.1565142407854044,0.16536366534122673,0.15636022796335877,0.16285348332710273,0.16014755990828505,0.1703100773792927,0.1565546749302044,0.18450083972907713,0.17618721582986063,0.1902721497193641,0.20319893176111084,0.1938623860799165,0.20021776823235804,1,1,0,0,0,0
0.11601630573651993,0.08002052594795561,0.07580710826594257,0.06343161129980596,0.06087830869393622,0.05808934699535237,0.06468682572362151,0.10310102081184958,0.12443588935473124,0.12649611967237065,0.14234376171525992,0.13949445861218807,0.13250977693919797,0.13037388854892293,0.1306704371677034,0.11512264548797858,0.12525518085206136,0.11905221190638637,0.1216575055399514,0.12300792877871142,0.13332421952389611,0.13521037108469464,0.12294888582946169,0.12374696426003866,0.09584250601406082,0.07787093155897638,0.0901237335917813,0.07701385422542924,0.06294772573859068,0.059826831489868434,0.06293919071615257,0.09150505762261282,0.13096728926831938,0.16658849883192586,0.1604911365527467,0.14962762881923802,0.15405399791211985,0.14965279850965424,0.15443822145696212,0.1346750208983396,0.13037812482861685,0.12819577595783643,0.13327141855134308,0.13015055744141002,0.11814821315704797,0.13143717480065978,0.1489617631668715,0.11755467534365785,0.10382125478004303,0.0841669199439842,0.07381676293691133,0.06904663816471862,0.05977659277215669,0.058359087223676144,0.06649015592740089,0.10079333964202357,0.153923194466812,0.16637567851707075,0.16079713835881912,0.15518973962281915,0.15314493818834293,0.16197490390258748,0.1290870108061125,0.12175493519907123,0.11793550701604809,0.15890927070239863,0.12305539615298046,0.12123316130055545,0.135209161760198,0.14785649268223777,0.13356545480097282,0.11585961398528803,0.09581508256902792,0.08771891510349496,0.07267374419641004,0.07828610361240387,0.06426951656146372,0.061125811350242566,0.07161126323739764,0.10763913898512953,0.13203982832355016,0.15477136284732254,0.15301117778910808,0.1626725745767868,0.15063047735060395,0.14303168561395693,0.13943855709629316,0.13564152269263421,0.11889616131030892,0.1125818058898267,0.11871772573597227,0.11459280821432531,0.12634148069945447,0.1411451494694477,0.12033685341606491,0.11821301739281627,0.09550824010424554,0.09486848255446932,0.07078184361199207,0.07286953373746974,0.06807693230901267,0.05861459028933906,0.06909807106725081,0.09324950800120127,0.13104678447583915,0.14667848667866612,0.14892881287518336,0.15390407608123702,0.16396877290346756,0.16329228370916504,0.14309119173985616,0.11631048813091774,0.11741709579693642,0.10104388729262967,0.11408263181123876,0.12146216520962567,0.1135972181012999,0.11372525052227186,0.10993506052411334,0.10203574056259293,0.09310069799024012,0.075565993364976,0.06950732858239893,0.06236510610525881,0.06392015019190399,0.05745991434203182,0.0565403280577208,0.0682118162590051,0.09246019065476595,0.10817448720794948,0.13015577011113963,0.13393690181134255,0.12941360351879946,0.12818142350618572,0.13057187578519316,0.10259252516414757,0.1021123910859331,0.1093358578197529,0.13626096455629755,0.12829369255008827,0.12779162051562964,0.12353304415326508,0.11108724595303285,0.10370423367137245,0.09528736629762583,0.08089001454580841,0.06863180982944964,0.06894100940941221,0.05568084200567082,0.05187239759184802,0.05172745689725238,0.057127750232917024,0.06754320630106361,0.08815926017425671,0.10041482759487984,0.09603854755522888,0.098821724730712,0.1021318318807281,0.09700054638771387,0.1025480646703166,0.12270772366855776,0.09200834890942015,0.11294244155145826,0.11075526893203161,0.10814537286504836,0.11332721053465272,0.13020843542382893,0.11477427335929721,1,1,0,0,1,0
0.0989395480062332,0.06162181791876889,0.05801482228056071,0.04998767912942985,0.048140315130657946,0.04538800972824599,0.04891263177333246,0.08038594423400561,0.12456084010586457,0.11871942645570234,0.13185879500100112,0.13594719259070473,0.1277984952816169,0.12495262421442463,0.13681848192849833,0.12814787004610576,0.12445285243213147,0.1254109477488141,0.1242183498492339,0.11071014411098094,0.10751944590128357,0.09973965751734098,0.08981380793915247,0.10449095463969024,0.07549518092451998,0.05911565800514963,0.056345604211257894,0.05447302942671793,0.048954836060864176,0.04640467823468015,0.0505766291369183,0.08029241339347849,0.11841833932048793,0.14592380221220638,0.14304446002024132,0.13613159385476134,0.14597405815711278,0.14231113118919797,0.14633925404176526,0.13642065601746609,0.13947080286480512,0.11775966824050013,0.133080929520007,0.11342249055187638,0.09632585484077996,0.10921845507669821,0.11442949272423904,0.08783483789751254,0.07634406741490588,0.05867480370507616,0.0504059650965464,0.04861586244065271,0.05278406656329242,0.04671837330536444,0.057249311158977335,0.08565212473024335,0.14636233879587066,0.14887287602985502,0.13915253225155538,0.12397117516275687,0.14445065952336358,0.164720550593827,0.13343809415424998,0.12698924365656067,0.12462625135723257,0.11138769202530854,0.10043276118258848,0.12083380660795075,0.1211534021548359,0.14153494473714714,0.1366921509167653,0.10242196817882733,0.08622093788060893,0.06956554834725945,0.05728542977639607,0.0488922871438841,0.052997327026137526,0.05162130900160208,0.06028168234301246,0.09156499076323296,0.1212695242786203,0.13892535753464202,0.1263471484709547,0.12571045372897638,0.12766350660558032,0.1350139600509459,0.13622984434775331,0.1390198185260722,0.11574313034275785,0.09876083880897975,0.11511192673609977,0.0969626859480849,0.10836128910925485,0.12484308880823416,0.10897130746932386,0.095276346471105,0.07505895896231041,0.06901661554592171,0.05344598875320243,0.05693011853109422,0.050076473968203056,0.04417986710570191,0.05559610212503677,0.08137177955911924,0.12507280572210147,0.13179652000664474,0.13194037799919206,0.14083149475111922,0.13432930752809039,0.15289088588608984,0.1526404122691357,0.10937028358345063,0.10139300389903559,0.09930521331075833,0.10371583466153067,0.1012596385204862,0.09607267153791944,0.09651248577122826,0.08512763548172504,0.08235048805014115,0.06952727308084451,0.062289623212990954,0.0531728384864227,0.05212681796872715,0.05382205711508371,0.051161086461056354,0.04908180832317664,0.05513200273771305,0.07297090844898846,0.08250678465018833,0.09120876810343499,0.10022982054681297,0.0899649174520693,0.08612938976172568,0.09274159111777659,0.08659769577886425,0.08495959071370847,0.08164210452151827,0.09145669103891975,0.09522505531981035,0.11105669276273622,0.10449705791156676,0.09007300558475324,0.08224645199539682,0.07067440909768409,0.07094655842474121,0.04862838273027183,0.04716870957925941,0.04128135166155214,0.0419915712914024,0.04190923922474361,0.04913245740219449,0.06303166963585473,0.07632100148380555,0.08504277428212706,0.09100806918017593,0.09013719056083602,0.11709399480870288,0.09942506836049214,0.09628730989724586,0.09358348782561383,0.09045839818621589,0.09869582273508265,0.10207710473500743,0.10343063127357235,0.10595041960875949,0.143084741761251,0.09995277508589735,1,1,0,0,1,1
0.04956980636943309,0.048583566764960416,0.04429959853132299,0.04198465486016401,0.03867302405255178,0.03602283812959872,0.04026535615201214,0.059568719526295916,0.08931410100968755,0.09792601772729753,0.1110802073025216,0.10887838397176842,0.12327619752764014,0.10612126543641193,0.11022628220012735,0.10440841952288965,0.12120517353164643,0.11112839172205592,0.08931268717545642,0.0823066681999749,0.08418634359529603,0.08735006746281009,0.0752888939614017,0.07874419761235803,0.05841349413032758,0.04511326942869629,0.04066780271447608,0.039545923938033696,0.03344254814833546,0.03246589728610414,0.03697392194857315,0.06543858991568258,0.08199133835809697,0.10148741730052703,0.10758165966585075,0.09978307410618269,0.11589610888730713,0.10755001386951679,0.10574701133361535,0.09173793650567469,0.10040540254386457,0.0941068634346734,0.11090999628978919,0.10123720031646576,0.0847317208240732,0.08211930750513949,0.08213243253929953,0.06718582843563536,0.05012280440121869,0.042459753604932,0.039588205708910244,0.037695727442095116,0.045073883140884376,0.03752609956000571,0.04233851661699257,0.07249435377946455,0.11005851411078753,0.09573391903434095,0.09764147682867726,0.0949636857867162,0.10093338072717824,0.11422119640889938,0.10804323550128647,0.09273407998166862,0.11114048099256746,0.10047178121260067,0.0923931811711521,0.09941906195590483,0.08871080064317417,0.08822975516369798,0.1081950304260595,0.07124287596559921,0.0584707892513985,0.048379788996337755,0.04676813101064114,0.04375788168610612,0.03797013060313809,0.0377279372696089,0.041292201921462074,0.055900495342365276,0.09028668718464655,0.0921611247842972,0.09165705503198032,0.09052701394243047,0.09416657392820825,0.09913294031102804,0.09700659121554628,0.10260041680164507,0.10111606779897421,0.10120102110650614,0.0858294911376399,0.0829830802727666,0.0933971648194896,0.08356831719917789,0.08792892621690489,0.06453210959868053,0.05486390723140233,0.044588850407076594,0.03908253783858406,0.039554590258938586,0.0336088928375974,0.03299968167146654,0.03818449395570131,0.06032486030272157,0.08108435294811252,0.08857224529226271,0.09564598834220152,0.10724474661014587,0.10536113138433574,0.12335363896992019,0.09097950156614783,0.09516412540329319,0.09174307906223658,0.10089370877770393,0.08232020049024426,0.0847990961143214,0.08616882286164741,0.08249056166041083,0.07988465604413005,0.06670876651037332,0.05467993977559472,0.04916391982988604,0.04511528113751461,0.04550398316859694,0.03973445979548076,0.03692624584581637,0.037970653735176746,0.04416670221548903,0.05393516404162488,0.06433389259374309,0.06553136735869548,0.08617605608330083,0.061872511705065504,0.06675242964043766,0.06437680014726999,0.06216637386151185,0.07056573326344967,0.07623000232529395,0.07311153088677562,0.07395958058362666,0.09379958661089266,0.07761797758018837,0.07310040594607593,0.09145406622492402,0.057986032871096466,0.058559386341114704,0.04181623025291532,0.039672703878947335,0.03460597994501419,0.034142291329311146,0.03363122234247672,0.03717317165973846,0.04274096090505087,0.054162411364162194,0.0750406001400513,0.08526391818723655,0.06933204677041793,0.09276606800840878,0.06207981202880323,0.07825298682142427,0.06898968499695429,0.07399267361647961,0.07214211637873694,0.081812529389497,0.08291560251434149,0.08730224826597885,0.0767976245938652,0.06974277263382334,1,1,0,0,0,0
0.052551738228008696,0.03869466992337005,0.034917610702037624,0.03377510006072834,0.04004674282475997,0.03821488154137971,0.04015086338758615,0.054000724347026706,0.09250903904617312,0.08362993796602565,0.07651732358785349,0.07212458355433965,0.09009037292687225,0.07846956216299796,0.06685774344343601,0.06341118137825812,0.06137174009485355,0.06928039752946209,0.06217687429537532,0.05831410852037548,0.06869182130462315,0.07303910540345152,0.06576066912681472,0.06289436164885029,0.049190542329401295,0.04311756521436726,0.03898426586260345,0.035037656930016314,0.030331993659120118,0.025567638391165638,0.030123872883412547,0.04352592814616806,0.06673758356810644,0.07798416942498874,0.06632220893860766,0.06742367888054866,0.08326830321475555,0.07343473327613081,0.0672888784803805,0.06914429059852868,0.07870193536070018,0.07177263567225138,0.06807780607079181,0.0701818230195597,0.06486916615223398,0.08056711053966192,0.06997412678227226,0.06199113897175521,0.050506691796293524,0.03964059847576958,0.03355032253714645,0.03116404152187279,0.02873943558804485,0.03042753573494135,0.03296924733393326,0.047658667318461134,0.06823181626502092,0.06693398547545164,0.08482919873521431,0.0767207574727379,0.07668006509299179,0.0819462764108888,0.0736570364987139,0.07336262574606842,0.07586365522649788,0.07613856546330858,0.07049190961608916,0.06203644677372149,0.08069376683016585,0.08337467290560005,0.07701312377624224,0.058058067983337514,0.05895835336255869,0.0397893668574095,0.035997458565796406,0.032239403591771645,0.029668977808703534,0.029292964783361755,0.03215114330924959,0.0469687827522355,0.06522826258618145,0.07056750256808653,0.08143543816725597,0.06764027266902217,0.06498251393889569,0.06846939978046614,0.07631135218646519,0.07047605139254677,0.07794950090400299,0.08532023028972194,0.0723301097978992,0.07265565890609213,0.0771493922760387,0.06794359049626696,0.06767727904793591,0.05486350402958303,0.04901697155182266,0.03715758748097169,0.03158280271822263,0.03281511298243546,0.02948784774208404,0.027977962530628623,0.03798219944433675,0.06123444489155514,0.07337874291444803,0.08867961374069844,0.08654827392571517,0.08225226494382655,0.09683743710745617,0.07953561006359015,0.06920161389373275,0.06100166774497618,0.07470535482911922,0.08038044081131338,0.06052833385143389,0.07414009056762094,0.07517714868934032,0.0790439279567457,0.06625455269394798,0.066456570373745,0.05304234501607827,0.049315168701138584,0.040036136229438635,0.03699637922326392,0.028268720035944106,0.025689015987760157,0.024751113073250557,0.033682858789642715,0.041271591077391624,0.050658944639459934,0.06696119100730616,0.054364290210255004,0.056706203997897345,0.07162986598844628,0.07089987032587913,0.05920143392349427,0.06893449595672253,0.06123370509323434,0.08304781523642418,0.06504255958961544,0.0725436699687155,0.07035296425975737,0.08707749764433571,0.07855639098662588,0.05317653917879522,0.05019038736066114,0.03659547206018081,0.03547672275725099,0.030746773779523368,0.028590973844397932,0.026740647954419376,0.02940177594840591,0.03424657596619599,0.052660192972863354,0.05487674428987263,0.06928770447904538,0.05793938053890008,0.07970593188972895,0.052990911427588695,0.055117980715711896,0.052973279627384566,0.06317756936812835,0.06465478216865293,0.06859926409277163,0.07582749757348188,0.07597357341607894,0.06788713419585453,0.08544403558220452,1,1,0,0,1,0
0.013875887042409454,0.012627804004600875,0.011533859678961462,0.01045076580112334,0.009412322725951761,0.009811544818991646,0.012621897981137744,0.019823830595435857,0.030216306807439978,0.028256052685341586,0.028824042120495188,0.04376987199164603,0.03535392227437624,0.02960867920831464,0.030784436310034316,0.023716172330126892,0.02119203712044774,0.020379107321439934,0.022451325543598966,0.0221898151677417,0.022153014400961117,0.020294136890558163,0.018791358119356588,0.016344438921505992,0.013050790258934028,0.012085433714633859,0.009749312374648995,0.01086894769855909,0.010595152093329485,0.010289759466366065,0.011332325434191572,0.015841570366797432,0.02355626766193534,0.022012328857874047,0.023225513512979103,0.02237123496142617,0.027651923133477998,0.026502001651869802,0.023743222618157058,0.022711037554414223,0.02289388849094228,0.020954036232265737,0.023939199188701958,0.02454415027224978,0.02348262086130094,0.02354911626573827,0.020821128871980524,0.01978048610240496,0.014711012742001943,0.01299721220671614,0.012443029869822863,0.012434239048984814,0.011687036792005662,0.010980498873752407,0.013250404944181433,0.01715842593647151,0.02232156788133736,0.021319666252237756,0.021553687264782323,0.026728945844356283,0.028746072102187343,0.025535750807128707,0.024291165816581875,0.02674921923584272,0.025472003771353002,0.021477320077246672,0.023395242454217792,0.023830672878324313,0.0257884551279151,0.023780532615789423,0.01968555496976277,0.017044930748855356,0.012488971747892255,0.010135200551874645,0.00992075259361277,0.009199657898499088,0.009215596476806743,0.009752197172023917,0.012023064841577918,0.016101490659410078,0.0223278258927661,0.025333731784407384,0.02537838258707393,0.023075917895786117,0.027106463403066123,0.030818365816157947,0.027744999282226884,0.024360477804037488,0.023701197292156816,0.023405973648751206,0.022166490325428705,0.02180744221322322,0.024846722677467452,0.0234445009274897,0.020135193821491586,0.019183852657249117,0.01512314854853381,0.012035978555069899,0.010720578581139763,0.0111820331185223,0.009631578679838508,0.009877623659834196,0.011193985232889309,0.01615596665079635,0.020505567261459298,0.022336404793079297,0.023529543211455575,0.0242637635405861,0.02442565962138424,0.023890020525292044,0.026280217552841212,0.022855215564822968,0.022036096657894782,0.02180643879385456,0.0233655894449068,0.02526540676464968,0.025541452187521907,0.021614624994994672,0.019772117425101765,0.01775031960035912,0.017175045979022637,0.01294885507499045,0.011784849083295308,0.010872794095058985,0.010059512997237282,0.009475516769419389,0.009689964727681265,0.0126161283863879,0.01335920775071312,0.018105358493238473,0.018434450705865982,0.021423183562648062,0.02178827582454482,0.02062804073753801,0.020536062616627382,0.016837983451701292,0.018545040281934332,0.01988742596826546,0.021921456042256607,0.021589105910904256,0.022750740294015147,0.022001141656339967,0.024906257600161765,0.02433927147450941,0.015638181138134234,0.01414431143267544,0.00939267781858496,0.009796636054165607,0.008598080029005086,0.007909263819868692,0.008263013578557805,0.008737381829432326,0.01089765992291798,0.0130431011046617,0.01573874179808552,0.016201460824860018,0.01778801375190804,0.019578135905890918,0.015880457154654207,0.015189390212202598,0.0145737023541813,0.01744600782578855,0.018985816459740984,0.019470291059756745,0.020770240872058122,0.020588160428303057,0.018421601568003182,0.015517214296710687,1,1,0,0,0,0
0.015728084142704938,0.013498370402037977,0.012194353601194068,0.011593414472772432,0.011535454130930567,0.011902202484847989,0.014767921738284926,0.024405037322147594,0.0391568881761153,0.03947413747409378,0.04076253557430429,0.044675283114500336,0.04193579869295899,0.03936252501145411,0.03712015984409832,0.03310626219364982,0.03190702733679236,0.030936187752967664,0.031953446596821734,0.030139384416246306,0.027783735690747813,0.02544818531213991,0.022830840151903252,0.019667981213229078,0.01598313209632105,0.014283076584630744,0.012447262319300097,0.012917039077314145,0.012376903401286676,0.012266491550492226,0.01428525359176029,0.021911395994888533,0.033324117437616686,0.035334867154020004,0.0360785402072263,0.033807382551737895,0.03701558435448292,0.03640538689978416,0.033808492219062174,0.03224843725782432,0.03164989767377241,0.02890291726227241,0.030778075724173445,0.030030259870084966,0.026512820039059942,0.02445335262719992,0.02229533849410673,0.02108683089955785,0.015787385796523917,0.013210801276668299,0.012812031317124504,0.01295116286076449,0.012118817880497004,0.011804874316985231,0.014711967226159403,0.023098079887833065,0.032028507865988015,0.03222275032818616,0.03421280708434146,0.03663699110814726,0.03981435822459963,0.036471857140919876,0.03364684152491122,0.03311876252013862,0.03182603114905909,0.031164062134467263,0.03105457027946485,0.03118976465713586,0.03120791761563073,0.027841245141605866,0.022936718029785513,0.019610833016726992,0.014843785247902867,0.012174649640069311,0.01165786014887971,0.011123838839867466,0.011185370387874202,0.011631663982440114,0.014060602430079887,0.022209274068582658,0.03315373087117284,0.034597874104496405,0.036721655465363344,0.033321402543858035,0.036769759308309086,0.039460847147401834,0.03601962288922855,0.03184094722310903,0.031804322294358325,0.03166228405668,0.029909053509697157,0.02882856760248609,0.02971681925040662,0.026463220748995014,0.02257333497476978,0.02112970656472186,0.01648880261998133,0.013920798728881632,0.012856368617926165,0.012720421862518122,0.012188293451872995,0.012203854195400442,0.014653571969837985,0.020467102840319402,0.03063656536723912,0.033511739383737055,0.03357539662003905,0.0337318236190766,0.033396750572868714,0.030924249252988104,0.03253168255835817,0.029684592070412602,0.028171937687375317,0.02895123032158849,0.029388821509160078,0.029143017326975943,0.026712487081890203,0.022838562263717038,0.020897417726645568,0.01851376375661012,0.01705049149419843,0.01367557760506972,0.012433048379811814,0.011902463193148765,0.011555331539606955,0.011465333604024531,0.011772374786480092,0.014528989725458895,0.016033694893525807,0.021332544116956856,0.022765523064276226,0.023190086726371222,0.02342414746190306,0.02313069486358127,0.02269791727335246,0.01989245057599722,0.021300665253055497,0.021952179230290726,0.022735285255939236,0.022246212240955358,0.02325278976446048,0.022122110675477126,0.02373849097022458,0.023406184347995417,0.01685616675438805,0.0151056190714379,0.01126524368013963,0.011169014814760658,0.010111431760553706,0.009811495550424812,0.010032402996038147,0.010835459576819846,0.013041423101905493,0.015778379276163865,0.017139929311246173,0.018417995467263568,0.01969955830884089,0.020186888671499852,0.01753360279620256,0.0172181280255595,0.016983041204727628,0.018319729097031535,0.020049890822813082,0.019976366985183354,0.02154524533790722,0.021766636920334797,0.019640270531361297,0.016527909938748336,1,1,0,0,1,0
0.033926584983619175,0.03144187539754829,0.03209132775638329,0.031875731248051736,0.034645270902013435,0.038979317327433906,0.0478781139209295,0.06190636673791002,0.08748017418422792,0.09449700437200367,0.09673459745420646,0.09551832514834797,0.09455433923180032,0.09494627693048628,0.0946778911232493,0.09196404430709972,0.0881098196430297,0.08660817381962942,0.08252519202323194,0.07610912066091617,0.06693049189082904,0.06043539892580279,0.05971654059888218,0.046010248675631776,0.03823769983726083,0.03356287425633092,0.030388044789014867,0.032703429683572115,0.03135746831209738,0.034672797693228445,0.03817696462485473,0.06050126168140941,0.08435906287996188,0.09616355534707906,0.09816183135571546,0.08881024312761598,0.090143952028599,0.09035354391357277,0.09139116898803494,0.0863533312656479,0.0863349576340057,0.08020594728102104,0.07880031540833461,0.07135686476048346,0.06372363684516054,0.050575583291446735,0.05479694983864976,0.05283567934155509,0.038000036868940865,0.03344911275387388,0.03284770991802903,0.03169924052422615,0.031210801295739644,0.032444079774739516,0.038827084457543216,0.05949041093973827,0.09036149559273059,0.0914511186828651,0.09697732443726728,0.0931144241272374,0.09710629713561748,0.08889685715466565,0.08515905247525395,0.08944083132046796,0.09100019171651348,0.08451540167068589,0.08418405915783203,0.07422950200358382,0.06734225170174447,0.057097839048123954,0.055167788524494665,0.046425845038804814,0.039748628747073605,0.033571612399350095,0.031201408618973497,0.03225796789031397,0.030610551733235666,0.03250125396358696,0.039941186756769505,0.06346239490143102,0.08561885642544012,0.09740958275096837,0.0927513222475303,0.08317998108404845,0.09101016621961026,0.08725664603474634,0.0825066855497279,0.0822879419943665,0.0847648182776711,0.08506959491595109,0.07190109447386131,0.06856742654873213,0.05607023718015173,0.04989813341168215,0.04506323008369599,0.037945018395441725,0.03324880801923072,0.03155786254086512,0.029432635189954304,0.02638006104729516,0.03024898344454481,0.03050866507727435,0.03659153960552341,0.049457649357489725,0.07623434856346577,0.08578589744906039,0.08271163485224306,0.08660188494067844,0.0847928019540449,0.0802933649101495,0.07353511488371012,0.07342850327568953,0.07225688797135726,0.0789709261872085,0.07661215596098882,0.07085243598480898,0.05664495218813604,0.04823573997610867,0.04385225852828686,0.03735997144629828,0.03771474328024828,0.03325752063742935,0.03097539568560912,0.031805075860224824,0.031447307413473714,0.0328428575449913,0.0345548650008331,0.037612158110529884,0.041341696289358965,0.05326410234660436,0.06415551863865421,0.06622041148756574,0.06232235800769529,0.05800214105772045,0.05062385113552737,0.05387662914618343,0.05460212440017406,0.05382511179562223,0.057403222120469305,0.052462871979234785,0.04699421643670463,0.04484253091843396,0.03873544299765324,0.04624756630650678,0.04405914968479403,0.036866467079437,0.0368789082900788,0.03673604747496236,0.03451869224952937,0.03380252473343049,0.03378472872174915,0.04148191960926179,0.0400166687455056,0.04197498824134459,0.04163987922469678,0.04191248011520817,0.047589391141707744,0.03845112350063096,0.043627117056825045,0.04692446557422255,0.041719497069706075,0.045796559431149984,0.043758405586322116,0.044520513407082934,0.0391445156041391,0.039121312022219204,0.0381270422958957,0.036296223362534415,1,1,0,0,0,0
0.023255026581342722,0.021020980581942177,0.021190558777010003,0.021126554200276832,0.022886231835774803,0.02531807915344873,0.03166541860284334,0.04538585368373009,0.0689123460874127,0.07345252982611507,0.07598760115728483,0.07434699371630317,0.07344944272312727,0.0733605514620467,0.07065655150117921,0.06765792296399042,0.06567259285044667,0.06291588030911896,0.06055484074397896,0.054510656721648926,0.04723102789916209,0.04155115251538861,0.040126257711994164,0.03131295086965922,0.02586051337926887,0.022740754171109507,0.02061499697557033,0.02208098792486077,0.020973612776737774,0.023111988051476316,0.02609393109336624,0.0434771666390051,0.06531831021872118,0.07487883744824854,0.07607537306383444,0.06962030405280994,0.06960113398872869,0.07037151015501,0.069101672222192,0.06468798035754851,0.0642605385232464,0.05915898472174311,0.058035658578086756,0.05288357622063691,0.04505193372531864,0.035973825588964926,0.03742698775389015,0.03618647666734091,0.02610486551682406,0.02236544806074263,0.02204846758813812,0.02142959235772662,0.0213586923447743,0.021870552577833588,0.026715980688925722,0.04328875479227205,0.06787659083934262,0.07008997779459444,0.07427619043795841,0.07204255421850103,0.07427308038675967,0.06898224718817911,0.06524936983829044,0.0662967258043953,0.0666391567128813,0.06406872709568963,0.06243690470905534,0.05480558540705191,0.04837052641862073,0.04114166286066121,0.038871923766157314,0.032088127808750956,0.02678398257718098,0.02258102144528036,0.02089840251474802,0.021657712478494,0.02074519004714855,0.0219576528688921,0.02738312366469561,0.045777968869391006,0.06697366493604724,0.07442016281897804,0.07279848146798461,0.06652362162483051,0.07103029316281292,0.06901721665744259,0.06507169862921164,0.06374842862265366,0.06469930614753236,0.06359402853113015,0.05528896344946741,0.05176728132183779,0.04195690103621324,0.035838717554746616,0.031870152379116126,0.02697950076446844,0.02324346591164387,0.021820932556036676,0.020712633537282307,0.01898916333444574,0.021410667579826403,0.02132502026772801,0.02604407050360694,0.037599933054199654,0.06192859193493085,0.06707251507063607,0.06408532559058508,0.06625981670013495,0.06438098471721389,0.06039316567443906,0.0559927840657272,0.055419301517668856,0.05424039197449003,0.05892649547409008,0.057516764776530886,0.05215839939310332,0.04046030213218176,0.03339315997513033,0.030148604628914992,0.025751534810180006,0.025405663799583433,0.022313435163976752,0.02047670502356666,0.02089018534506909,0.020796250211139403,0.021622174091773243,0.02280165459444969,0.025443655177938715,0.02894331565295783,0.039113464373573714,0.04718469392911316,0.048172078091517946,0.04596823187444355,0.042521531437768295,0.037569718651537055,0.039338911979946885,0.039855722685650706,0.039741782110639404,0.0410788480561201,0.03734633080014823,0.0334990820090468,0.031164931964537124,0.027075988420143048,0.03154763760391312,0.02934750496708337,0.024982362967223334,0.024375625681141315,0.024306007452776432,0.022712991194075615,0.02203533445768564,0.022129249185909663,0.026923945422631882,0.026781908940683337,0.02970996250218871,0.02994846435356301,0.030825230640592706,0.03461422778186314,0.02856752968848906,0.030429226618260377,0.03212526306639805,0.02907835705584534,0.031984861358297305,0.03080776130027222,0.031007183718073844,0.027745713070827505,0.02827664515876916,0.02701549327504413,0.024940895497995032,1,1,0,0,1,1
0.01089834757942414,0.009451793526236667,0.008832120879414047,0.008429989636733784,0.008331628396385283,0.008702705180043216,0.01109543413856577,0.022046535425292627,0.034451783541704174,0.031131996159396193,0.029895758810616485,0.02737973638893699,0.029424503420332357,0.029919666483830012,0.02728084526400825,0.025404301246534162,0.028009042507827153,0.030143717187114883,0.029301077024282703,0.026304501711036557,0.021847638857437842,0.01951669167652833,0.017493959206433783,0.016618975026171632,0.01346169731138074,0.012827117637473092,0.012048870357715067,0.012072536041510885,0.011631550002075655,0.012145180201713611,0.014099583289907649,0.023183515206082615,0.0342421222368076,0.0337825360423592,0.031812844991271357,0.030717030987034648,0.030538794946638036,0.03282266614074939,0.030601472877788242,0.02954852639328595,0.030750559914530427,0.032676812082159085,0.03383008676757049,0.029766318431826054,0.023741535314082973,0.019462656045331216,0.018584626119954185,0.017182187524003537,0.014951534262546536,0.012168410701754775,0.01252185364101788,0.011674776868838208,0.011774213811871489,0.012045604145191778,0.014368199737351478,0.023000910013340287,0.032935578632058315,0.03159407733045485,0.029362587098469055,0.02902244977225033,0.028614490603963764,0.03161692939533888,0.029766901111392016,0.030081482808679814,0.029156520963414624,0.03395927970351115,0.03285035881763149,0.029127498014639062,0.023802956604234093,0.020025030180635294,0.01873267312332943,0.015751243698474516,0.013249177842322504,0.012295979157793653,0.011325089756135236,0.011646812720616437,0.011746898483472292,0.011835640538230587,0.0136803354333078,0.024028574055604546,0.034872178651783846,0.03173932489394985,0.03197576248071093,0.03049039397822124,0.029775453679918885,0.03265124911871299,0.03042044617507618,0.03190015960215547,0.032080836388063375,0.03493940303548302,0.03367949361014832,0.032281765068996104,0.025880833683625877,0.02161316737029935,0.01899741553639645,0.0175876239193123,0.017071291734520672,0.01496000038405052,0.013570749539137578,0.013433159601448435,0.013634635461868818,0.013667508397574198,0.014968523792740279,0.02340993785745464,0.032845170781650654,0.029663024917798105,0.025828027967077408,0.026986236136695072,0.02707526261769788,0.030078217124721588,0.027478332215730338,0.0257097554704429,0.026765954564733258,0.031046793768234902,0.030043050264156157,0.02562721430638691,0.020406792026526666,0.016188975268768894,0.015441222859407728,0.01469286521327786,0.012759977888940963,0.010972695955802709,0.009301603181628142,0.008832437898658015,0.008850268559875295,0.008463344368865911,0.00861067148939326,0.010699538813224597,0.01357012436748359,0.016441183946533856,0.018131423794777245,0.018795328867524566,0.0175174563195176,0.016091762766030738,0.017512263746727662,0.01682906727327271,0.016540624235986626,0.017246727840255088,0.017715350499386724,0.016760999914195128,0.017291691939702425,0.01588632434843962,0.015493305122646859,0.01635323752586209,0.013704277112571552,0.01215995190060571,0.010808598941865722,0.010403432875898112,0.010011140446270089,0.008839131926541339,0.009300246313991203,0.010809997491661642,0.012064490730125997,0.013138152302010025,0.01574312862360217,0.015449553062112676,0.0165325263568923,0.016455792365910916,0.01604002314142227,0.016574223969738795,0.01523246330036082,0.01647928823940764,0.01642613145395014,0.016977387809918327,0.016344098140030135,0.017099802889992643,0.014679097510027713,0.013342900364734211,1,0,1,0,0,1
0.016216293767191935,0.013437703118981362,0.011621850005774679,0.010466005044859216,0.009923573007979232,0.010013617463064596,0.013214404100654381,0.027406376895478812,0.04183320643290276,0.044761399748185916,0.03848145465624721,0.03643973690869396,0.04714399320720831,0.04620261504655177,0.04147177622380774,0.03964268788946329,0.04290910995936865,0.04362070757617617,0.05171861226580653,0.04967762857354338,0.03978609574745635,0.0370747635355719,0.02933310688081171,0.02585167507703821,0.021946346418523485,0.020738120609735594,0.017311368457330348,0.017192769377652326,0.016161103310979696,0.016424550606073635,0.01875821251311268,0.03558315086846876,0.04959876913619821,0.045788400070159926,0.045806047180752554,0.04150868713531774,0.0429891946872381,0.04646222257123692,0.04573927569196055,0.03667338448207934,0.04140276071530044,0.048756675750775726,0.053691334385357684,0.04738755388183177,0.059309157510855,0.042823565848359196,0.032962249897348826,0.028501465084820595,0.02613847178181161,0.018939719105299763,0.017727199687632266,0.01544219461208189,0.014577593533147012,0.014403932790739912,0.017527489973933778,0.03329807318094072,0.04655409124075785,0.04145542547033213,0.040903541276830845,0.03981274033285561,0.04375590851741225,0.050621938637075724,0.04667253182937096,0.038104116013957655,0.04029562221840717,0.04631367484470328,0.052819002947142576,0.05005385354938332,0.05057577420108687,0.03181032361875848,0.030947149451106735,0.02490701651981495,0.023720151660032458,0.01848938391017671,0.015248387979639915,0.01470491762973981,0.015919749456908786,0.015513214123724703,0.017972833123436574,0.031153186652292518,0.044630550622124496,0.04489881829154907,0.04270570369443171,0.040708898446294176,0.04496972326661911,0.05088384019312546,0.043208372454347777,0.03831482120233471,0.04090258488892793,0.04451893869040039,0.052179586880447694,0.04653543617884708,0.03991585824760219,0.03336225172430904,0.029530927271246576,0.02626709572093283,0.021378200783510003,0.01919959719096811,0.016488518744392836,0.014703960879931763,0.013613530619834984,0.013719079092493393,0.017838554520993966,0.03065162755386697,0.04299526556332937,0.04207497263558277,0.04244161432138011,0.0399559200840568,0.04399195588388065,0.04653897241480576,0.04242107560666753,0.038632900068429614,0.04331103268013642,0.04932896537923786,0.053289152678494545,0.044254266650053255,0.043240095518149654,0.03589890608304176,0.03251232850526108,0.0301700239300249,0.029193412089406335,0.02400615861914189,0.01937368807965187,0.017783855909860737,0.01586969337208326,0.014274419877187701,0.015241952984909832,0.018504219614329433,0.025935853734720217,0.029639634887563524,0.02971821633154273,0.030725494924219304,0.03341479606612655,0.02886686548625773,0.026058013473348365,0.027780709638445027,0.03145064580635031,0.030075541414698658,0.02894232802533916,0.03032750638751009,0.03278245355679237,0.032472616916924914,0.03403157720477773,0.028979154048871112,0.025347024414707126,0.02558135372386758,0.02291306359051987,0.020007617960262434,0.01739444389317752,0.01722107083648567,0.014751360575614094,0.014447459322116961,0.016359288047889275,0.01887979925458599,0.022212073500576645,0.026740919898155465,0.02275660427490215,0.023455085172733113,0.030988497042312317,0.024533908673925593,0.02940068210984778,0.0308881055452813,0.02682580586139217,0.029925206528016002,0.027488899766000264,0.025576757053069082,0.03093487297952898,0.02945137095432782,1,0,1,0,1,1
0.016982357848628445,0.015224418185550306,0.012961826511091738,0.01281000001588414,0.010510364777876027,0.010051578873205022,0.013885520669986563,0.027880526489085844,0.036911438238439044,0.04410686389945627,0.038835131427277104,0.037473097356908104,0.049042295857361154,0.0472548503744831,0.04354657108904134,0.04271183005702623,0.04652590835427458,0.04505815602525296,0.05818315344580508,0.05092258004697183,0.04272505276323598,0.03844610285451143,0.02935230431134315,0.02480291075333647,0.023230445670758493,0.021418495854133062,0.017507537974589916,0.01761197718950511,0.016333362471774505,0.01672003365533614,0.0191045530725649,0.03628955442398611,0.046544692832226855,0.048759165459596174,0.04848276720257734,0.05915515646815045,0.04826191381066173,0.04505850212475144,0.0466946840197545,0.03581127927244253,0.04133453305879086,0.049461814665716586,0.051980734461774813,0.0449225214544858,0.06212812796506562,0.04564706566430215,0.034622133108350404,0.028640143069793747,0.024438845396716938,0.019278236596291017,0.017380413141239417,0.015818647325152774,0.014562039886319756,0.014899131504501808,0.019095928375324756,0.03217244761392412,0.04470636452530994,0.0417678225819729,0.042174748267763545,0.04017398216367018,0.04457104326231449,0.049710000770278456,0.04775334992407133,0.03780821383202815,0.04016161510213755,0.047148890902916823,0.050455579352571535,0.05027415110776151,0.05268013520433225,0.036553698877322224,0.03354512520058132,0.026891834668774192,0.023610927733410576,0.018545247236460376,0.015462072523233365,0.015651657031894767,0.016099107639356923,0.01525749492359075,0.019498434563308843,0.030497643533536574,0.04438157857301721,0.04854936312904235,0.0424055083797003,0.04268192814047606,0.047735814149474934,0.048657990202748705,0.04602333730998937,0.03735715544826564,0.04115886683758845,0.04476953487594722,0.05529266726524947,0.046395175296963555,0.039173961139296685,0.037052436837259874,0.032414389157257174,0.03044445981857061,0.02220165577190558,0.020821555628851882,0.017411242118374887,0.015076759478773209,0.013204577903638546,0.013764653929058452,0.019061399872018086,0.03080414348952748,0.042952493067509076,0.04562552016125672,0.04745949224370946,0.043882761351901264,0.04752303887617661,0.04722125594125854,0.04363577180240185,0.043167116994062,0.04766766460880476,0.05601188720567626,0.06172492514522635,0.05537628607609788,0.0575553237321602,0.0435204630409889,0.0438240450716862,0.042643216503891676,0.04194831664910327,0.038920569937002165,0.034212324890620545,0.030417930953928436,0.023584607729911358,0.019337953643143085,0.021215350932334412,0.021528488031093685,0.031039598040105976,0.03588000061367117,0.033189507164560005,0.03490470359397071,0.03908011484568899,0.03246292320511721,0.029203605268186994,0.029772125237261766,0.03542068001479342,0.032207831146248145,0.03136971333314631,0.03600383464488534,0.0407267646250802,0.04526004592381165,0.0453159499879932,0.03737700198158626,0.03496856330569847,0.035771048299152876,0.0339460109829364,0.03207230704412066,0.02682044797663207,0.024051735070879314,0.01669290016486899,0.016186370301063232,0.021911949272036355,0.021200897077945282,0.02405589752826031,0.028291637096876474,0.02475586340447238,0.023598416500484255,0.03215305078884855,0.025014808381715745,0.0300521732784577,0.0317997029525902,0.02993255907700063,0.02835220393414628,0.029782868419655363,0.026904614340820362,0.034537002606185176,0.03623846088507154,1,0,1,0,1,1
0.018845677924982464,0.01916952797594342,0.01666616949433084,0.01846626010156803,0.013749819256940483,0.012994717267490016,0.018518966990474322,0.03747271263698725,0.037749924207643205,0.04440089396706121,0.042200981955526164,0.03844576186905237,0.0420321456543658,0.0455926321889023,0.04674782656066098,0.04879194425589418,0.054599392265494,0.05457857912850391,0.06481410954644451,0.046970699420336395,0.04252961349967582,0.034153368200702715,0.02862004321910528,0.025246011252522977,0.022623477554964334,0.019724160612079815,0.01779309727307609,0.01662601346660649,0.016029520883752514,0.018290631443972208,0.022652106066068843,0.04027948388224947,0.04413015917057101,0.060508762896501124,0.05181820540189896,0.08906099175222436,0.05369500928866441,0.0429017434750038,0.04467211630736023,0.04062586606691263,0.048918488350289405,0.050634162202171186,0.04757252109307231,0.03880463047708868,0.033291604631932266,0.03410286432142327,0.032386652727916736,0.027645319218717688,0.019650774484482277,0.02083852321957244,0.018503218836078927,0.0163700855093527,0.01567836375994469,0.01789410602161928,0.02446633076146801,0.03263822797859846,0.04724583317746783,0.04787362778674355,0.040460603678392285,0.03905162124695736,0.039547656937278755,0.03823610390378007,0.048047446702559886,0.041445965388298395,0.04476625160410676,0.055020834075583974,0.047427021684210854,0.04542162099489033,0.04049225567013903,0.042518052868002046,0.0346224795768767,0.029424515539414144,0.02056668483341357,0.017636551710550306,0.01703341783674034,0.017560730887896916,0.019426827055114653,0.017678296411368023,0.02625714870735742,0.036311339367986716,0.05607969372470241,0.05499770846784213,0.045394099700156135,0.044769942889530075,0.04679609570674068,0.040761015831476594,0.047003999262083325,0.04281506244431165,0.04992990406875627,0.05252600053738586,0.05915820864591948,0.04934725777101268,0.03943601784927395,0.04379737985452292,0.03705753014297431,0.03818056435621445,0.02765622494837027,0.024361628046002518,0.02090977977956807,0.01919416496477486,0.017213229570321155,0.018849423158295922,0.024789073880763884,0.03599495115107623,0.04827085829851343,0.05339235972026562,0.046342339699957845,0.045602139653688326,0.04626912037353079,0.04565718306177305,0.0453355284551454,0.05079536165646581,0.052368275655552465,0.06389936505330844,0.0793931143868439,0.07251616914586181,0.07550020702273767,0.05311777363346153,0.056931114335349225,0.06217100009644886,0.06123712585938822,0.06283150068331166,0.05987202973365971,0.05170712873804343,0.03772921839705554,0.027736500152892904,0.029764289633350458,0.02583116274047703,0.03505453388408586,0.04242875730305232,0.03805129868442774,0.03806022533982445,0.041610636932857374,0.0356139309063736,0.035526034235184835,0.03553627212696105,0.0369582625847185,0.0343746061920609,0.03727882986554868,0.04340113190672081,0.05569691203926097,0.06627618869610462,0.06286574856312734,0.05261840902536275,0.054080719771334475,0.054813013786103815,0.056750697711801905,0.05082518399046306,0.039428078428512384,0.030131596071892277,0.017930626516774947,0.019247150127557424,0.03207192486043904,0.02593554946067554,0.029602838555826606,0.03135359251297385,0.032149569794891884,0.027742185968884905,0.03217145522098297,0.03259273036199203,0.03389631208159099,0.03349188262379339,0.03758214842470081,0.03421102892140703,0.036172503617742886,0.0328197623236848,0.03495302225777635,0.041100993613556625,1,0,1,0,0,1
0.016620533211174682,0.01638697341582716,0.01421920677839898,0.015575857233784128,0.011729653771893944,0.011272773335847431,0.01624500014507831,0.03282478314250879,0.034460826471079925,0.0404078837044501,0.038179697692709076,0.03462861644033524,0.03769057255913384,0.040324405817178714,0.04103889929657047,0.04305219802264451,0.047597002026516594,0.047455735407769484,0.05577961085179368,0.04066421615618148,0.03656337076121548,0.02966241629275573,0.0246391530098471,0.022035419524787245,0.019752599767670676,0.017056853135865944,0.015263412409226925,0.014257805326110502,0.013806640010929672,0.01574262019240113,0.01971278408343526,0.035967833906463326,0.03938778887937023,0.052632476361081336,0.044673922084018144,0.07531703890337871,0.04647007156200956,0.03822721713681847,0.03926515817803966,0.03586861348365591,0.04319514022261001,0.04461485941992529,0.04165523351406565,0.033997415512248004,0.028712593486064,0.029146041340923506,0.028134467642620935,0.02447545704975953,0.017079222894110048,0.017894440532267533,0.01597449234533117,0.01391014450727398,0.0133589178573628,0.01535903041963572,0.021094792854434958,0.029096563051870715,0.04223511532073567,0.04268850230034709,0.03569526553146054,0.03474881079021768,0.03494964242080179,0.03408030462116958,0.04251704441497375,0.03748220565367818,0.04002436706985989,0.048733364807939085,0.04178187930792826,0.0394725199337869,0.03494870369087826,0.036636789800406244,0.029779689793916708,0.025486739287695924,0.017771097934864942,0.015132287974298558,0.014490522552045507,0.014870641785504847,0.01647474953101478,0.015267287256986327,0.022700053815652387,0.0320589177055925,0.049636534845682964,0.04867988013206559,0.04027125488401529,0.0398642634846551,0.04128472629842374,0.03642304238871891,0.04164625231843084,0.0378906777541445,0.04380083323085254,0.046003314880730874,0.051810116139833176,0.043124525143329095,0.03422113173936143,0.03754881654880414,0.03279179840836488,0.03293973903810641,0.024402304299857465,0.020973455358291673,0.017937888741414908,0.016604954686488996,0.014993589139595769,0.016471741977090944,0.022101923905990292,0.03193819752774323,0.043338548531700626,0.0475078180130412,0.042061431835432435,0.04050373605784505,0.04100173276019496,0.0406883097342598,0.04050638799635348,0.04508452225433533,0.04606788867180864,0.0562799291181725,0.06947296475520448,0.06350046946219116,0.06605133147516343,0.04539181928385378,0.04825420014342096,0.05237718930804639,0.05159120712209957,0.05265700662874848,0.05020742569496227,0.04328635138042632,0.031764138198335956,0.023498085661279068,0.025188084132438136,0.02231933289692456,0.030475212773628413,0.037393390336380394,0.03342837675238469,0.033835646167564654,0.03663534306897569,0.03151508706487878,0.031237278702792914,0.031275935282048396,0.0321230347384761,0.030000245269022268,0.03259176996368553,0.03746988966825603,0.04788712603906805,0.05597707212467313,0.05368540845425945,0.04515859889384063,0.045900750332315304,0.04686101721640009,0.04758308167694669,0.042483331188340974,0.032979435840348445,0.02536326437776943,0.015454976067871681,0.01670155203122615,0.02731903399751822,0.022633101718241858,0.025507781135162062,0.027035758355822753,0.027931764282754436,0.02393564689007943,0.02877760659603982,0.028701991536936637,0.03001081285320928,0.029858592739346004,0.033456771210035284,0.030309215766438663,0.031418260806326155,0.02833909231232313,0.03014243264942665,0.035150979611530624,1,0,0,1,0,1
0.009962963107812967,0.00853170614424596,0.007112313462991234,0.007421332835665402,0.0057538369589589045,0.00581107140084011,0.008995710993476519,0.018948636327905163,0.023109781218264843,0.027102431411964924,0.025115027098791192,0.022676890774691014,0.025085784308767217,0.025439377229254732,0.024971689326171116,0.026714835816408475,0.027132892411666443,0.027069245426595376,0.03142929903926756,0.023373859527659396,0.020441698551978273,0.017541072947643652,0.013782133619071301,0.012821771801635353,0.011715432547989362,0.009645862383700628,0.008091523563180216,0.0077175051029800025,0.0074139002943854684,0.008255230022023309,0.010886958898902342,0.022948223583883747,0.025149749999245533,0.02987976305586909,0.024966052169911566,0.03920198076783732,0.026651670613551524,0.02462800665178954,0.023844379825322004,0.02168721251915833,0.02652629938708969,0.02766260866664855,0.025112339489368737,0.02053514470016844,0.01721456982578607,0.016252170235519118,0.01663607361273817,0.015063843061022288,0.009897592781844227,0.009540084038058824,0.008636959686977466,0.00696445122076349,0.006655105237506246,0.007804777649571654,0.011170422356558574,0.018352153032953747,0.027213719760452143,0.026557802675004318,0.021753554962192237,0.022330485532007456,0.02195007778832565,0.022586623537514134,0.026786484745923784,0.02529668449223692,0.026025507621967214,0.030978879232473014,0.026132125962094594,0.02342521447562603,0.02022929376414134,0.020693652656269716,0.016668876525168963,0.014590380122715933,0.010035835064621775,0.007930051226750306,0.007362476489184292,0.007539322056361073,0.008347792949469749,0.008269146283992961,0.012446201171142542,0.019457718674421358,0.03043203009921661,0.030091964480261812,0.02520110993383356,0.025343049767876064,0.025525447021037203,0.023873863299223707,0.026219205905958665,0.023479241647168983,0.026162788096528406,0.027822309489166145,0.03145805582747769,0.02613980886495977,0.019944033006415965,0.020879219177749257,0.020550941256115868,0.018524934084841876,0.014890302478972658,0.011569600030266804,0.009556975640069958,0.009164661322338076,0.008305542812628446,0.009359115098207634,0.013982454286113138,0.01982434105593026,0.028597417972886025,0.030249364952823554,0.02936843100248941,0.025783265462908104,0.02607253139330064,0.026652823262969017,0.02655788812752672,0.028645310888833764,0.02836363779094993,0.03458996325801062,0.042265081282791446,0.038641090369249745,0.03932106654478654,0.024986019972609002,0.02539417784099205,0.026699284002243914,0.02589179443272205,0.025329972159439808,0.024102633699882064,0.020808751773231583,0.015552565770084204,0.011712025230957872,0.01273620249140478,0.012539018976962598,0.017686554890183205,0.022755879904624254,0.020185784304804666,0.021491220547070016,0.022847437820711,0.019574320493400826,0.019061604300634388,0.019281069902457874,0.019050169559125585,0.017997053312131816,0.019812539290427356,0.02130931943150358,0.02617587908387048,0.02820862657298238,0.028726302417888972,0.0252948939558062,0.024021894737129967,0.0249225907134331,0.022945132870634943,0.020290124203192143,0.016036270319399255,0.012720967288027235,0.008451456032677544,0.009522846485110564,0.014696489199746884,0.013264974600802072,0.014262079520790113,0.015334852121158609,0.016326910762105108,0.013390776212406998,0.01870063168091025,0.01738337860765526,0.018753457455657367,0.0192776561919004,0.021171150423834297,0.018433086775910927,0.017895660705391926,0.015860352616747193,0.01721581073638255,0.019151533499721807,1,0,0,1,0,1
0.03993320701062644,0.033136562990981853,0.02808841334034157,0.027535606886319158,0.026110673726989237,0.031206434343022192,0.03600688596086329,0.05824704547494799,0.12072322380657641,0.19766804365770577,0.2408410409713476,0.26051081399976556,0.25783038690371335,0.2804073441838952,0.2631984925910428,0.2696232983902877,0.25093306596611215,0.23675488321221413,0.21838046370843034,0.1524248957336052,0.11542841997073101,0.08762489452222026,0.08891366858677362,0.08709737747445186,0.06325175590726109,0.04543827697722988,0.04352547770523559,0.038217129131939094,0.03886013800202289,0.03981711782309161,0.04740374941288853,0.07675253586886446,0.14300145343937462,0.22986322841506987,0.26739767002146897,0.2691418973080997,0.2761829426597302,0.321746360547508,0.305517578888336,0.29017837805906194,0.2620918692869904,0.2455834254360094,0.20465632051743599,0.1555933720348332,0.13909711077852158,0.11352211901880034,0.0865119470266705,0.06608956047944442,0.05862381109045169,0.04575648342755818,0.04178966430456332,0.03794114074907601,0.037232056066448756,0.04159780948632228,0.04381908667790159,0.0658728853653416,0.1421014985362881,0.22164772096132052,0.24004565453691507,0.26784576153784834,0.2853491979294334,0.2847368539301729,0.2937910430451096,0.2665838422717847,0.25633405364307105,0.23580749971853157,0.20309299434246533,0.17289422992239323,0.1285517882597819,0.10002492627731271,0.11184877983893142,0.07002360531229679,0.05371728966573095,0.04173936051561105,0.03599849751283835,0.03573559545612692,0.032662035938042934,0.037528624356022236,0.04471258017562388,0.06356600400689578,0.14248661303675314,0.2382892130214463,0.2549832769845278,0.2615170767237947,0.26292303214872714,0.2795898478090155,0.3032413463200621,0.27928708864294516,0.24642227168797382,0.23601375884473383,0.20965429715066017,0.1580293480725189,0.12718003579977888,0.10436505525944743,0.08505120733944778,0.08363878257357084,0.06285530315581601,0.050909034253188615,0.045629990171159374,0.03917199289459132,0.03727456456315379,0.04415915900924567,0.05400608333781741,0.06958199529201921,0.13299896845224418,0.2298052812060274,0.2723232790104907,0.2900284701328839,0.27176238292683197,0.26813917040997903,0.26305068739501547,0.2407188718291718,0.23624448956780567,0.19801644389111894,0.1691195472315367,0.1287185590082574,0.09387002133667127,0.09187108252743592,0.07156735468972453,0.0637776089335148,0.05496070508825898,0.048170269676502855,0.03534495342377626,0.034079289098146025,0.03418611067664548,0.032741579666327916,0.03299875160345891,0.039029594373815646,0.05224334045800617,0.06821739589795553,0.09234911006646472,0.128072561467448,0.11484177720211049,0.11226815577061243,0.11370530974459248,0.11470987559757358,0.120663033784901,0.12776453940339147,0.10553480579819849,0.08966656400928846,0.08759716979763374,0.07868529616847689,0.07384884919780142,0.07277292149188312,0.058163998436693065,0.050415488540268345,0.035828749540995436,0.03127547849350635,0.028332210021725233,0.029096991234749396,0.029821732316777056,0.03218401454142824,0.0365417894727999,0.051745184151657686,0.07807317692923853,0.0997335015533713,0.10738803095653794,0.07690431940428158,0.08691191636844503,0.10807485026259359,0.10766821734864962,0.09745952687160289,0.0878534637972192,0.06759074827842852,0.06773486098177846,0.052758480176080313,0.05143876271020683,0.04646742298837138,0,0,0,1,0,0
0.023396673890284783,0.01921493950146483,0.015929425260323756,0.016902065038711084,0.015758134617435658,0.01735763280295033,0.01839004980865413,0.0269239127463867,0.048259873874745896,0.058151262331654865,0.06769522582113972,0.07261524120941043,0.07886381264535716,0.07923191576388483,0.07829994787832896,0.06954094774323033,0.07712714847989645,0.07098380591789318,0.07103863147488136,0.07412174282571217,0.05556571212385313,0.04244410221368894,0.041461709223109225,0.04349501278913682,0.026163617903196552,0.01872567755632835,0.016805649523447538,0.01598905145472729,0.015640838982972603,0.016233942708945483,0.018520977221255928,0.03407620172844989,0.05123631586932531,0.08387740819380986,0.07900354163556032,0.0742921856728155,0.09008229412839493,0.10728679299694946,0.10368868413750544,0.09183458768862426,0.07845801322916561,0.07717246389400706,0.07368684626107705,0.06607123220516707,0.06804392767535743,0.061408826753614046,0.0518003749132001,0.03649946445557647,0.025222810007574984,0.016745106185515026,0.01620956555447613,0.015280438490251529,0.015529059734294593,0.015860240921346084,0.018803990461882608,0.029964087470556525,0.05168731983235781,0.07265344256922816,0.08795485127728919,0.08615224314751278,0.08624815461064358,0.10954944825782037,0.08849061181266228,0.08746781660667038,0.08394873320903944,0.07987331447961699,0.07140399861770293,0.0681601276825434,0.055441587702611664,0.05425858834670988,0.04145186351340232,0.0369966317950846,0.02594708754012437,0.022582454930218078,0.019012770692778257,0.01855547615252746,0.01657226527610639,0.017645794527492903,0.019993324688133925,0.030077206785792055,0.04917633502559329,0.07550579362762552,0.0776266598122364,0.0795323907653996,0.08417616654860804,0.10378501374057136,0.09049983980778202,0.08961005575238014,0.08571524801359347,0.0894560884067742,0.08282953122513734,0.0779271654780654,0.0854180982642908,0.08047041185040184,0.06291666364291931,0.03876942519479365,0.03036764701305827,0.026578969384843734,0.021866512354826326,0.02034659923838505,0.019059808356762156,0.018544851029489266,0.02141341051592003,0.032826295742191675,0.05443875851815782,0.07581781927554038,0.08070334357692541,0.0914943858975989,0.09630463905578128,0.0993839079999455,0.1052289779528295,0.08416511601469771,0.07918230115973023,0.07840181686389919,0.07523441726549145,0.06270083552536856,0.056369881222574754,0.05840161691709609,0.04863584672130533,0.03952850482562496,0.032434844162046894,0.02969178598366415,0.01999193170935491,0.018449830936069056,0.017649654342117606,0.017736553179513212,0.01708979571897174,0.019850975286160918,0.02541022237141563,0.03753774265645684,0.05705722326165708,0.06898103249739701,0.0626595972125844,0.06767687521453362,0.07055366918327793,0.06896988811587149,0.07906407281233285,0.08014322231081128,0.06987017180680163,0.06400350483059411,0.060371092214722144,0.05921307804783283,0.05270121891876111,0.04561416742602555,0.04538666259423572,0.028356651819198418,0.02626702979728374,0.021385830438184882,0.01766219878221433,0.01925846629827277,0.017917241021753356,0.019418926339110316,0.02381875486525315,0.028806823790279434,0.03691903926147064,0.05160147901228642,0.05939620519789608,0.052678140921742375,0.06071916733538263,0.06816498399086561,0.07632800424002074,0.07448195025938487,0.05630715318872162,0.05443219137064876,0.04169189836262911,0.03870643686390155,0.03145598989150387,0.02848375847806797,0,0,0,1,0,0
0.027237319535544778,0.022407127074228903,0.01897246400515403,0.019656814800964834,0.0184133059963579,0.01959429972739887,0.021014763014675614,0.029763442400016358,0.050567418856237445,0.05946049424842106,0.06418030870222731,0.06826078436791004,0.07722005143361245,0.07902722527313624,0.07624769326817767,0.06782159663375006,0.07495531499488679,0.07044147080323947,0.07259862537167969,0.07530538789655077,0.058106800475297975,0.049877017130335904,0.046480534018681914,0.04657786850531536,0.029716723163027328,0.023640604817403793,0.021832858863288517,0.02094319573801825,0.02226735836918234,0.022191337382485306,0.023010233468910762,0.03751652009343193,0.054674974357493536,0.0805818778049299,0.07748012902641939,0.07172678059766145,0.08896429682637964,0.09677113306205899,0.09610361875197572,0.08650417893612114,0.0752978688916689,0.07459201786521985,0.0740687952641893,0.07146725529431008,0.07411697055859769,0.0651900387580563,0.060308597842615434,0.04451453107935532,0.03311064250090224,0.022645365933126403,0.021527222021263823,0.021842630424758463,0.02068044438812811,0.0206536434192646,0.02372963441590902,0.03513266998142313,0.05533048885424449,0.07253753722333646,0.08453971935110709,0.08140233700318954,0.08139408110640067,0.1033125560865994,0.08274252385780344,0.08338157928928841,0.08091122666563408,0.076771409092794,0.07320870604780368,0.07137891699680439,0.06046313101275521,0.060950173681017614,0.04599543266423487,0.04354623303114846,0.03242894477285258,0.028562097213008893,0.025478095712313423,0.023753023633888648,0.02151993522155092,0.022337464804805827,0.0251063563860337,0.036064728920997664,0.053831329316181974,0.07353950626901551,0.07267876139571391,0.07414564715291691,0.08165732710138536,0.09999786409306174,0.08338893224192842,0.0858066895766408,0.08056945339876322,0.08409125749057035,0.08163084327256492,0.08252606455228036,0.08837901641039335,0.08213408994501074,0.06774183357857096,0.04428994480344181,0.036043503932928156,0.03252767292946918,0.026021924959992226,0.02504163380239977,0.0230748885767295,0.022805336791704996,0.024329225533509434,0.03761247027164915,0.058761105175618354,0.07477837050999069,0.07535484233424682,0.08682404551526077,0.09268985005195658,0.09669216647619124,0.09762631752349035,0.08308134823609037,0.07819163480559375,0.07858547484215486,0.07601872596338238,0.06448461775870899,0.05878157699856915,0.06060269473506948,0.05338244875120641,0.04708727211153971,0.03915612223475846,0.03351879800779332,0.02321323851639471,0.022712448982208512,0.02185782620658277,0.02155551931563877,0.020874330515398956,0.022745387825951986,0.029406370741558045,0.041769776202796025,0.06241108533383136,0.06952129189271791,0.06504732598453912,0.06695474099568512,0.07153436302133169,0.06863170948827123,0.0766961337633662,0.07607371813656395,0.07187663073635472,0.06520702894615096,0.06510533912874868,0.0645395521860508,0.05890561036241271,0.05136637154606111,0.05024649541423572,0.03124640240033534,0.027709380433543276,0.023988908096944192,0.020684397381148467,0.021407689144700485,0.019872062999118166,0.021937050875049963,0.026181383046804167,0.032196167894553054,0.03967341863789263,0.052037700520361274,0.060100204658117724,0.05459004318888473,0.06327984593631898,0.07168196930933723,0.07567301693365887,0.07225832193216654,0.05984585551148328,0.05818268676380877,0.05003409812075829,0.047090186713247696,0.040056793753615795,0.03393872393367007,1,1,0,0,1,1
0.15632641444197937,0.10360959433467777,0.10052339769998188,0.08381739906847402,0.07569823014763077,0.06964565678797803,0.08112742226937288,0.11993888626237398,0.18835580957530892,0.20680110037756466,0.2002937187089499,0.21250892852655498,0.22406788544331646,0.25609529082866084,0.23798930268098561,0.21532608457868013,0.23766853920892228,0.23904293464138274,0.23111161124441956,0.2275058076777215,0.2379193224715558,0.23568554205792563,0.24418161657207887,0.2310718680316598,0.1915363779980555,0.16086620838613166,0.12165659242729436,0.10634447702865737,0.10426252083216048,0.1003135634857059,0.11040965916604101,0.15425437639198297,0.22587362412999837,0.235527287539466,0.2452219481016402,0.22414136154620978,0.2875256968912629,0.2617191106470915,0.24375801321606488,0.24341088976164643,0.25218239418941385,0.24443816120877962,0.23132352052458566,0.2501809018745692,0.2491709728668673,0.2506564816639859,0.2529955045340678,0.2242529356820648,0.18826429127134456,0.1407679596069815,0.12981772134019767,0.12890818245609265,0.11140134253775393,0.0954823428242204,0.10422260940392579,0.16219275124803859,0.2178690280515016,0.22741354806050712,0.21901394283996573,0.22567601583422375,0.2321406907248021,0.24817968097187856,0.25072057932299013,0.23279812915655745,0.2342040881370663,0.23729360986338538,0.23281801046212447,0.247446005895993,0.26374572468032337,0.25302207834368695,0.25104956328275924,0.21078943551449758,0.15531923526044272,0.1396738419951576,0.12340231135164692,0.11097243190881086,0.1013200337458148,0.09050854089337368,0.09678422018824141,0.1620947660347503,0.25067877083214285,0.24228079069440678,0.2321957240821014,0.225218277154943,0.2522729091998724,0.26023365023892764,0.24016063207365557,0.2512756957392975,0.22361819592844995,0.2529653499726032,0.27282697744038,0.25206108162789614,0.2477544663905089,0.26205997023939764,0.2714716348587712,0.2252180723882307,0.17889649504793403,0.14751059017832874,0.1182941631701544,0.11968463144702093,0.09705361564436565,0.0992484287018961,0.11644621096618236,0.15682258003209615,0.2165978874555602,0.23579836463544593,0.2273285568415023,0.23933659116968614,0.24671047628359527,0.2637764395100503,0.2343396030861839,0.23406754566530763,0.2517000631906258,0.2332090332524703,0.23661609756951119,0.22389667685112183,0.22536586186695873,0.23588928530746187,0.25867514597446345,0.23333932908078953,0.20700025127700808,0.14380163684732844,0.12664542291696038,0.12711310904424492,0.0992103641050116,0.0961787767109306,0.09785345802607048,0.10608381469930421,0.13041900374449134,0.1523460156734863,0.19523067352679846,0.2064388398573979,0.22340418671468945,0.21598139544600253,0.22571800338848488,0.2386310241898124,0.23058101330712108,0.22523848867340424,0.23350256331826008,0.22177196744294278,0.27092960405650546,0.28556696146619476,0.26780644439697743,0.24905205776138534,0.21125311142001682,0.14596577124522148,0.1062638375672327,0.09934611319878099,0.09671978954615426,0.09938090217940512,0.08244799133442908,0.09244782023731082,0.09935698016770976,0.13037069397316936,0.15540568280694012,0.16893813587987627,0.17577513512918846,0.18172095887681997,0.22873322959721806,0.2214551517427831,0.2021811134999831,0.19404597779679741,0.23027899292883613,0.24167187234070364,0.24049961112826687,0.2565154193981401,0.23977472854940177,0.17969695788124734,1,1,0,0,1,0
0.27883607090754825,0.1893556025635724,0.18160952410647885,0.1524539542887316,0.13568457282065718,0.12481460768114094,0.1434209167626353,0.20554646431967616,0.31541589268367537,0.3391206034066837,0.34113204264737534,0.34992700109736247,0.36537337982689416,0.3985515284990437,0.3818259460363734,0.33989340253496236,0.3794669691270219,0.38867111181350056,0.36232023967556254,0.38059741103424566,0.4109960305154602,0.3956454256210092,0.42791722603263954,0.41670113425554944,0.3387674815163346,0.2766822166843298,0.20774623764689432,0.18093264515321852,0.17318877728222237,0.16662768830931188,0.18876617923122557,0.27158894593475247,0.38349973508119206,0.3900855749247964,0.38052953810880846,0.36019345319588975,0.4559281192018347,0.41966416032319886,0.38711226355819484,0.38589666488838353,0.4031149615667761,0.39043826213787935,0.37858389172478946,0.40760996059154647,0.4066697169803606,0.4178946068221492,0.404381394079235,0.3696801504656159,0.33174995012922065,0.245248882506033,0.22883067217524813,0.22144653523592742,0.18919727890338622,0.16184650094854833,0.17705851989686036,0.281188017327153,0.36785653586661005,0.3714721998573947,0.348676444574633,0.36480791329584333,0.3701041839874239,0.3966733303515747,0.38985069353990354,0.37972527115320764,0.37377558495365887,0.3759765248718941,0.3607958860640478,0.39880189738633287,0.4457069711357812,0.42445906632925845,0.4201831929949568,0.361844236460926,0.2720486858147979,0.24503378614972382,0.21023226173513732,0.18692440414734793,0.1692856664445118,0.15089477877325572,0.1592108969264144,0.27404920672607574,0.42335645256313853,0.389658834159903,0.3839313372656081,0.3638539169058064,0.4019787352875605,0.40116156952302695,0.38519619716433956,0.3878289119258573,0.3509501536699578,0.4133767131718451,0.42915703301216357,0.3988840756001836,0.39575789647861204,0.42540111023972793,0.46894535059229825,0.38630481373696385,0.3107128410540267,0.24924112961720835,0.20488863084540493,0.20180283770584553,0.16400353509085616,0.16570685467781482,0.1986923306196695,0.26948252186894145,0.3541274098286504,0.38058902845950693,0.36303854865990476,0.37900123524772206,0.3869890947955637,0.41108668927233305,0.3764444706746851,0.37842062440650975,0.4003852379182781,0.3741940636959019,0.3835310142339221,0.37497145086352757,0.3870707043902897,0.4044213124185293,0.4365306442852815,0.401694258763548,0.34016144412338,0.2525348368168149,0.2249971274296596,0.22212745950138318,0.17358917032290144,0.17138514131942362,0.17377402045689677,0.19261044695905863,0.2255819358768192,0.25863286178502165,0.3157413599236402,0.33295755452567793,0.3489832769017204,0.3480678764954126,0.35727514204066046,0.3861818974633883,0.3840342093604393,0.36634382382127356,0.3682997064206941,0.3768532176378241,0.44586745826946983,0.4808182578483775,0.44318020770974426,0.4151071776675606,0.360085128867797,0.2603482151921533,0.19059084717038582,0.17627489931957907,0.16970903284477176,0.17179753822860605,0.14228219646085913,0.15222152483910453,0.17520096437072405,0.22844406605259115,0.2569498750549554,0.2702122842097072,0.27698844932915306,0.29604162498943926,0.37767752199143173,0.3417090817811143,0.32066463239397675,0.31661700481034116,0.36275245615923757,0.3968994122656028,0.39423124173520013,0.44028980051358635,0.4114367995925884,0.3223241285828381,1,1,0,0,0,1
0.20319557039638994,0.15815934486343858,0.13954491371032707,0.126282697481249,0.1154281996933194,0.10890046439898633,0.11258066776129524,0.14678850334388835,0.20065438602668667,0.20560300229417147,0.230147739255476,0.23383705206913563,0.23271371095600135,0.23763223024344607,0.25105421849081894,0.22725906194438236,0.24668499501277122,0.24556252811946838,0.22205660037966204,0.2657534739532054,0.25955232980733967,0.2897954199303195,0.28017846456990075,0.26144142464877224,0.2103459431038259,0.14972951945858082,0.1336188109375768,0.14490861219547022,0.118170184540509,0.11216463573246203,0.12471220801657262,0.19106513887269372,0.23394941364801253,0.2589371643574917,0.21843730609985298,0.22186897710632497,0.2463310075719905,0.2521987492822943,0.23665630428568232,0.2241470592336752,0.22068676512680666,0.21129701808484747,0.24994549910299738,0.22848018122079225,0.26233298807142086,0.2508181925004857,0.2735260347933861,0.22735292303510748,0.21476315802737558,0.15974672527741676,0.15998312369407613,0.13685055066933735,0.11261319288549015,0.11281294558902664,0.12006598940048548,0.18628383401047413,0.222019519913202,0.2713182797177511,0.24946728209347038,0.27382257041460617,0.2513916296152212,0.2845431610543096,0.25891941469163093,0.2592350052499367,0.2444459185158938,0.25105873277515495,0.2418864736016127,0.22833012781162756,0.24913604812300658,0.2791037254445241,0.2548686671090665,0.22761530809356095,0.17545620118749716,0.1559046331815601,0.14593830666088164,0.1499681219524088,0.10122184046976195,0.09735667180182309,0.10570323168213157,0.16132222158185278,0.2232363775502138,0.22267070181748638,0.2441655943529362,0.27300876435238647,0.23853392511609542,0.24498955255495675,0.25120881182571886,0.23801013067066135,0.23245177248992258,0.21754305531368334,0.21004087339646774,0.23477865660050073,0.23975037977700975,0.2709247526060229,0.3060717128272077,0.231318728210268,0.184340039612939,0.1854252144384575,0.1430583654449559,0.13035058473177857,0.11091738765536502,0.09943512667010827,0.11672738115001044,0.16361540788862103,0.19074555610621832,0.20816540702286784,0.22171662134245926,0.22258973223578377,0.23939318696704678,0.24211397106244853,0.2494815262170135,0.2630581366706883,0.23774283299555468,0.20576333861156398,0.21045052484708265,0.23692507895483086,0.24206117084307424,0.23589406458994022,0.24785605836103214,0.2500366454429222,0.19744042101154716,0.18330119604475684,0.1665944185502654,0.14305806848397853,0.12809105979166951,0.11518124854832726,0.1176505749806127,0.1351459350130086,0.15677844554590922,0.2090095358574214,0.21613998035276435,0.19558465868510158,0.1891841752110658,0.2410360664878828,0.21436907058967128,0.19738448974927048,0.22298504485215953,0.2253210952411923,0.22832373732230588,0.22354636955762566,0.24003656753107452,0.2789271617395868,0.25904820539509826,0.25674137178192913,0.20094172965397689,0.19062219224950513,0.14296199523290987,0.13766851865966548,0.10920463407225334,0.09512778970325927,0.09189405952167544,0.09082244811127112,0.12904812536219104,0.16615578935819997,0.18497147689241744,0.18092205337041137,0.20215187935912535,0.2064129877334434,0.2121664335220964,0.21939841166115165,0.22503155146154546,0.20866684054260604,0.2241259341031282,0.22167614236032782,0.22507286855749184,0.24332470747725654,0.2342800657439287,0.21707520422779902,1,1,0,0,0,1
0.1339682702735994,0.09999730808936114,0.09341843916383101,0.07715876050539723,0.07059458141111562,0.07163637155128513,0.07807219930999909,0.13138054311882302,0.14377066319317539,0.15095823166986808,0.16746905329726905,0.16016830455337266,0.16193605314464463,0.15906041892596226,0.1566644650436956,0.13856516272009478,0.13042611908616702,0.13725201723378042,0.14085364550286877,0.146101066013145,0.1465869292189104,0.15719654357873059,0.13666969082901492,0.1449178831535595,0.11502793763456687,0.09236279983690578,0.08940501162817953,0.08423853320107576,0.07197345312530601,0.07098298251336516,0.07924163845028141,0.12207448743404103,0.15296143292666808,0.18442123659909712,0.17878707086648993,0.16636446034980906,0.16877168932022907,0.1682062696741256,0.18055920312699486,0.1549360456907843,0.14436836922649576,0.14935249067824283,0.14905034595702552,0.15004216050728564,0.13848431036551387,0.1338170674167308,0.16502363315784843,0.1456530024514528,0.12358822606608272,0.09667085745052782,0.08787958191249695,0.08246373295296065,0.07334066406635271,0.08053688071184752,0.08260451010760718,0.12736619180736852,0.17709401931232155,0.1958151227326079,0.17504656451102843,0.17658475222798373,0.17338208921579767,0.16357548224440205,0.14928231878728226,0.1347969468828454,0.1292482994435553,0.15642560925813523,0.14435865648610727,0.13733157303480417,0.15418528391459715,0.15912555809329992,0.16490995544271417,0.14300038047399066,0.10849307698777418,0.11443047000948328,0.09335098569767503,0.09750787881909423,0.07544402859183075,0.06963874396720222,0.08427326400108923,0.12207016248922199,0.14510944563232067,0.1716443902602672,0.16156823398058376,0.18022095900894208,0.15238714602464215,0.15720976405690631,0.14461204907396255,0.15359562221244447,0.13402188286896047,0.12626086495578204,0.15658960317302376,0.15083991672813818,0.16256415500738478,0.15388893734067635,0.13848644894708115,0.13125715143946773,0.14119705152743608,0.11254633828919638,0.08886871417895836,0.089287803930682,0.08157542577829958,0.07461673222772987,0.07999451522100075,0.10680344612308341,0.14708695381489562,0.16867120711771366,0.17136593161699568,0.1870148804259694,0.18175382754373062,0.1704312816267523,0.15556526177847818,0.14658430424364055,0.13672462471928618,0.12309226543341317,0.12627852458994612,0.1584627192076092,0.15252824721363695,0.13878578350767867,0.13608302679876458,0.12362225012354569,0.11961076620314974,0.09498353870000995,0.09097192918531581,0.07866253014922524,0.07521799949065669,0.06307070573252732,0.06834472461441242,0.08735732751558484,0.10660606166042078,0.13674932415977195,0.16321114658787378,0.174475238527811,0.16393130783066376,0.15893431175852737,0.1755431123113684,0.13535192162999746,0.13477077370928137,0.13320584861780194,0.17872489081478826,0.16861570881085397,0.1584859041338112,0.1551094223124397,0.15030040671351616,0.13641561582661035,0.13698826715732287,0.10359975341322136,0.08709372906342261,0.08513263817017948,0.07150854610196412,0.0688566215285122,0.06794551216271996,0.07569788154954703,0.09613307666171177,0.12404892259739274,0.13226461498084832,0.1169826226378409,0.12748326995165535,0.12621762965794223,0.1370296424774702,0.12764705744869245,0.15815038366556328,0.13344636784681918,0.14506866666322168,0.14323458259110558,0.1579601146407068,0.15981549583814503,0.15848204874631316,0.1415844211347758,1,1,0,0,0,1
0.1302549410340485,0.10268742168090002,0.08856446546894373,0.08114339248516086,0.0732681294998364,0.07147307095831412,0.07952249271351859,0.12318819927128402,0.14818308415298304,0.15073274811150109,0.17098577191777145,0.17798062239650772,0.16174089402850292,0.15726352566150834,0.1480535535471598,0.15203002828357437,0.15363261561537747,0.12464052846355941,0.1274594751353206,0.15451435928147123,0.16694098420654044,0.15238626241862688,0.14280454600338463,0.14706236707797687,0.16716343522637747,0.10478994157284113,0.09747271555248894,0.09119373913184124,0.08842170218261296,0.08331152800168846,0.0869039747955619,0.12219205912652378,0.15526317220231745,0.189847529597101,0.18154622375103616,0.19657152615617374,0.17908812553953588,0.17251574910876738,0.17657855664097405,0.1640928917496747,0.1484146645073658,0.14841033524481395,0.1566097774216031,0.16103199554573702,0.14172424023403685,0.13205347013610547,0.1583545829519993,0.16913777031721772,0.11938794888762759,0.09467316492806367,0.08448073935072396,0.07957975133918808,0.07707821054371125,0.07184165414447233,0.08462200813431336,0.1341231120763978,0.18177279692283996,0.19115322769953474,0.1965022717311947,0.16369559427334598,0.17189183987707538,0.16584869755467108,0.16220886793191452,0.1582178614163524,0.14601413313094996,0.1413967113532536,0.1475484792627831,0.1434291849016577,0.1424652683530866,0.17047678389236173,0.16842030151068443,0.1494835420437234,0.12794176512676678,0.13420822994967233,0.09125279273437599,0.08745880201756963,0.08124007930619694,0.07912325866545529,0.08962445343092819,0.12606539131132263,0.16215995612934334,0.17460730759289597,0.1686283156569709,0.16909558827916382,0.15505589027974848,0.17125973246744622,0.16819780615187235,0.16542522509803897,0.14933077950003112,0.14600254007486257,0.14491172139157027,0.14672627524466308,0.15250035421713043,0.13318227672180202,0.13715285970691868,0.1390233405125532,0.1276950570728693,0.09857612141400537,0.08997981917560546,0.08587930157184512,0.07492224086634387,0.06842417602475935,0.07667177666069917,0.10669229483382378,0.14910809667640756,0.16277324481045888,0.16643129162387502,0.17002418925399648,0.1656165289542756,0.17546013748165115,0.14907705081152342,0.14078910338390732,0.12951273078674838,0.13504995007666915,0.14014922428012136,0.16005016581225978,0.14493376809607486,0.19870676577593666,0.12909544615607849,0.12769041011937377,0.10978077114178268,0.08325928588433779,0.07991110236005029,0.07651392251774737,0.07577429663214967,0.06771705506575068,0.0760319581000557,0.08433714198143123,0.10218201366893555,0.12971443973344932,0.15205630448654836,0.1660087572268309,0.13846611823690635,0.12463976652570147,0.15302036370394506,0.1321517498247998,0.13346320637391443,0.12266284099373792,0.173222213215693,0.17485524075115036,0.15624072894051177,0.15415348066324927,0.1508951868385188,0.16842642602929378,0.14459966129333107,0.10775961776959149,0.08204822118166927,0.12966363437585232,0.0864426410180389,0.07711092004519189,0.08415478738232508,0.07766408118484469,0.09278847658821783,0.10539537472495694,0.11526297658354256,0.11855277269255667,0.1250722914152709,0.14022223081747243,0.12121859954775364,0.149616006499352,0.1628021887914651,0.12014908920341678,0.13437967673011975,0.13830252198734008,0.13828218133351802,0.15612170797243435,0.14750137020814716,0.14964026837557118,1,1,0,0,0,0
0.08279352923449713,0.07503662421305392,0.06528339686096397,0.06361965818400814,0.057178410577466365,0.05242945007930825,0.05376810476708422,0.07330323245185974,0.11072321085224912,0.13150660993061583,0.16064627979682178,0.159934275293818,0.1510313878844266,0.14934880173445805,0.1529509509090237,0.1495488839426372,0.16527893243397823,0.1134675474333899,0.10682167690398527,0.11108915455688059,0.11541022704538521,0.12379645597650621,0.10227981088510177,0.11615954592144133,0.11115075599053792,0.06758040690337577,0.06582421814489445,0.05969197727239369,0.055129381080444684,0.053269709714140454,0.057813991295065724,0.09275157802429339,0.10824399197379184,0.1470827447895444,0.15973483378584355,0.15128760028012533,0.16763056505423038,0.15036166859151667,0.14817256732807593,0.1411452438996551,0.137802460528604,0.1180631284832434,0.13975542245850167,0.11489861417031931,0.10207984997989109,0.10218997996659694,0.12225146898033443,0.10875339024871374,0.07150967440282621,0.061746027671000625,0.05673881216362558,0.05154305158651021,0.06154210931987054,0.049633383275492535,0.058153137626708436,0.09016349802252324,0.12620572069501446,0.13579610808871992,0.1464079830786441,0.13611290625881783,0.14124970652373167,0.1460770859033077,0.14055224278784392,0.13656143182351282,0.14527378936922547,0.12293853548829876,0.1141493104758803,0.12042283320958451,0.10129416800152674,0.11960156425744932,0.1515558773778901,0.10275556613277408,0.08680523329256269,0.08101031284686641,0.06344821559066091,0.0584864196181472,0.05214587494018174,0.05268146472465755,0.05721386751941415,0.07801285173324914,0.12348252898509436,0.12985218007730323,0.14109811595340616,0.13596327142880876,0.13734213754934219,0.1475141234570104,0.1422180130082422,0.1484350641429773,0.13931627730578555,0.13069580806720038,0.10832786799883204,0.10386849179845287,0.11507525887096125,0.09164411685837401,0.12084069751208301,0.09398527026142751,0.08126616008773735,0.06432712636904192,0.05508714324809312,0.05157790523893633,0.042551773164607926,0.04134586352544919,0.04575327735479459,0.06825935283797992,0.10138763287660557,0.11648246298351524,0.13071444591011921,0.14473301112725445,0.13815330454760932,0.16783592503291359,0.12027250985517882,0.12790121607451424,0.11414577593983685,0.10530983898700579,0.10552826346002449,0.1089466997745911,0.10529518217273227,0.13197789724131895,0.10180347796335147,0.09705787372248022,0.07708026714124096,0.06539068720667021,0.06181152627493059,0.060569292651020165,0.053816685122849324,0.04850956961773163,0.052809165949698846,0.05526545916179822,0.0647201572875204,0.08043122590008352,0.08248215004217617,0.08407606238419953,0.07647861129153552,0.08285591134590965,0.08148147492133177,0.08742996931548647,0.10082940711194509,0.0979358989759463,0.1020363922805901,0.09722118421473203,0.09402788617184142,0.0921710142067607,0.10060341073260583,0.10756950829946509,0.08859416645446617,0.07641940784191838,0.054533469949909485,0.07518494941616093,0.052973637024210714,0.04956368530081662,0.05114021199857417,0.050953306755482396,0.06131707329624006,0.06855648638806507,0.09067818486377324,0.09183127688988224,0.09026051614987898,0.12620490055887157,0.08862599882362278,0.12040340465156274,0.09279509039101043,0.0933809429012443,0.09965295535350444,0.10804825287964549,0.12052622039982336,0.1260085624062373,0.10832215173990797,0.10742335253239092,1,1,0,0,0,1
0.05276322739085281,0.037677910239831434,0.03392514826254919,0.030624935983677656,0.02791717872042832,0.02735367361651393,0.03407345710986071,0.05096272410625851,0.09531825786715736,0.12340253252694335,0.1618317571564129,0.15244978945422655,0.16466473160819836,0.17144414415477824,0.17002999202557934,0.14666672654300866,0.14057380670402972,0.110118117726141,0.09440691470828824,0.07567493531937199,0.06625047148059209,0.07159039249540064,0.0663342847179338,0.059994375200097295,0.05033436074583426,0.03851051029991456,0.05468175956225177,0.03202449009436609,0.030047292326836814,0.028368735349803158,0.03627949026870008,0.0547960168704973,0.09774589519126271,0.1438383826984545,0.17304278698674475,0.15472781689678916,0.173891368977312,0.16830650385582233,0.15862961347142968,0.14750113398435952,0.13165625771670836,0.10952351128641125,0.09944192333088642,0.06855108699490794,0.06374001110649344,0.08380325480468405,0.08678128848020002,0.05297981965175375,0.04549590669273579,0.03814343709892277,0.03482969980814297,0.04054486005675162,0.0278557666637728,0.025595987119206975,0.031529575422973244,0.05118544185071271,0.10537354821413694,0.1370435051023246,0.14926696457741273,0.15798927079552555,0.1623345034741109,0.14580707535968448,0.1388549255107606,0.13608565941861084,0.11856293169751478,0.10202296602202021,0.08723859852492762,0.06988408348229364,0.059362592751736956,0.06321211413488227,0.07694784627714668,0.05858097306384693,0.04919209767390826,0.03781752417923114,0.03382914781820226,0.02854368133545553,0.027607401665288654,0.028358451242902667,0.0343498972653209,0.04911197146543005,0.08857271482201273,0.1391885456607541,0.14622538982216227,0.14989063668880287,0.15831886480809967,0.15696566253327593,0.14521152212952493,0.14029406671803651,0.1236862051875006,0.10926076046975569,0.08880867154169446,0.0857102575242093,0.07446182107331219,0.05811676927104943,0.06718089348939636,0.05302348155014436,0.04862901185201543,0.040600977387069866,0.0287677513594646,0.0278465640678396,0.02415393770768814,0.023855850460185526,0.029479592661089172,0.04338416587151158,0.07878651363045107,0.1324537223644134,0.15200271479057403,0.15146129687637344,0.1383032597309164,0.13804924628150173,0.13325386284124294,0.12432421296547276,0.10484322629525857,0.08509639436953968,0.0740337630099668,0.06706871124963466,0.06796810910076195,0.07794980292502145,0.06617685150408678,0.057779951727672016,0.04200638189727922,0.045132078055008865,0.03868825108055497,0.03073200668754806,0.02631505875926638,0.024709251957430605,0.026661138326845992,0.03181468521958655,0.03547928034743074,0.05048251672759983,0.05320206665078009,0.04919402714074797,0.048646804644077925,0.053881509779120776,0.05958478808458318,0.06450489650677566,0.05576086845825801,0.06801978320014504,0.051483894872134124,0.050235622982531807,0.05224668678824021,0.0466480631181809,0.05082468125395458,0.05575297994167612,0.04148890249527678,0.038612306296308394,0.031613759227892356,0.027731856487275674,0.023349187543861834,0.025180643825114438,0.02422292747059715,0.025963719035266983,0.03273242420709616,0.0366648875851392,0.047561453422365695,0.046203598724378014,0.05511815030602158,0.06337964603400592,0.0560811085326342,0.06485804630919823,0.05476879109267224,0.062467513041826524,0.057863619921802424,0.07256710062015982,0.07772679953414534,0.07450823285623777,0.06877663180340712,0.06437464279000185,1,1,0,0,1,0
0.01499647216376537,0.011796146828323079,0.010609349694820991,0.009663036568938448,0.009460349596248564,0.009819321135488498,0.012050972743039212,0.01922067896867371,0.03988868569895906,0.0537556600193683,0.06527712838983082,0.06571354352227542,0.06971795958422168,0.06636128923627732,0.06408510595706299,0.055050464742495836,0.047392742860479134,0.037588663006209076,0.030052307004137517,0.02422937779108281,0.022382092195976,0.021852942712602616,0.021557757698465945,0.017517943607666793,0.014576095567100386,0.012502081993076033,0.012987376289489495,0.010654027604575591,0.010228612625215908,0.009798867290263965,0.011650578188182431,0.017432024052578442,0.03807103725275743,0.058795738906945415,0.07077062964872347,0.06682343392540001,0.0654852251900014,0.06258865701303164,0.06179110052996216,0.058329238259957866,0.046912291443876215,0.03559053202421602,0.031108988746519663,0.024338869139979513,0.022623181668438578,0.024822350682683042,0.023101704396046634,0.01858934919183219,0.014606274233510462,0.012233091449052004,0.011820861647011434,0.012703371195637256,0.009636188573304122,0.009779395988885576,0.012070887087593272,0.018059659994129125,0.03710884388036437,0.053995804814204504,0.060623833550201706,0.06461925974054994,0.06876173181748964,0.0602429339460942,0.06073830435456746,0.057851448255534614,0.047209741278098294,0.0369015183256217,0.03002181996502924,0.024692639298321765,0.023794603363688806,0.022609516476202702,0.020199541440774887,0.018635336497211448,0.014521474693528812,0.01102775119059024,0.010348936174196192,0.00939643220690152,0.009339381054279092,0.009745594722142256,0.011670617811406379,0.017261483778391977,0.03409867363840379,0.055228682947433994,0.06375643122918008,0.06714588330755354,0.06714434414830368,0.06593257896040557,0.06340944397945214,0.05949393669791152,0.0488084001315937,0.038750130876176216,0.031193494421798112,0.02706445534935579,0.0258547542963143,0.02282463517378532,0.020918346764198438,0.019174039705996924,0.015721477801214023,0.01260152031201515,0.010074888829206536,0.009917549616967216,0.00894442124788657,0.009158373803442097,0.011037426322206528,0.016615647960792155,0.030645735810198183,0.051278170903354965,0.06321866931774875,0.06359398364083119,0.05844312207886468,0.05254788955574504,0.05326878761290308,0.04631768066627428,0.03874963602548803,0.031720394487952566,0.026011940826643817,0.02319255405421978,0.023886781369963042,0.023143808541365236,0.02034179929389715,0.017844804467417905,0.015406578581307973,0.013580401057930382,0.011787684284152665,0.010306759786142388,0.009791541726877543,0.009699616218801204,0.01012829344732482,0.012466737687168277,0.013868627632504169,0.017910154638435764,0.01846442341344973,0.0182588765259399,0.01816147510391952,0.019186448124932254,0.0203165688155472,0.018572627048094953,0.017259105557100227,0.01923782617699238,0.019589977239488035,0.01936699631542446,0.02110326881218547,0.019667788637643725,0.021805702778434154,0.022440079040102798,0.015523085501016503,0.013995244451160809,0.010582626622225668,0.010156648175306334,0.008904687364216778,0.008593016288445133,0.00861912499064089,0.009549482231748407,0.011333448299525853,0.013220070805055256,0.014641040549288853,0.015354543856357308,0.016912257029329067,0.018887006492786587,0.017175418392281896,0.01716720510589414,0.016416855890661667,0.017787245487095812,0.018316356431896212,0.019717585775278042,0.02176812824009455,0.021499362743955076,0.019529324295885643,0.016661264425777363,1,1,0,0,1,1
0.010299232160628786,0.008492790284426384,0.00799594673994569,0.007887898891676974,0.00818630948841117,0.008080409097304488,0.010743465096276236,0.0202525799484194,0.0396701265552004,0.04657167345578206,0.051228994783546096,0.04947068999200079,0.050974290623088135,0.047417385511557476,0.0434133874241438,0.03913742233163825,0.03617764963782639,0.0310664815383292,0.028735673512763706,0.02468328793157607,0.020456370817555754,0.016863581189759592,0.014693767667753271,0.011822364960085447,0.00996195181320657,0.008017473618054643,0.007229930971929612,0.007579982440550935,0.006919031549033701,0.007404264115024033,0.009279726096750925,0.01636419283680325,0.03418128567207847,0.045150242559259424,0.05078781251641398,0.04758445360294928,0.04667589630209034,0.04509468861641867,0.041567072272278745,0.03737230819124061,0.03462472214850071,0.030023530065498932,0.029267810287161383,0.026129312973593558,0.020852765258672377,0.01762622751323066,0.015842374226637843,0.015169676737715196,0.010394198704311483,0.008372710985352042,0.00790201621102483,0.008280839443376747,0.008351403103087131,0.00826030155092369,0.010373530531517626,0.017495356709356237,0.031962741518897324,0.04080776504732171,0.045712688283392075,0.046594410747059625,0.05270570772694964,0.04455761399685611,0.042358771195506226,0.03783289686122235,0.03547826768026631,0.03343716089980991,0.03124129976633217,0.026512924383669357,0.021088332529567173,0.019254667032867788,0.017007797993303524,0.01294820278865784,0.009520924735856333,0.007333806193455644,0.006790923720990259,0.0069410234398609195,0.006868280812911797,0.007440814231566149,0.00963433842362486,0.017071033178241313,0.03571238688592971,0.043319337948006804,0.04896888239781854,0.0486123611008249,0.04811739160116731,0.04769029216247125,0.04405473507200595,0.04270050723914672,0.0372176692905234,0.03402330685285516,0.031563422595337745,0.026441412031805833,0.021303225493482392,0.017498343494652124,0.015032367154409029,0.012615937350893544,0.009738385063591806,0.008374578215728911,0.008556676868447747,0.008769027853883664,0.008605791768047905,0.008506263803608045,0.011161601288726147,0.01835277475641468,0.03773223800820013,0.042345035789141915,0.04411029795753643,0.042617165107258215,0.04234844194005951,0.039446743524328136,0.03682966789806317,0.03480095819574454,0.03115352006614927,0.03398151587016764,0.033826427147566965,0.027497873586200608,0.021229429148926577,0.016951101227324596,0.013853552777774494,0.012207709215737734,0.01071967297316392,0.008985181584105335,0.007965092185667844,0.007468260018459386,0.007494581978556063,0.007579906963321845,0.008298588794596209,0.010250787816918901,0.013394967723578406,0.020385489585121628,0.023816014387206264,0.02391592791592725,0.024530188099055876,0.021898960050528243,0.020542679276657306,0.020332285881317715,0.020532897092848834,0.02131146621856469,0.020093246256513816,0.018987524478998655,0.01720201194471228,0.013502325864296545,0.013174957661868776,0.01241696697751332,0.010595120415122292,0.009424408565607958,0.007585831094069724,0.007496651698113794,0.006950589419234451,0.006532557865268954,0.006724574062901788,0.007335904612717005,0.008917909666787025,0.013612965524388189,0.013999864742728083,0.016775755554185375,0.016559432423996785,0.015536250195016857,0.012809645449444778,0.012054039670115868,0.012539128322054865,0.014268329076799643,0.014580627571785545,0.0148076446534004,0.014172286240179922,0.01547860080975758,0.01370977616193655,0.010964070660133133,1,1,0,0,1,0
0.014898359207879587,0.012055398345271978,0.011284099184883392,0.011181528695004918,0.011730458691879102,0.01179508566859791,0.015599900683127063,0.028976676477287907,0.052405160306377846,0.056064308232211056,0.060548856831072494,0.0573768399576503,0.05753380449388795,0.05559970071035653,0.050270722258869166,0.04703058957931946,0.04577440388406696,0.04126282706956626,0.040692261552476086,0.03596220926396764,0.03010310500517259,0.024597179928897844,0.020931017353729535,0.017581935343052028,0.014904243571921655,0.012404463515960598,0.011849003341727992,0.011807148993731949,0.011119206419674269,0.011808213719197802,0.014797239640647277,0.025376219812301322,0.04572655914899216,0.05447037894201792,0.05649064096460977,0.053162299425633455,0.052407606714736356,0.05242160885574869,0.048554459366350035,0.044603462044389044,0.04281895217810731,0.03902133179770171,0.038447278351599806,0.03579449324797455,0.02772108020554274,0.02247535078588296,0.020334371901968174,0.019643470434632538,0.014369163824634226,0.011658838844116675,0.010953348460986374,0.011310416745023803,0.011574365776350291,0.011552254007462572,0.014867938445933033,0.02680278087934902,0.04332495142468712,0.04852781987913111,0.05342262902948891,0.05328421060720412,0.05639191639122389,0.051913403905592986,0.04800884267884967,0.04279163496628063,0.042126984705751463,0.044245733408956774,0.0414522789748569,0.037233938311375926,0.031444109940902625,0.027723557589253184,0.023264785267913746,0.018273033732730797,0.013910577456856515,0.011573863805009897,0.010734777219657671,0.010789213336924333,0.010867904237144788,0.011394288794193073,0.01438555719901372,0.025944162673536702,0.04755136197746939,0.0504777115199984,0.05554186331826671,0.05237900197500524,0.05433788204423204,0.05418027371285873,0.04950688983837561,0.046418491808779855,0.044427470199532026,0.04245948671591577,0.03971683242277132,0.03557822361732753,0.029629449606779663,0.02366689015801909,0.02029598216953363,0.01761887749626474,0.014083461855753977,0.012968076389367682,0.013324717275685296,0.01310787192191707,0.013471618507500635,0.013232245199886224,0.01685493944791958,0.025931846481979787,0.04777583930302035,0.050974277371281254,0.04931331792613863,0.04834499819720308,0.04753671420323639,0.04306309324321034,0.04157929288298497,0.040502279686704404,0.03740429613987746,0.0406316115755865,0.041135151121321815,0.035495618949457144,0.02693550973158712,0.02095213756336973,0.018068933405197572,0.016073058626753487,0.013983189293989399,0.012298645997367878,0.01110409996638065,0.0109283295726291,0.011085816102022765,0.011334418815985119,0.012059974567166783,0.014127921543877457,0.017558667643280384,0.02577028649108073,0.03027840894803435,0.029645836902897328,0.030215157592142758,0.028131908525657032,0.025961232744805735,0.02569616470119154,0.026457057831372137,0.027220577932521514,0.024851469369075292,0.02297848993615273,0.020958664007851277,0.01719486346319421,0.0157740225589681,0.01522826286391678,0.013813437665442374,0.01210520881347732,0.010469479766054881,0.010138081890425062,0.009609219695629242,0.009636833470182899,0.009912938356934969,0.010765191394108696,0.012720323531689155,0.017791821094309823,0.018266969254460634,0.02096521532835164,0.021744840906743473,0.019482226631817014,0.016847543925687214,0.016461197533724742,0.01691549541353509,0.018265179530607516,0.018708988781427353,0.01847374631153161,0.018017519949535748,0.018649140780899128,0.017314518377158552,0.014716372112216504,1,1,0,0,0,0
0.015278753730202528,0.012163594303414921,0.011421458016313009,0.011537762280661671,0.011825781237183104,0.011806107515911473,0.01568358071189564,0.03164083394930947,0.057126040070891344,0.06113258147367734,0.06845326125340717,0.06446136300678539,0.06516276704304683,0.06439663290369357,0.05713131692184341,0.05440955080306512,0.05289716477098709,0.04674874720508311,0.04509479032751681,0.0374406135069694,0.031657819533404165,0.0242955782310462,0.019937031283091423,0.016788049277461237,0.014212276568927635,0.012253494518963412,0.011774951577491252,0.011771389362794912,0.011049379377083694,0.011860930443880424,0.014664802582805026,0.02852592620528301,0.05178416769883752,0.061109505183928846,0.06253145314356068,0.06108763668691277,0.06163504212973617,0.062413604317188905,0.057545520938143795,0.0535520214254878,0.050794744204558415,0.04731789198395247,0.045864899506911354,0.040571173116697855,0.030440481178134905,0.024461300552804606,0.021394985220131568,0.020135508752506713,0.0154348710746767,0.012837556585995315,0.011940777336188752,0.012467335072935778,0.012779662804498836,0.012954299531221918,0.01623381486049917,0.030874981396517752,0.05058511378068869,0.056049192859336704,0.06282179122350447,0.06386754512859932,0.06518661150541338,0.06448876307033018,0.056658505094452416,0.050989904558787096,0.049935611081451704,0.0517711662823325,0.04857856373242488,0.04001901807700129,0.03306499709817812,0.02924082751233018,0.024747063172261316,0.019672939307138027,0.014864614814972872,0.012015673737545689,0.011199110175345459,0.01134039091631835,0.011355677741428634,0.011775004999774775,0.014802964535264486,0.028386454190296603,0.05390926562254779,0.05834040731827528,0.06303357046508573,0.0617465384665148,0.0665341288430647,0.06499066982897093,0.058750958646705376,0.053962219703056986,0.05194281273204685,0.05048191115578679,0.04787030906248721,0.04150761240913205,0.0325108364757988,0.02504959881113147,0.02187366099007779,0.018876864771155574,0.015347532920073957,0.01360805414924759,0.01383443911725186,0.013854969847761715,0.014145791485059936,0.01421927367882936,0.01788006752464992,0.029603364834658006,0.05593095038815093,0.05491626048412459,0.05222454116835199,0.05413204618110983,0.052862860575161236,0.04840138980578627,0.046104295401963195,0.044413618257839245,0.040407862611814775,0.04224839677285923,0.042104799310469905,0.03641220755007251,0.02730873076417853,0.021193272944107704,0.017860209038926555,0.016455444648071152,0.014092962696307549,0.012548613909101817,0.011052018580662761,0.010988074217119736,0.010960334955502663,0.011188641130095107,0.011772971826870902,0.013781363474123932,0.017840338949544936,0.02679833466344548,0.03135232326825738,0.0312568962460632,0.032098552338003065,0.029264906201631302,0.028078072003025364,0.02700992106138092,0.028028275426221494,0.029189681601664054,0.027769358297965372,0.024789545363966534,0.024728551420042454,0.019104723175616272,0.016529351015824808,0.015945082816921443,0.0140706432742802,0.012348497644146899,0.0108379193194425,0.010578013202144233,0.01004699052890724,0.009810966040759723,0.010277833861286655,0.010942559561267037,0.013018441459022876,0.018176707443272336,0.01971403919123841,0.021928005453671077,0.02301005025051415,0.020730637967483607,0.017293784780833182,0.017084022800245013,0.017738393802882592,0.019386480790196767,0.019646893656588286,0.01902773395486752,0.019704375175197363,0.01927354922040248,0.01788117255902066,0.015476532377251816,1,1,0,0,1,1
0.01326707603960843,0.010593372797640287,0.00994884613784314,0.010156731968305705,0.010293481514511683,0.010224576223932086,0.013689298722445098,0.02873492793208483,0.05163932910626667,0.05502036288865769,0.06152193855619932,0.057863765038948925,0.05876357829600157,0.05826362906490386,0.05148180802622308,0.04886019333687687,0.04770571167994375,0.04226102975856855,0.04079363437205265,0.03320938296689379,0.0278691379936882,0.02123948036202753,0.017448187132018372,0.014636118352469838,0.012437351975504546,0.010893427533343497,0.010357910369220989,0.010618611165571126,0.009813733599715728,0.01059327423713409,0.013005113554017683,0.02622450158617793,0.047726180664715,0.05541817355007313,0.056542049596586555,0.055874722817764975,0.056411823981930946,0.05721319106302799,0.052633825007005336,0.04875199158766867,0.04675597006427998,0.04415610675693434,0.042759279515345604,0.03723029296135912,0.027883887609686304,0.022590799416943558,0.019595125915898407,0.018137225127755337,0.014307689492277067,0.0118540265437968,0.011105000126071088,0.011580901371355302,0.011882747562194112,0.012026913896198048,0.01485000111885032,0.028506090401324215,0.04696214168296958,0.051533154474611306,0.05715076269311699,0.058538914297374386,0.05959505879206383,0.05959366283626862,0.051933603624771695,0.04691222053743376,0.045998027644842836,0.04752031812381801,0.04509103822254883,0.03630205726918461,0.02916027015615615,0.025731060469009467,0.022207151988230475,0.017681663656235126,0.013306509900971635,0.010664752404148768,0.009962141319784543,0.010182177966633673,0.010131934428875323,0.010500820147122673,0.013260298584854373,0.025971959752403014,0.04962401312634374,0.05379329984887299,0.05734116539125464,0.057092183296502376,0.06124168450448703,0.05985694781362641,0.05423198322085728,0.050006591857044924,0.04811493794018226,0.04709511421668304,0.04537796900421469,0.03889481929927214,0.02960885585535656,0.022673342666858668,0.01995369699770827,0.017013650978826775,0.014041864549645216,0.012131604127447801,0.012287655465673217,0.0124056397834681,0.012604232713945108,0.012755500932532495,0.016051131994370006,0.02756152980223106,0.052359602588631794,0.049320155997034563,0.04656931669245861,0.04885471703268231,0.047694857929742825,0.044556211622932385,0.04208262591588925,0.04028503118665504,0.03701566968541797,0.03894392141509753,0.038758461651930705,0.03326041912178724,0.02465965121491253,0.01921629277926657,0.016020976944880996,0.01502763368215181,0.012846954243784183,0.011454379108421543,0.009818279310188078,0.009719558214955229,0.009577455451546743,0.009732462651449527,0.010336136927247837,0.01236568429562889,0.016399635524428035,0.02443582203607137,0.028198974283948647,0.02855740938335537,0.029238844656806824,0.02614351811781681,0.025557742741727386,0.024509335913990994,0.025361018292238715,0.026319358694792825,0.025542801770805625,0.022661511199722862,0.02291726618971647,0.017602856215729695,0.015248587893935428,0.01446550798565316,0.012450266732363902,0.011124201967351961,0.009680806173634792,0.009588924436604356,0.009113978103728963,0.008616709315193352,0.00904582684374571,0.00959788200470616,0.011481212763053309,0.016283910390675702,0.018098662172805934,0.02005119894896367,0.020707432526187432,0.01876505197415951,0.015534064579579962,0.01525313952031279,0.01592746935917063,0.0177252200887124,0.01780106083334883,0.017404921900419208,0.018105560721467656,0.017656171748092517,0.01617622660531249,0.013935459433032057,1,0,1,0,1,1
0.01665257351155842,0.013533116828130144,0.011770160368723668,0.010962333267885656,0.010218142847021727,0.010297330866736365,0.013672039296973535,0.02799329462073752,0.04501811171453378,0.049805674414390017,0.04633611243775695,0.044307953392660165,0.05595282238647964,0.05311794170808302,0.046819916847368526,0.04453592790320017,0.047167160294893505,0.045122326782894503,0.054327585075628994,0.05075576873617134,0.04103828553350666,0.03781354371855899,0.028390459873774244,0.02363417628692029,0.02176414562627037,0.02074760895732868,0.01696552883976137,0.01739092873868629,0.016221720796407275,0.0161155202265252,0.018146795983374788,0.036132930846588876,0.053096609691195014,0.049868341876737915,0.05221995450972773,0.04853072446821065,0.05081756380907161,0.05174905957379487,0.052597804580266805,0.04146573666836603,0.04399244077463851,0.05248583486706277,0.05629091047956035,0.04922667835666022,0.06676909654055155,0.04596853299796284,0.03336173694411465,0.02767195985799503,0.025166718448797865,0.018344324412223546,0.01693735362774374,0.01604172228386014,0.015085557687610615,0.014850814628806195,0.0180184203271028,0.03545965094597417,0.05009756775444538,0.045830890798601566,0.04994749287555503,0.04865566041987099,0.05307170161302419,0.06040444108560196,0.05195770293265651,0.04206002573307644,0.04316796280455796,0.04765141028060016,0.054749139513570036,0.05211876314302228,0.053534378862224015,0.03298388250443261,0.03153321774298668,0.025267175929453857,0.023658817508022675,0.01855698023533224,0.01497135356300603,0.014825376994967445,0.014707414797700276,0.014604682011483431,0.016920051847859795,0.031348530506561334,0.046839692564776964,0.05053860198872237,0.04754641068659189,0.047741104080557775,0.05485505488575396,0.057809821659835926,0.050303023742065356,0.041564399261088125,0.04306757106506192,0.046865546433886913,0.055707016152494994,0.046963627889130485,0.039317684479917334,0.0326619694456674,0.029379214054136703,0.02589677991650724,0.020069695738292575,0.018679778009990745,0.01623498946268031,0.014227451234270824,0.01318767874907272,0.013455545481327186,0.01813780065134285,0.031347182130270455,0.047103193901640576,0.045099372543506024,0.04810954988195448,0.04538002829730954,0.04793322077861894,0.04849208569050704,0.04379698879520346,0.04075756840812313,0.04391736072530442,0.04944358367760921,0.04749506224613771,0.04248058677580424,0.04170288102965386,0.033253668241925646,0.03188127210672395,0.028805894998487895,0.02835141862982784,0.02451485917519058,0.019976642757857984,0.018457672463569007,0.015729511133840073,0.014802260656116235,0.01567239482780259,0.018346208247308995,0.02701499412205989,0.030870999192509192,0.02995076297645018,0.032215096243581764,0.034719808411566085,0.029481941289379313,0.026104891520877672,0.026395667386451892,0.03207591920386434,0.029784449012041737,0.027691384787492605,0.030020117712821526,0.031222605736518173,0.03136464140039287,0.03142296652872941,0.025593129065920414,0.021810918462214293,0.023141368580432174,0.020320958604630155,0.02011625773748723,0.017937180157425583,0.018064763417240722,0.014898340649985856,0.013881552072737016,0.01556646282554707,0.01823245876761665,0.020649986101974643,0.024969945927023923,0.020998621149385836,0.02116626907904661,0.028580803112677404,0.02088594445400162,0.026142091200321696,0.02870171305675126,0.02489925159219124,0.0250597832771781,0.026119126897112283,0.02332630214393651,0.030691505397186975,0.029467410378027217,1,0,1,0,1,0
0.017671118355962752,0.014486367435740919,0.012316624877870152,0.01097151610740468,0.009992012186747164,0.01000641855388473,0.013346428873032907,0.02534495046480718,0.03990085556980114,0.04755519621191093,0.04078215471565674,0.040100075422886856,0.05616926222836061,0.05135085996288878,0.04466018780947237,0.042499884517834235,0.04628332808711057,0.04326357915603905,0.056575884385371845,0.05534853066022699,0.04480341670673415,0.04260184953974719,0.031159472171549532,0.026008563178028223,0.02431647053427398,0.023223891237331054,0.01827283893986171,0.018425089888108127,0.017289722149089536,0.01687710721689787,0.01856989738364412,0.03593595037345397,0.05061173541200471,0.047234310183156145,0.05048297015167912,0.04489379915195568,0.04783517378267193,0.04912026534026323,0.05089000134346344,0.036633092644554895,0.03989451378227344,0.05112205756195627,0.05706567919656778,0.05110411314142455,0.08078262350116196,0.054184906203219106,0.03761136061928388,0.03126332298608035,0.02836525294789407,0.019773834849577523,0.017975810845657036,0.01661607064871007,0.015171111061152152,0.01483818039178622,0.017997875027157363,0.0339769542425737,0.04624755588696128,0.042460033060124906,0.046817112959098205,0.04365798496933917,0.05002637021642101,0.058256083088444315,0.050163849590514925,0.038680237350861575,0.040169190504060516,0.04446102806335168,0.05423288470423677,0.0549944538078145,0.06161344742849313,0.03501638666839111,0.034672573464235044,0.0269024782998683,0.026558747421795592,0.020548205469045653,0.015678366958221168,0.015409518804108234,0.015273125315639494,0.015249615227636388,0.017352911722146886,0.029818090273958348,0.0415416162349551,0.04859842203659608,0.044111355728977585,0.04454721063464641,0.05152731280511419,0.05595960436695043,0.04829767292804908,0.03702548030791844,0.03883001670552279,0.042798132592616195,0.0549820238821818,0.04594676956881611,0.04089299301319634,0.03455329108787704,0.031270695896332475,0.02821354823013727,0.02080533690519502,0.020086324125296425,0.016782000130039068,0.014087989991205243,0.012390491571781098,0.012440928060295895,0.0176749828596993,0.02999649287247158,0.042150541881809486,0.04478112913676906,0.05102544055891669,0.04527549359711505,0.05001052572630299,0.04994969302069978,0.044582135962337,0.04129802359603304,0.047002857484752116,0.053683169545259736,0.05194761545214553,0.04655161894430374,0.049764718696470055,0.03988552224139375,0.03832098089864432,0.0337449356869847,0.0340266821615642,0.029146265044271688,0.023786458590902813,0.021325722232435857,0.017777596785001237,0.01633519441346881,0.017503793956686872,0.020165834065873477,0.030239884488897,0.03427321404090407,0.032691015248491634,0.03524533598336303,0.03906435257503711,0.03274199788123715,0.02745853515308205,0.028250274458781786,0.0359856888906001,0.032811224930063713,0.0296136696443902,0.033931211819317686,0.03515446011455815,0.0367406752172029,0.038070452467869186,0.030778323234805387,0.02644327085274445,0.028499412691035775,0.02500136845510282,0.02457412485281191,0.021480824489304058,0.02200780760245639,0.017321890128683123,0.015625002682258273,0.017446421547205156,0.019935605177018208,0.02240613381685765,0.027907590878640483,0.02207195336951039,0.02296608090151546,0.034146566336538495,0.02297176359476025,0.030029048318942632,0.032898537701123734,0.027988200202862128,0.027753969940406464,0.028560026625083657,0.02569396203314972,0.03676090668276912,0.03576674426581551,1,0,1,0,1,0
0.015931492006689023,0.014315928204543197,0.01221883563583876,0.01226220748060569,0.010004616241629146,0.009772299528897598,0.013678308504613,0.027231232817771442,0.034717822296045406,0.04102864292795919,0.036773408923288654,0.03497160371892612,0.0438292347782546,0.04277550215773511,0.040140397924986033,0.04009534952692787,0.04338922952399211,0.04231351148954101,0.05279218321901353,0.04492332345427545,0.03808060483046949,0.03380929287300513,0.026046092697535637,0.022571942690045924,0.020831714649773857,0.018937840501092228,0.015641438209364464,0.015339439313391918,0.014542993045772291,0.015067427778171733,0.01784656818179565,0.03397882083547396,0.04231270506460937,0.04727323353856185,0.04450754294359754,0.05634874044348044,0.043898700609986574,0.04077618144639713,0.041952331985012324,0.03377488071101682,0.03914672352092156,0.044973352722102726,0.04598092828139235,0.03967757303737283,0.05066976887584103,0.03871141970408772,0.030843087429973527,0.02616043732408825,0.02106352886010338,0.01737420731379604,0.015690570766865964,0.014058282125399621,0.0130552075345698,0.013827169631761282,0.017985761139447064,0.029599938013582086,0.04150392336155769,0.03958983683050609,0.038084119554142495,0.03657333376407867,0.039610626383410695,0.04311926333588433,0.04350362574461497,0.03608819328918202,0.03811737406636977,0.04427535934940526,0.04531897589539641,0.04440377498617484,0.044975842505403096,0.033774841425382646,0.0302427623560426,0.024723062279770593,0.020657213284338487,0.016524957164877393,0.014072440307480494,0.014177579537537895,0.014838755963569697,0.01425964563983143,0.018801038023904055,0.02908998175570082,0.042729961670776875,0.045413228770957735,0.03918704097988772,0.039312588374390015,0.04304277406093004,0.04300009890363956,0.042132808067252156,0.03506195297788395,0.03860810274786026,0.04171528011916815,0.050347611873736466,0.04211318185032028,0.03512331903941308,0.03383791644755941,0.030292334472617276,0.02854332008005376,0.021305916312325996,0.019108499704795324,0.016073679536347647,0.014309507169061722,0.01267724830500785,0.01342365280323791,0.01861045653312008,0.029079334976240552,0.04010790920432437,0.043141449718510846,0.04368304845948228,0.039878620603311356,0.04226972955002074,0.042411433145737795,0.03995086684534173,0.040732419415101785,0.0437124839374666,0.0518972190492598,0.05760281647330682,0.05216536688074582,0.05424154079932139,0.03969932255599704,0.04019065962040699,0.04019096852155792,0.039352820665990204,0.0372591077863667,0.03364233668106337,0.029624113777126704,0.022732026214410218,0.01832738431984196,0.019690446088908693,0.01964005017434122,0.028405045475232087,0.03367520718795555,0.031047762278376613,0.03243362310076164,0.035491150456968504,0.029987295484968774,0.027349384442346497,0.027798769355248457,0.03175427712660955,0.029214910197691058,0.029317367514018335,0.033225783211478045,0.03844704095014777,0.04265163913168922,0.042385395526737604,0.035273258490987516,0.03340873717231756,0.03475019249365168,0.03293643307953365,0.030536484782665144,0.025055641003540484,0.021898123025751,0.01505991870031613,0.015023240968091725,0.020898701004262405,0.01993865943948908,0.02232030453412314,0.025649158846050037,0.023465691068368762,0.021790256344804266,0.029665958646893805,0.02423048795614397,0.028209658888712522,0.02953981538914682,0.02901559762075146,0.027065244189542648,0.02807034312056349,0.02519620698644586,0.031057995559065188,0.032940231767325794,1,0,1,0,1,0
0.009338023858677338,0.007316038253278336,0.006183499378342503,0.006117519360388005,0.005223349206740264,0.005694370726131663,0.008674070775375048,0.017519781359175354,0.024127262105886935,0.027572332895362338,0.02526154525909109,0.022770422477915345,0.024673036437276096,0.02391639591064787,0.023178084962042118,0.02477469955364052,0.024896744079671563,0.024649771173889737,0.027413343612607815,0.021437249200872085,0.0180060321743598,0.015806606779083163,0.012222448687112636,0.012057962474486473,0.011088759503173415,0.00904560033787723,0.007656051391617092,0.0074879496596881555,0.00730409502203677,0.007958378771376963,0.010450388262242986,0.022493205752274543,0.024979208529897406,0.028070304320353723,0.022358737076093142,0.029908147612233746,0.023527531097033795,0.023996746102962072,0.02245499408622739,0.02075664821535626,0.02509496129533426,0.02596457346742995,0.023518435627024766,0.01940936251736246,0.016148531479490955,0.014467046554975342,0.014987393221412234,0.01453295798827803,0.0092308288544713,0.008355977311939856,0.00784936837658585,0.006179543825989194,0.005931479402731525,0.007076841972971713,0.009798622157518788,0.01804260217784283,0.026274971065630648,0.025444155036373685,0.020377625585711927,0.02132565821188762,0.020893774147309245,0.022209349730905242,0.025330574429655497,0.02498967181121506,0.02532981951443352,0.02899081151620206,0.024981381503118107,0.021710401349470176,0.01840905100317338,0.018023582534857505,0.014742512554069288,0.01325716902310551,0.009279356397512517,0.007446677018936457,0.006670693613441763,0.006597645375691085,0.00720928373650878,0.007707581358959176,0.011167386354872388,0.0183186665778234,0.028234095329017043,0.027975756200755805,0.02366935151828052,0.024378826001479174,0.02386824803158269,0.023340068110949568,0.02500234415684951,0.02220738156135334,0.0242771968370706,0.02537904012647443,0.029142775991805706,0.024276077491464564,0.01800019168449915,0.017637437503368554,0.01921924696584054,0.01577859943280794,0.013745896504105038,0.010021635367005928,0.00820605604245908,0.008150989197541826,0.0076536767769487726,0.008572736092526506,0.013079757458874812,0.018948923524299097,0.027910650104279563,0.028141624274323384,0.02825711682351667,0.024608672123071596,0.02489448467089464,0.025296754872321074,0.025542552327852807,0.0270450360056262,0.026272674747292724,0.03255181450395082,0.0384064402946951,0.03488793660502503,0.034820342139641164,0.020661366825520902,0.019839714261948214,0.019928869043617216,0.01902336185294012,0.01813173851531326,0.01709738942811121,0.014750886782244706,0.011655411227211384,0.0094209740791795,0.01033177482756283,0.011132787858414137,0.015886257823341444,0.021218957279965953,0.018602681866833004,0.02035478549066898,0.021100327051162476,0.018295605310173397,0.01716054596368938,0.017333475200144936,0.017065155486985405,0.01620612848406539,0.01793869079798536,0.018168907678260994,0.021862230996373206,0.021544558132798472,0.0233268101824337,0.020561015914048006,0.018578877851641386,0.019868673585843724,0.016090772748190936,0.014167572202641228,0.011507473718988193,0.009959528881207214,0.007537844945885212,0.008576784349562182,0.0116946623641147,0.012123467806099455,0.01266740681324758,0.013570867412520442,0.014424653913299832,0.011871032122273284,0.01807579165895681,0.015921965430630652,0.01748240142024718,0.018263424644048,0.01982836283308011,0.017256850155820375,0.016058205474911477,0.013883834387440513,0.014714331295348871,0.01571042492306905,0,0,0,1,0,1
0.007129711786597351,0.0044283260844473335,0.0036812176413199673,0.0031166040707579674,0.003219712795423728,0.004026229254937721,0.006408019727983032,0.012717315184840918,0.021172543240746376,0.023886154303256874,0.021369264265986537,0.01914518622332241,0.020567290510362064,0.018707149280219253,0.017412629190687957,0.01893178064152336,0.017812024064632816,0.01739372646649848,0.018273439101607586,0.015363550290752195,0.012038399685762835,0.011437147107639297,0.008388519254017854,0.008944839877266124,0.008384510909342327,0.006530473446172882,0.005288102734670902,0.0054304137932516565,0.005314339138121984,0.0056640044201827595,0.007672306865392815,0.018295130748898495,0.02059395232216023,0.01956177717190349,0.014887735995835817,0.015037444888078073,0.016211426906338536,0.019570523491043667,0.017195303855663133,0.015943270419099966,0.019334766244870787,0.020107761430286447,0.01797374330571132,0.014832415918819744,0.012065692080219912,0.009650161492817536,0.010693318606086428,0.011388833358792217,0.006908355718567416,0.005502091213476617,0.005451604446097432,0.00387066448629735,0.003765850729981952,0.004644295263421536,0.0064268971665325985,0.014728131358675928,0.021412771035539346,0.02030772867512606,0.015676241453659295,0.017144333171838135,0.016508921011484236,0.018452623350243773,0.01989659244365104,0.020998358706450174,0.020585305779795778,0.0227391013254352,0.019647103839628477,0.016020073553506917,0.013157832417098425,0.011964848035608067,0.009846427404457635,0.009268866417349277,0.0066313367074319176,0.00507757222537887,0.004203145780349254,0.003962050897318413,0.004252653175855015,0.005332917212416532,0.0075141461795184255,0.014003127812316548,0.021562533352121684,0.021538881167959493,0.018581784054681475,0.019571658773348394,0.018455791643311344,0.019325711289324435,0.01972197379030056,0.01732799449689639,0.01823037555158978,0.01893891286335657,0.022011175765780613,0.018228223598754836,0.012873807003084891,0.011282329323618518,0.014979072845253358,0.010301443962054723,0.010408581037157342,0.006603741333454013,0.005209123826731552,0.005502624712425093,0.005454980009990268,0.0061576801670718976,0.010294649207480591,0.014942096930859619,0.023100387801931955,0.022173103239560243,0.02399241821758581,0.01963774327807266,0.01989754810811283,0.020531836138913375,0.02086154162706663,0.02123067560630973,0.019999142568172885,0.0250230411754536,0.028431938650597094,0.02567700629722385,0.025006573955626926,0.01259569246202838,0.010718654913736974,0.00940459587672942,0.00879891157094533,0.007396862752506703,0.006742666393353324,0.005734578431028081,0.0053253802079003525,0.005013828245960074,0.005641816027406417,0.007678402094427978,0.011316077532330372,0.01610428770781389,0.013828882515865018,0.01611089344634137,0.01605292437928409,0.01416318514547456,0.012769375903819474,0.01292944851973673,0.012209869965429856,0.011768281801387462,0.013054322235417599,0.011969259501911439,0.01371115356145179,0.010631814291903324,0.013724522797980735,0.012615957128756763,0.009785175468063848,0.011315960341248264,0.0062064270578642815,0.0052152110899235824,0.004591218392205206,0.004900181742152116,0.00502844065572482,0.005941471239677678,0.006575280461141984,0.008710075335065603,0.008442083712878629,0.009189044226643668,0.009996242016408492,0.007994484130888477,0.014662970987468722,0.011810164578028984,0.013439037538152046,0.014523074462063211,0.015409867695914967,0.01322585389713546,0.01109723890625117,0.0092023864265427,0.00970057363597453,0.009451898824361402,1,0,0,1,0,1
0.022870397388724675,0.0170103465072553,0.013558590622702338,0.012235443807003777,0.012464093319907147,0.01492597313707862,0.015336182020579866,0.024940705694085404,0.051488193600054286,0.0764371275411388,0.08934513722109987,0.08608290134386828,0.08462557570023761,0.10257393403099092,0.09028898682669925,0.08085319966197584,0.07979058099124475,0.07589957591444504,0.06651012173217496,0.0596431696522599,0.05112984493615378,0.04192217749002748,0.03947996335681655,0.03877802738221444,0.02910473649120172,0.024135221547494624,0.02256548052581248,0.021461822488958233,0.021481676560437056,0.020163421082820043,0.021469980413958287,0.0335462851960937,0.055456679599021806,0.08069310612134208,0.08868485365396772,0.08674032998523036,0.09005235430149915,0.10550903943840119,0.09736450698249087,0.09949127644517095,0.09261054392768078,0.09493145358334294,0.07715837431810273,0.07074597557062144,0.06323068484689237,0.05380620406093527,0.049116953200521986,0.046270635094044804,0.03511617971918225,0.028146563661041415,0.024906445151006134,0.025300162307523636,0.026371823579157322,0.020194428031657736,0.02571863786627712,0.03481523415019171,0.06394736918201988,0.08442485493677174,0.08372434594291248,0.09551863966551964,0.09607697840053221,0.09535906798271711,0.09715136298996686,0.08649677909253617,0.08652882373654237,0.08259604811911862,0.08043033657409526,0.0628934512232733,0.0541796778603993,0.0432042500534897,0.05163197922716214,0.0386628179498573,0.029604620479168748,0.023735102342968484,0.01939182070427039,0.01967060006299123,0.017935296489504576,0.018389530308587757,0.020386176448583395,0.033924474938797945,0.06523030043603789,0.0832706419181355,0.08540383628653823,0.08863211814136739,0.08810718222316287,0.09433016706808664,0.0969995111035132,0.08829068995018727,0.09178090190965801,0.08592576786948596,0.08800491739555225,0.07417168609878484,0.061945039175842743,0.05088348699647675,0.045263133846931335,0.04548733856901559,0.03268151046962535,0.02406309198549026,0.02227949769022,0.020631614826242033,0.02115521952127706,0.020892379237518445,0.02234307955950924,0.03289812242926545,0.06288813571350314,0.08481409241635851,0.09825298004044739,0.09855670618892483,0.09698667163924911,0.101002270156097,0.10589018828307017,0.08759801936798511,0.08536674680304511,0.07350914236356691,0.06512787272411975,0.05364879943413055,0.043746469262499116,0.04865904065122876,0.03775784017224277,0.04081930788935983,0.03183182502832748,0.022592878998805663,0.017218222386662776,0.020285185582449662,0.016989266353087052,0.017858910524200692,0.01861055169079438,0.025046859532860632,0.030939603467936144,0.031821131690906924,0.04103642726772996,0.04645577960062852,0.04916810726669373,0.044415002902432575,0.04365436749586212,0.04988268084322663,0.04879381904568791,0.048865156561730905,0.044077440864707274,0.044729128860334415,0.049077432962941106,0.06875518772736568,0.05668172487832339,0.0525661257938635,0.039994324070748766,0.0334199712473059,0.02781210219828698,0.025505209728654048,0.022720244599718487,0.0202743038575095,0.019031751049486394,0.018643551265071293,0.02983752639537242,0.02501835262818954,0.03154419145621837,0.03562291230242009,0.04438520014284619,0.04025701085310256,0.0442153114155163,0.04919223121628708,0.03767366006429714,0.03676934320681377,0.04035718729769926,0.03996781917442167,0.035364906577195133,0.036583857293445016,0.03526350404990927,0.029200823026574865,0,0,0,1,0,0
0.02049708457841236,0.017459120001786767,0.01435672791236347,0.013724177957474866,0.012437889334194352,0.013787480736701345,0.014487721230221911,0.020738590848576426,0.03511456331845226,0.03674831986801707,0.04301409322547881,0.04574001449912131,0.049509390469246566,0.04907936244252829,0.04440944829090738,0.04350818564914249,0.042995463148274356,0.042716438555242826,0.04468111756145048,0.04260098010531403,0.04180781002241389,0.040521929409999546,0.037496411690470445,0.03411909590770916,0.02255682049987185,0.017429046617858587,0.01784055548809041,0.017280851653703813,0.015592074024587904,0.01601949334337222,0.018937185663234244,0.030489214996711155,0.041001874678116945,0.05021385275047717,0.05145082535386983,0.047435512785267,0.05078834190892728,0.057625493326934216,0.05483277776056694,0.055180443111543895,0.04754798403383711,0.0492345277943751,0.046016233558942486,0.05131988777694449,0.05155605085311797,0.05590870861015919,0.041051601550948655,0.03450560595462574,0.023636308799851326,0.01611838502039759,0.014465191225896104,0.01514146662260712,0.014135563033154155,0.013734977037455503,0.015647703928661598,0.025857870551626822,0.03887351972612557,0.042701445181084104,0.04844516196377536,0.05077270379380606,0.04815292947847523,0.0574081816658317,0.05478941097385943,0.04750202639819896,0.0454074943308736,0.045170567257089865,0.048487277747501355,0.05246070582989143,0.04894251542096194,0.04760220104631148,0.05132665764893048,0.03469043969677303,0.026317434925491864,0.02244851346861031,0.01842922924990611,0.018456059707587354,0.01671041271183644,0.01690030105413602,0.017744584086974213,0.02809535775088867,0.03994071776882611,0.04656006237937203,0.04454685311521378,0.04807079077855598,0.05185639985128013,0.05423188529944635,0.05067762840108998,0.04873506254120386,0.049836610497280054,0.05027758582972251,0.05870895884563156,0.0596477853513844,0.0676880247673634,0.07212487344639436,0.05192775042325389,0.03699399675096706,0.027595944813782036,0.020357181307252992,0.018351886700498476,0.016544228731763654,0.015162295672043012,0.015704270042445283,0.01686818778536648,0.021711332761885246,0.03656660416286612,0.04896857604727836,0.051124029680267066,0.05712375540012972,0.05214924595043293,0.059774966861223654,0.06132202011085797,0.05075536595596747,0.04667295900051332,0.04178206025599678,0.0476846180661061,0.04236213316604385,0.04275572326642994,0.045157022056948534,0.037507252856553625,0.03857820205944365,0.030373584490725965,0.02437323702275995,0.016773148465867686,0.01510647904526616,0.01402358913441005,0.014637380948572051,0.014460722651530722,0.01710942473573329,0.03226575290565321,0.031078199806303025,0.03850553554607859,0.04202047427231459,0.04528410831170503,0.04539288169906035,0.04471939585721945,0.04055029175266172,0.042061673787424356,0.046950222842499674,0.03957865533166461,0.040602185249742524,0.047228747703713894,0.062369972068392864,0.05710850409985719,0.053060973592811034,0.036763570794552024,0.029798505005478614,0.023774129927059563,0.01857685311393856,0.015288688899110779,0.014501117973424425,0.014249026305567618,0.01519782006994982,0.018355979150845796,0.022320749155979026,0.027982509428314775,0.029874134580927737,0.035672921971540775,0.035327140729349865,0.03897500749287427,0.03860515342518168,0.04151043891211665,0.05351028999233029,0.038635198469080825,0.040351272644078395,0.040736837242975145,0.03757417742789156,0.03243698786821688,0.026441215222639567,1,1,0,0,0,0
0.029247677456737835,0.024202708772659648,0.02079489407621628,0.021299734153428628,0.020073653245867736,0.02173162531478976,0.02265336461156069,0.032094815697481835,0.05458552749350043,0.06279885198303091,0.06874514831192714,0.07292442874555305,0.07900612680124965,0.08432743985130242,0.08260663886767278,0.07894161865636419,0.08355386092820778,0.07773116570938404,0.08246100424656987,0.08237532430422892,0.06487300028567321,0.057292191231211785,0.05190750705479185,0.05138582412985948,0.032185111326917815,0.02450621192470934,0.022210245400688073,0.02126412092726519,0.020413480599310082,0.020605974836954134,0.023114517509861456,0.039174806001922066,0.058130412032341136,0.08344977448498164,0.07904456733929584,0.07751044083385157,0.09283185256008451,0.10794104105991481,0.10523273291775105,0.09248253504871641,0.08419521340951286,0.08433468920205094,0.08625912646967787,0.08182683933871512,0.08306183265799652,0.07946695859980027,0.06574920524198488,0.048637161117427025,0.02992860345088741,0.021123682111637315,0.019590539869741304,0.01924257517262594,0.019585752871650635,0.019620064901383464,0.022457798892268874,0.035261703030242585,0.05708331737734683,0.07434290724756612,0.08920195499717627,0.08737482338867496,0.08974862758024116,0.11760230568377483,0.09530100861984488,0.09219883555076042,0.08892602760134984,0.08842474076619829,0.08646217506507534,0.0801300395395367,0.06781895700277876,0.07101530449426681,0.05692700232876695,0.04679127627966339,0.03293494768853869,0.029203592932072194,0.024703564548226645,0.023754103050351874,0.02251330612829995,0.02286211246730751,0.02451899508965891,0.03779372460820686,0.055342649809539644,0.076834531738583,0.07566762151743982,0.08242553626321851,0.08781765430556365,0.10784508607166853,0.09469672552329095,0.09537969778809158,0.08980344662841076,0.09413463890358395,0.09755300303669634,0.09619576063995314,0.0992118568903432,0.09613282813381564,0.07445272699776906,0.04644764392875197,0.036117771139591755,0.031596331132079415,0.025444721427739847,0.024258680184764826,0.02217645670107615,0.02185826484028137,0.02376425753227029,0.03756429177564716,0.06113881749530549,0.07739634058997108,0.08106113668639907,0.09637742356166477,0.09555263258034283,0.10713505634999874,0.1107162612133021,0.09032175938510897,0.08490924901288587,0.08798006033609543,0.09012432308988236,0.07372250765397503,0.07030360183362667,0.06809434788688443,0.06032185094964641,0.05041479961533049,0.04181010642341693,0.03465226379650483,0.024893904935168958,0.022698371027909735,0.021364804640523618,0.021390516079997406,0.020942712501384284,0.023336318761390556,0.03368108792511446,0.04528024266981648,0.06696771152091181,0.078193455869602,0.0767109161459156,0.08231527353375033,0.09009336916636422,0.083046105228272,0.09419513629134733,0.09889588238196585,0.08974819231120845,0.08611197790637615,0.0868097881801734,0.0774319442925799,0.07160253910764526,0.06283582557750317,0.054799501440155295,0.035663135431101244,0.031568338701673936,0.026209693141128868,0.02415304045542598,0.022884278450895166,0.021371692218148303,0.023948389317663164,0.02883848560829412,0.03644023383402808,0.0450920077903491,0.06042996578755201,0.07058587109428034,0.06460569773240114,0.07223866703685136,0.08184399939259407,0.09073027746509434,0.09260916741815356,0.07721726962426897,0.07144831024017127,0.06412372365148064,0.05435066498541559,0.04446639643454943,0.03817592917232754,1,1,0,0,0,0
0.043692805802619514,0.03528483306653274,0.03180219502254769,0.029535941246660164,0.03057307975371807,0.03092653648251152,0.03358564796159898,0.04739493008906188,0.07419749156629428,0.08994507930717348,0.08741642638668183,0.09948074811073813,0.1036557368253305,0.1240681174368912,0.11582723518105888,0.12064201370386178,0.11597964199513855,0.11116306932174683,0.1275685911474937,0.11011508908954812,0.08995060675635512,0.09300064937168294,0.07655372302481878,0.06781665583175546,0.057556519715612944,0.0445671712548043,0.03883854738190292,0.038107332334666906,0.03441957049482802,0.03420603462369738,0.03401018259217292,0.04548513024088716,0.08617441600794144,0.09481255437986875,0.10648916028017807,0.10609832059227216,0.12057140379087493,0.12651533096502443,0.12200340627441128,0.11405016878451762,0.1221605091666538,0.12044058723696138,0.13200456028985535,0.12690789880385925,0.12052530719465208,0.11029520104561505,0.11144120499287323,0.08880142304285366,0.054158784154499366,0.04446758860748918,0.03499249521438416,0.03768287193309619,0.037141336497100226,0.03719203888458662,0.0370827521054001,0.05155913158981503,0.07726367959229902,0.09910548416652026,0.10248190690560685,0.11129770254978028,0.12002742158927664,0.1442001980948093,0.1342280913214177,0.11528114159839416,0.11774865820600429,0.12750331961520736,0.13412712262554705,0.11731230500162719,0.0976986241983941,0.11009624930542185,0.10350563120758427,0.07133234782099696,0.051964951665426674,0.04277570566395169,0.039762050472813934,0.0369761314594742,0.03813023269186706,0.03653894317459365,0.039286680046080956,0.05958126746123941,0.0775725202554776,0.0989665765883926,0.09767833334250198,0.11200034516389143,0.12486524126327034,0.13580168794752254,0.1261978854072114,0.13300245790780899,0.11562302886015367,0.11900754754167996,0.1385145921272679,0.1354522080879981,0.11941200421230586,0.11456837958471966,0.08288412708613982,0.07006419751202646,0.05922751243939015,0.053491776113481895,0.040525842568624196,0.04659881452976106,0.036142244164413695,0.03600160996794638,0.03878664411238375,0.05865483956334602,0.08839416944393441,0.09197619192349142,0.10834444608202576,0.12175505205672316,0.11185777788021345,0.1370881950264522,0.12895786178682045,0.11613311414962998,0.12077633210402375,0.12152039598558727,0.12236083190130762,0.1029183862954317,0.09593864963827639,0.08314092468316446,0.08808995143942665,0.08005524475459713,0.07707541104177865,0.04789690317725402,0.03961784043281029,0.035624361387498756,0.03530848333857584,0.032899722589974506,0.03293206091735711,0.03648702592622752,0.05026506578270579,0.06797878316035068,0.09454851895594696,0.09994985056884485,0.11121643676762383,0.11285508685774737,0.13039758194380813,0.11583637082806815,0.11642951205427678,0.13310429087451844,0.1393197560036253,0.12362096149723502,0.13553550287094654,0.10493550074553111,0.10903598106073122,0.09895854484890748,0.07030513236770235,0.052580888952284605,0.03817085605067062,0.03516175719064904,0.03736361236209559,0.03472906448031928,0.033241364131959515,0.03897362117550499,0.04312445408036442,0.06019509553853387,0.07101773038474325,0.08955533234131947,0.10303886469850114,0.0936630203472829,0.09248492589519981,0.12334299969241491,0.12406652097212785,0.11467251840391361,0.13202364365847954,0.10885314049736358,0.11208249081529277,0.0864974872538664,0.08045881907623231,0.06467429777044557,1,1,0,0,1,0
0.15677160350150138,0.1390249342833101,0.11798849999937043,0.10573132322058257,0.10285607948542008,0.0893651360133062,0.10150851925026158,0.14030535561811053,0.19196088850201085,0.19965634233447868,0.245872597648391,0.2707592914446025,0.30649819044485327,0.24659310849511648,0.24359183113032,0.21426894507359154,0.23995975129618927,0.23998513343090452,0.2534671687524409,0.2331443743963429,0.2871639697357472,0.24641125504835995,0.25055305731835303,0.249570901114639,0.20869855998289677,0.148003237985652,0.11592161325687197,0.10498529651610253,0.10173511748923764,0.09967504096885194,0.11340977365627763,0.15829079852604147,0.22565563433204813,0.22544014453194142,0.22910257744199736,0.2489179645196723,0.2572579758555304,0.2579297208254427,0.2287822859970972,0.21891755872384105,0.2359280509164923,0.23796390985565713,0.26869167773379715,0.303624798367481,0.279904980265246,0.27516871806018756,0.2727810340752782,0.2364610133688146,0.2382694231061557,0.19403446766932048,0.13600371132160177,0.12771243640813085,0.11685858266581395,0.12190437151737948,0.11206924123519676,0.1729957405119914,0.22728109051030224,0.2492895384051684,0.2325644852659657,0.24083320171148248,0.28144421285199134,0.27181796295856536,0.24501218376754283,0.257120698042817,0.24654098629003457,0.2741331671780078,0.23976920151918102,0.2631159660010345,0.2558583090619685,0.28540720228860955,0.24960344282478,0.20361498238463305,0.16412889743263195,0.14025864968258936,0.12562835453722104,0.10682091100797043,0.09738704445736743,0.09356988773157343,0.0956083395006654,0.14593999677943442,0.2334115367123971,0.2261070369115491,0.23704557655416064,0.2262649482759097,0.29813309171546265,0.2791032582872259,0.24708742796282424,0.2492889980580657,0.25298021207986177,0.245693488713484,0.24735800749562387,0.24801282246965725,0.22995093913805623,0.23666505019886036,0.2608667103080021,0.2610905100003729,0.24529955248838964,0.16457376487836806,0.16181290007181573,0.21990198729140714,0.11927575054089873,0.0995588269230352,0.12026006379838183,0.1553601669550432,0.2073434037910272,0.2166402052294571,0.24748710873576596,0.24803549263001068,0.23986336401197145,0.24597626318788057,0.25180898199087653,0.24283628674255117,0.2380378085682027,0.2528533079685451,0.20871470490805705,0.21040899185163897,0.22965443152503603,0.2166438845549581,0.237790154097599,0.24506958781451899,0.23131429907215745,0.16041630534117196,0.13746465776019123,0.12764810358433923,0.10834159000059797,0.1042497113654327,0.10537639940160445,0.11936401911338242,0.14500859667762322,0.16547451437411842,0.19002493290720637,0.1950417483077796,0.21118433268320444,0.21853054555337134,0.203246519169554,0.22905964171722717,0.2148665581510751,0.24311573385728405,0.26581450073511037,0.23857348278068186,0.2425365765299411,0.26221987806055613,0.2619717674293073,0.28420836249397513,0.21862025593400372,0.16594439225171648,0.12234522114922951,0.11303856740973955,0.09835722575598428,0.10818931205362206,0.08979118258837383,0.09466980926053976,0.11285405052926821,0.134847951720271,0.1662665779783868,0.1668283859065154,0.17466425979901137,0.19041201683629413,0.22708377989424458,0.21187125594596715,0.21191718596738232,0.22122054910153785,0.21821798148128987,0.2489381158030025,0.21956540249921816,0.23814149920054092,0.24336582871489112,0.19461790895992678,1,1,0,0,1,0
0.1214364620863089,0.11040584691873721,0.10670541949005828,0.09193724133817623,0.08111875013500153,0.07607393153711774,0.0793727307755753,0.1093598080119222,0.15306557762366738,0.1674038624656107,0.18507552615973255,0.18621580815305522,0.18916427785121004,0.2028309087413503,0.20863578442526134,0.20578904656100902,0.21581189698745665,0.20887351940203508,0.17785772202149167,0.19499492992094747,0.1995501522624195,0.2104213435559883,0.21853487933221216,0.21131516235768838,0.15738369987781803,0.11962081550101572,0.10598101234005962,0.09013188922363678,0.08591346716829282,0.08476117381604646,0.09228134173245636,0.1360254945215325,0.16664235479939474,0.17502454978200635,0.1806195038403473,0.19953884190505994,0.22267178997596165,0.22489915698979962,0.21747905797636466,0.1936279814932109,0.18202271820286742,0.18235705683641049,0.20696646674307964,0.18937737601005528,0.20507824980003495,0.1967190977852193,0.21787940275887024,0.16819994924582424,0.1576070226378738,0.12444583964347658,0.11159684158094461,0.09550154467040992,0.0811941030942036,0.08137133024105343,0.08613701391860695,0.12567164956195118,0.1704091799868747,0.2178309927240814,0.21873938900613024,0.2340699366136491,0.2191115414035695,0.22391359736077654,0.2412590749110848,0.2224528189896457,0.20861171666109468,0.2160039989391334,0.20229424418489658,0.18026253402728992,0.19353596627021152,0.24346469826990774,0.2059417697976909,0.1845488267837509,0.13966805575504562,0.12323173610658461,0.11867634027656572,0.09230300838969825,0.08257099471161404,0.07991497991210501,0.08616561795407254,0.1118189928768923,0.1693368300880407,0.17476115252843677,0.19197699354137024,0.1899916066077116,0.19930401716115484,0.20767937608200757,0.21612097659997856,0.21177062826788903,0.18438678124447527,0.17649788110055156,0.1771251983342358,0.18462986217476207,0.16918109948313947,0.18196500309362895,0.2225288069478716,0.17175048434169027,0.1549944723830913,0.12513790098144317,0.11840840614310762,0.11144752366511039,0.07245460257333604,0.07397957999677518,0.08273262604691597,0.10585211076996523,0.13962835981883034,0.16567590028196624,0.19235966526114287,0.1739894854370174,0.17762596273149625,0.1893297030613927,0.18834038789072452,0.19567157583747222,0.18001515518431377,0.17288394130997073,0.16751773239404405,0.18547191415494377,0.18315205851611216,0.17656168634988811,0.1937647167537873,0.1706925969795452,0.1449081118738784,0.12515590530723922,0.1114742511192531,0.09912371223329336,0.07964485654675466,0.07148646838005064,0.0758697711251648,0.09270026784341667,0.11512393687186652,0.15720678453554823,0.1726139243919991,0.16470824083625663,0.14990163803300174,0.17705350062520703,0.18516713322883221,0.16363265011828643,0.17634215391877298,0.17533741345996473,0.17032144789632717,0.17882685625851438,0.1891418939130067,0.20396990098376452,0.18866508373590585,0.18396038996189887,0.1504776825146586,0.1489252553573579,0.11344280066809773,0.09081453378247611,0.0739977546854079,0.06629437499977699,0.0667975574588188,0.07134706711162188,0.09022991449620515,0.10994833271993308,0.12871988640163204,0.1298565647418327,0.14614407380121835,0.1513772732644418,0.163864262194859,0.16561904688844065,0.17194891919789718,0.1674729775881992,0.16404253366716628,0.1873725074946136,0.1768096086763175,0.1879360697019104,0.18501169509902077,0.15334969345561214,1,1,0,0,0,1
0.141467170819339,0.11305867801464393,0.10088067609685744,0.0824971844558547,0.07567427185441718,0.08102786747763097,0.07972015918109311,0.11307803078315648,0.1320676117740235,0.135360234208723,0.13131998587578253,0.13101268800118362,0.14876785165952447,0.15853780198249096,0.17665521686972502,0.18017748038163792,0.16768656730698753,0.18314879895673006,0.18435949841420635,0.17999305783313782,0.16527435902006454,0.20427744391028832,0.17734577720939226,0.19283138908010775,0.14101813825995227,0.11293976376144348,0.10929204845015904,0.08734698324838394,0.08254917907644295,0.07933737271250563,0.08831356032595719,0.1367743282775562,0.14794876539778917,0.1542343453605226,0.15549644889900072,0.1373647474398451,0.15256940727202625,0.1812141847061146,0.16329372074757012,0.17088959254665018,0.16612895157713595,0.16375725480016662,0.18690568972493776,0.20781399436378442,0.20640168044318166,0.20949792321510605,0.22949259809552394,0.17979134779822958,0.14605623899900677,0.11638265925541062,0.10343058790508572,0.09585070521775321,0.08779613397232129,0.10162236214950146,0.09881460995227516,0.13354279713419573,0.15206357444073626,0.1530974747457306,0.14740651255320233,0.16233751184024153,0.16842117268744874,0.1466045954025575,0.16708458738278392,0.1627320692254455,0.16919991693741615,0.17228923883883074,0.16088307354496026,0.1805412045647864,0.2159073211655286,0.21460358080626196,0.1991885156792143,0.20257410286854677,0.14608825643527512,0.13601829698170464,0.11361548802708864,0.09636295213618387,0.0820499440096721,0.07787545734893814,0.08909840809310664,0.11964278384797151,0.1477781213625793,0.14884599495907722,0.14611485265860605,0.15463313068624066,0.14170765072611377,0.15545168356215408,0.15266088911673042,0.16366010118956034,0.15427554688419162,0.17778015654257173,0.2003251625270319,0.20177859294051742,0.2065678648463231,0.20248692420447256,0.19589550591271923,0.17901256572553184,0.21938618862746173,0.14745416264495873,0.11353974806848337,0.10308850755026984,0.08697758373375514,0.09112705350825755,0.08891586337871436,0.13023092462674674,0.16099066832731943,0.1462096054563806,0.15608102668117302,0.170498529852662,0.15263648209057562,0.15194349888138223,0.1756023596346959,0.17313326688358488,0.17354962221825193,0.16979935458905335,0.16804024770015946,0.20341590283428804,0.2099122533735127,0.18696594179213347,0.19012627911331473,0.17210475533186273,0.1636570628955008,0.13112537087034448,0.11310372858968723,0.10182187914763578,0.09708014385631204,0.08288221991124049,0.09112836104327321,0.10630885610406636,0.12824235005506096,0.16908142962964728,0.1649291078624316,0.19156199797816323,0.16897887141789922,0.19277729842046684,0.18121288918754103,0.17861506907140953,0.18008384461537594,0.18245419903807977,0.21354795159514625,0.21151949401853087,0.20856960982591613,0.21846061847755924,0.22237129911317588,0.1959255314732047,0.19273580233737705,0.14818435814478795,0.11500687267018894,0.10210239230923075,0.08405348412773786,0.09494698685983502,0.07882485200693255,0.09141563432723754,0.1257829453872554,0.15023268525789205,0.15609831966183568,0.1572267738146485,0.15766746177206878,0.1582752048098675,0.1877451506557876,0.17269391439156198,0.1622640531235653,0.18166900396754898,0.1910230162737364,0.20353634920554387,0.24280840666985307,0.24051331863400138,0.23336537896259119,0.22324275921365483,1,1,0,0,0,1
0.16521451182056082,0.12909673191784563,0.10868167274825585,0.09920273901160129,0.08784191593023258,0.0853305079569696,0.0935893672194754,0.11998316047542992,0.1558002486495659,0.14987369206063025,0.16841553801673573,0.17348032929921364,0.16494716211933036,0.1659969565645551,0.18178893823822254,0.18926142570152327,0.20051402676318966,0.18263323752563057,0.17862110597966827,0.19396289528689423,0.21534549020099894,0.2158087012169638,0.20179295670182107,0.19788829635554453,0.20636091337205384,0.13980688661946494,0.1288200892715563,0.11906433357555676,0.10775517800205422,0.09918975926023942,0.10523902852490077,0.16414861424904467,0.17143359490983673,0.18588103858796545,0.16970917724187654,0.20115910092960895,0.17879301934625383,0.19333906015771576,0.17898342753926877,0.18429972767254652,0.167892011894639,0.16994978433403005,0.19025468764923062,0.22446290205793762,0.22441129942996121,0.21432177323174334,0.23702027869182382,0.2277321606128797,0.16088627323952737,0.13010330292465713,0.11725557683313546,0.10462300395574059,0.09658366242558988,0.0958409682700508,0.11204179100689902,0.1592473073408665,0.18629399585685533,0.17314600466528118,0.19708454542097278,0.1695611479504728,0.18162963052737507,0.17319945032599793,0.1923903036074804,0.1966128729816898,0.18499813720033603,0.1818407311014803,0.18308641869166858,0.1935478812785832,0.20427749086049657,0.2451743135619033,0.22021596213668085,0.2140491807528927,0.17034671565223017,0.1682791449787734,0.12791456954057076,0.11265212123750136,0.0993178085125935,0.09577575326346348,0.1031835139526649,0.14213070659245808,0.1753990557390432,0.17258287049514193,0.1825361872647583,0.17778571550482314,0.17507947126879758,0.20231202753718294,0.18521054556595723,0.18113934928534997,0.18094457397649488,0.19075848381709012,0.1857322102668964,0.19401331222074492,0.21047289392594234,0.2055571620824477,0.2091349730494234,0.20976344013045778,0.19834793160000663,0.1449250394166187,0.12422523771498245,0.10863453731179527,0.09226593300481728,0.08926473121628237,0.09722537807469772,0.13948013026093298,0.17297778261630717,0.16114607423639069,0.16592295781245572,0.15563449842561097,0.1617162415273193,0.172526029712917,0.18814661137965358,0.17531692193378762,0.1688040544904,0.17979365806237388,0.19219883235872015,0.2102456949913018,0.2131192623274702,0.2694459248801556,0.21435894998592087,0.20081936787793217,0.16544253393878816,0.12831477925019183,0.11290434742909893,0.10318769411751721,0.10179006869020676,0.09181003598992582,0.10199645392598852,0.11047100211849673,0.1311485651444442,0.16360476814084188,0.16854149065627702,0.1906464180515051,0.15457076891588736,0.16634262390970506,0.16809347126846044,0.1749858343434886,0.18760282776019968,0.19332321714094056,0.23797728705514998,0.2198683118892482,0.22770504999934635,0.24571913520805186,0.248721543970779,0.24140022037048967,0.19959388661243932,0.1568147613679554,0.1235827517984437,0.15817868155948447,0.11312025407970396,0.10452476486234469,0.10300167620170873,0.10493982063596977,0.12927544714210765,0.13894035696668658,0.15603555809663222,0.16917471262063574,0.16801972076623878,0.17460090577126774,0.16783019410470093,0.2076778726015781,0.1917674806274755,0.18266359327922402,0.19644402892678325,0.19912104679232412,0.2363349005010534,0.2434130614870616,0.22657955097101734,0.21831309020494957,1,1,0,0,0,1
0.1100268608190252,0.0784822649068118,0.06605847341596074,0.06019088279252199,0.05294853105286309,0.0513986472552925,0.06216468997452509,0.0823228204590382,0.12594891689151616,0.13353497097501113,0.16986079699953924,0.16208332889605795,0.16939489491677864,0.1795781080165296,0.18517707496859293,0.16860306188318333,0.17224199162314266,0.14712454942827194,0.13764841474440595,0.13057188429586325,0.13476283118538837,0.1298083886697183,0.12744144521390377,0.1189136461012692,0.12425817311745621,0.08781570357578089,0.10036267741739317,0.07351213489276964,0.06629874548541159,0.06065679605333194,0.06946730137912249,0.10501970047804142,0.13562329305752532,0.1670957079070652,0.1739148511806491,0.1805059641461889,0.18514062645971244,0.18758120734242997,0.17618259816426401,0.17108330779537537,0.1534241601874898,0.14511434887545757,0.13869791541127,0.134445725807549,0.1274981872182022,0.14102816071898158,0.15208544096359106,0.13123525929891958,0.09976346251837331,0.08232884676598738,0.07382877494739669,0.07390403338703552,0.05438037724420074,0.05421649105477776,0.06698654267522024,0.10142815335206344,0.15082940398800262,0.16030163848002554,0.1792002451573962,0.1713342181533852,0.17479965589970886,0.16302887795616558,0.1650775908557255,0.16483411376040813,0.14272387128098543,0.14078749167094412,0.1337872523927407,0.11931339588943979,0.11277821224172525,0.14042738909890537,0.1373627912409601,0.12565313816879276,0.10303210983068228,0.09750439256547482,0.07762971846679392,0.06615623426722944,0.06059050483431523,0.059120984574950006,0.06588256988804894,0.09173830579386935,0.12571642900869157,0.16154004093547109,0.16887038255851522,0.16306541293456278,0.17254657785742253,0.18587885673392418,0.16484744120086567,0.15520662167497176,0.1479236480355695,0.1457236281800327,0.1341602427107767,0.13315125432928201,0.13214804533822372,0.11815535248300271,0.12463562375980486,0.11934400206222853,0.1114229117616485,0.08597948770882269,0.07001945638436351,0.06219899925275681,0.052753069730134425,0.05037825149467418,0.05952444632531016,0.08417558600837509,0.11926224428523627,0.15532652135837766,0.16383364737115955,0.152266244663491,0.14931333416553466,0.1512470373579267,0.16550511958371297,0.15181733942855288,0.13469421656258931,0.12767023041719,0.12762242982097646,0.1283528296745706,0.12588451800338923,0.1708892131010567,0.13425512111649804,0.12481266133346444,0.09522977641125256,0.08381549443138672,0.07148823220500361,0.05994531346657832,0.05564120244267586,0.05158945620314,0.056796956530799074,0.0644679601360957,0.07340020876562389,0.09559493509513671,0.10122136123045845,0.10493428373571997,0.09178466929033187,0.09844685046498851,0.10744410796636952,0.11464247191919714,0.11101449562286664,0.12587668959272275,0.13091565873050162,0.11871155229844482,0.12313213582413915,0.12567243119803068,0.1302840262909129,0.13055105183283686,0.10530956127079896,0.08717992156322588,0.07362012438387618,0.0864825985336776,0.06361177255723366,0.05701508937533148,0.059675997832436135,0.06019960838787432,0.0751244495238867,0.08083905050794961,0.09441495584265783,0.09732455881461705,0.10869997079486875,0.1102447007887839,0.10597646519990633,0.12853243984308385,0.118441208322255,0.12029953622584982,0.11666854814047868,0.12692606176510635,0.14853146584320823,0.1435492578416932,0.1369081891558922,0.1321353888341154,1,1,0,0,0,1
0.060897694437415266,0.037321619506703034,0.03381992362847511,0.02840845270638743,0.025995710402013275,0.027201287070324986,0.03731399504142377,0.05793532317755123,0.13078453098502607,0.18108988162889827,0.2430221402019498,0.23005647356300776,0.25447766942682193,0.2611717159875953,0.25926985449226014,0.21994735642547047,0.19464468145535846,0.15219894728512398,0.11848762200512694,0.08594523832178061,0.07028176481967909,0.07148836259471922,0.07257839873319673,0.05693477010583605,0.05311211532831406,0.04118662819782708,0.06770874682032248,0.03303767144345902,0.03213372675481603,0.029767818306642563,0.04090080177012334,0.05845904858864444,0.13883586661409483,0.22210419689353092,0.2760478714252925,0.2526103985424629,0.25954800885764406,0.2539929118041784,0.24695122397880231,0.22906447519806233,0.18718194519993306,0.14910779936965893,0.11686291579132,0.07377077795374715,0.06847529305030174,0.09687569687270821,0.09597556341633194,0.05429538954643375,0.05039540657337708,0.04181751334937845,0.03745590671771855,0.04702993525446031,0.023821470656461435,0.02551251379791206,0.03255528316314208,0.0554532091581553,0.14259079708140057,0.2081837847062235,0.23550423160520426,0.24845225982528757,0.24897089370127032,0.2191063867562547,0.21964244862837118,0.21007837893667192,0.1668316170213102,0.13720151352190224,0.10856823072934042,0.07229506265392785,0.05903289433684558,0.062308508998613364,0.06965410640983484,0.06281108143832587,0.054479039807449246,0.04080523160209333,0.035771774952726605,0.02911098030049472,0.02902847252161062,0.029686489171401615,0.03698648553633703,0.0543539429569441,0.11644753016469839,0.2110320084706474,0.231741106962535,0.24703689440382323,0.25234427542523363,0.2412232079592285,0.22556777277695503,0.21712385234279852,0.17900365335965718,0.14656409600363746,0.11334510035956152,0.10459221011975103,0.07721309504768882,0.05929016284640911,0.06485734896941579,0.05432617213173268,0.054081668100076134,0.045931869382998126,0.031093125455005366,0.029105656298088853,0.02565471189178518,0.02589068017894818,0.0328642090815011,0.051211244392025915,0.1055525568740905,0.20263254141253406,0.24212690941513268,0.23637765884212586,0.21075749075823497,0.1915628252555498,0.20092191917914712,0.17995845720441844,0.14535478368616653,0.1132976774858207,0.08825547052823579,0.0733280810933882,0.07381021020816354,0.0873519707726965,0.07061661757064193,0.06144494037047738,0.04279810833180194,0.05068509763593769,0.04231603147404502,0.030539884791874264,0.02662737761746252,0.025787974518232764,0.02819426112594345,0.03302166967581294,0.03674925824384362,0.0539086792888739,0.05870920642217552,0.053492940445469706,0.0532161624429785,0.05926780302291271,0.06810197672354149,0.07533287597932779,0.056835623763536604,0.07555447902638958,0.053468302708740534,0.051423715047254855,0.05251935791188562,0.044550745410558784,0.04686754678318636,0.054650600666731206,0.04117707697651233,0.036549328529354594,0.03381142571251554,0.0282753164801451,0.02363677234166628,0.02656810100987408,0.025779612838823733,0.027423835612582225,0.03398479050019307,0.037091745347248545,0.045067728603315926,0.04503560478735728,0.05983262808028854,0.06003438616844442,0.06294837802622563,0.06736504676022079,0.06001240132338174,0.0682441188660137,0.05749536801542776,0.07829122246935603,0.08001284377751994,0.07401234155825911,0.0713585823683308,0.06878498493288802,1,1,0,0,1,0
0.008663422202475634,0.007183641436103237,0.007594624593484431,0.006386418600711765,0.0065330689784564204,0.007176399442140046,0.009732219811466837,0.01881549073915139,0.06504355220089204,0.10388115882373446,0.13437055690609637,0.13549608346779257,0.14431200411835932,0.13009536647013156,0.1277761179035891,0.10784071902284012,0.08398025306079575,0.05577268657615981,0.03105265003758642,0.019101549500677512,0.016567455113240304,0.01213113031160445,0.014604271249854786,0.010028538064437473,0.00844857638158091,0.006496859008640454,0.006125103318556558,0.0059856949347750965,0.006636267392421916,0.00719390092754776,0.008820332071664808,0.015526418481101334,0.06345040717558469,0.12400675369248226,0.15652743743490474,0.1503439815897786,0.12634220309899688,0.11798986370850961,0.12607123182487745,0.118210744524367,0.0808407550314966,0.05250102215704241,0.03562838322300373,0.02214388411097382,0.016188457429193212,0.014107591163915814,0.012116646323678062,0.011258470039099718,0.008727393149143836,0.007612126078892145,0.007379778772589711,0.007193900927547762,0.006636267392421916,0.007519187156371171,0.010167946448218931,0.016370110777753296,0.05749075599732223,0.10713945260745095,0.127360910249726,0.13047557115317918,0.1305715275732215,0.11753278567576822,0.1290434668470678,0.11525833133911033,0.08752943360200048,0.06013891178968974,0.03700826401231716,0.02226690436187303,0.015912658159111616,0.014701434668857621,0.010747305965234358,0.013095522507629617,0.009571085445795794,0.007565656617631656,0.0070544925437663,0.0070544925437663,0.007426248233850196,0.007705065001413118,0.009152860294451412,0.015233117725612021,0.05511477847807473,0.10549008848244378,0.1346476568216536,0.14928121897575006,0.13971514845057267,0.12840626502482191,0.12852274042771328,0.1280374331857443,0.09109973662561453,0.05803631954252276,0.0369379771312611,0.022798587418627433,0.015895156673703902,0.012999566087627316,0.01251012799565154,0.011033364726760473,0.009721960320022312,0.008237955057168055,0.007890942846455066,0.007844473385194579,0.007240370388808248,0.008030351230236528,0.009099148839227732,0.01848598001384612,0.047510081317762035,0.09793316142886717,0.13230556892069603,0.1358404527669245,0.11830507773883864,0.10080359232904272,0.0953479568771575,0.08241477536586558,0.06234999867915967,0.044174029745446305,0.02654107509178744,0.01614621246441459,0.01570927882866196,0.01075454795919755,0.011265712033062909,0.010082249519661152,0.0099355991419165,0.008913270994185781,0.00784447338519458,0.008076820691497016,0.008727393149143833,0.009145618300488217,0.009470904529311628,0.009331496145530168,0.011808861580262368,0.011969995945933407,0.014196492882905056,0.014593085698834926,0.0148583445380468,0.015279680833347577,0.014453583668578398,0.013460129850225391,0.011637467723146805,0.012774460775288073,0.013583243747599673,0.011598240255849511,0.012055786520966255,0.009896371674619204,0.009903613668582398,0.009052679377967244,0.008309167997799452,0.006915084159984839,0.00593922547351461,0.005846286550993635,0.005985694934775097,0.005985694934775097,0.006357450624858993,0.008076820691497014,0.007286839850068736,0.008198727589870761,0.008213211577797147,0.009575309942277658,0.009231502521996135,0.012552372960430162,0.011180015104505127,0.012019576551150293,0.011422621902252085,0.010272351861184968,0.009435901558496197,0.008917495490667648,0.009746703799393224,0.008676980130826682,0.008052077212126106,0.006922326153948033,1,1,0,0,1,0
0.009882810557471537,0.007990160279140917,0.007961439985072875,0.00723908299058411,0.0075231846613678325,0.007740149614712252,0.010144339862618012,0.01931680282348199,0.05101319421461865,0.07323532801406794,0.09190966579377972,0.09079482145325757,0.09590799319846186,0.0877549975307279,0.08369396975254165,0.07296342300145556,0.05963488208074055,0.04292705998021253,0.029868090205242375,0.02185668436031862,0.01851618310955921,0.014603836812665449,0.0143720523823265,0.011107449348441293,0.009476537623033184,0.0074976193473268865,0.007200467048571364,0.007131229985030161,0.0070668528141208005,0.007782537165852234,0.009215279768062004,0.0160281339596447,0.048131699666163506,0.08233669409495394,0.10198972287089504,0.09745064006984185,0.08594409273400833,0.08174978349038793,0.08316057955346484,0.07618497426882233,0.05715477440818688,0.04063531143401036,0.03222039711766388,0.024314340245631148,0.018573093647707782,0.015812170895791237,0.014001142691672722,0.013201726464342665,0.00970219904060184,0.008264669888140078,0.007713024155486409,0.007927894407585389,0.007701844544065554,0.008338995556174952,0.010356972403442103,0.016832354228798686,0.04451550563774149,0.07379259116660315,0.0861499933397047,0.08863194998462465,0.09053011921149724,0.08120648295547835,0.08393678348032216,0.07446788238017543,0.06040483104619209,0.04687461528383478,0.03422367627592493,0.02426898588690303,0.018897013229630437,0.016901567199342656,0.013941624881344141,0.013025360023823715,0.009655917050315054,0.008119843284379443,0.007182666494625593,0.007062143236975022,0.007181347978650495,0.007528601324076121,0.009398021569552543,0.016094705425864622,0.045448748031356574,0.0740370570028664,0.0909055404614623,0.09720413055185066,0.09279251788933612,0.08675706146181926,0.0849601688639175,0.08310918754818399,0.06314045507999144,0.04559015246175652,0.03386247948917055,0.024633189806386804,0.01834095921564895,0.015134761157639681,0.013950295449013085,0.011780684134412103,0.009879595062351035,0.008572383261017629,0.008536280315745343,0.00863297193341204,0.008277351500090225,0.008566955518681042,0.010327227003505822,0.018445138537264486,0.04315380711832804,0.06911072033500379,0.08691995747247626,0.08814958178632692,0.07973162701053296,0.07044314971857953,0.06533431022775678,0.05789999185749552,0.04609156329354956,0.03843341296249427,0.029975747413786624,0.021748071890899216,0.018263686638425158,0.013631918869163937,0.01213409087670473,0.011147432206090357,0.010043069473226257,0.009102194332091182,0.008055945854968863,0.007837733229503142,0.008241710330748631,0.008334475841770135,0.009164008111402234,0.009753986649395485,0.012832325313329403,0.01640342015189407,0.019163087276531505,0.01973215294829985,0.020208931556132487,0.01878634813978178,0.017468002507729535,0.017031247457037383,0.016161485046755113,0.01716036114260213,0.016654189080071755,0.015033226372585196,0.014652676873700005,0.01135595152696988,0.011019963371678057,0.010122219440992375,0.009334040930305525,0.007992161755771537,0.006892437626273118,0.006735406965694388,0.006481834860810477,0.006387550362208965,0.0065631030323926014,0.007765605107388799,0.00806455373466628,0.010950201207617546,0.011241875206869204,0.013103271629301467,0.012891185993834726,0.013569806271401195,0.011737089033550873,0.011711986279722022,0.011620510277045599,0.012380679377789718,0.011799866073668267,0.011850834369337631,0.01163123693747791,0.011757034984366567,0.010794095926845102,0.008848044320345807,1,1,0,0,1,0
0.012631725953389326,0.01000531855467184,0.009527287272071323,0.009313166304140372,0.009627552067294614,0.00951652070175122,0.012163416093531195,0.024136846943618194,0.04599622916231866,0.053211123135846014,0.06308166171351154,0.0591439532179713,0.061126290071315904,0.05911598414952233,0.05226791946929525,0.04978895746124223,0.04565595939136831,0.03863413152360067,0.035324588108828284,0.029029598810082352,0.02437676881712315,0.01946887207229492,0.01601796139417475,0.013718686519123236,0.011740082862488217,0.009830719285475955,0.009645434795210073,0.009555927116147528,0.00887004102667452,0.009796088908300426,0.011328373677302467,0.021321788421706265,0.04214879342905939,0.05338139748791237,0.060978700528783854,0.05848476278153786,0.058566277143889664,0.05858255739822168,0.05380448591231999,0.04757752287984495,0.043842825046405604,0.03833732874668075,0.03689026444515244,0.03221311568838459,0.02477164413089554,0.02035586689033179,0.018062490457026306,0.016892822452689835,0.012555904417926821,0.01064334196037585,0.009660451118207661,0.01029413108129037,0.0103860484276202,0.010924965320978294,0.012788383145466976,0.022592954666672115,0.041155342920388485,0.0516363480175161,0.05859525783022311,0.060953226631878465,0.06283158204789759,0.05954774076719461,0.05218385525607624,0.04593108119387857,0.04370437370853695,0.04299566248056396,0.039352147022651954,0.031239137202251556,0.02592302480588572,0.02253042026079794,0.01971968907731808,0.015719247756506922,0.011877203875509177,0.010289906978152281,0.008937567894870393,0.008706761470685472,0.008625323930436928,0.008946995351592466,0.011417158675400083,0.02122716915019756,0.0446425521219608,0.05377165144972751,0.05977721189729286,0.059164185387533104,0.06131363237693036,0.05941260468123623,0.05459348644194681,0.05034261512226629,0.045465782200088296,0.04243178608559828,0.03875137984475535,0.03275792807392119,0.02505907384067769,0.020222284000703347,0.018085379823278812,0.015019549127192522,0.012283468867558444,0.010766708627120624,0.010933672790624615,0.011165022038982399,0.011093530782773846,0.011135723038934793,0.013814604589944478,0.023014981993987372,0.04726308418786292,0.049287808415154954,0.05143860516293307,0.05235975328011391,0.05125939906197392,0.04872735128410867,0.04367416092372644,0.04083701272933383,0.03577045094611509,0.03673756135659862,0.035977314510904815,0.0296997614375545,0.022698139997831095,0.01782548088330354,0.014374187802227819,0.013704953466587838,0.011527153021726293,0.010558925288039717,0.009378704508322212,0.00889149157670962,0.008986289556921266,0.008843779922681377,0.010028779780608413,0.011363106366622097,0.015431700718590851,0.022553965819989443,0.02598110057625367,0.026854479477729662,0.027638284796480297,0.02434343130672769,0.02298335771104979,0.022639908571074,0.022826962900641817,0.023858029831249097,0.022405334371791177,0.020514390494902487,0.019759531037940713,0.014957169722289335,0.013754640905869786,0.012832674662314998,0.011654782104408965,0.010115046459264355,0.008906068858399044,0.008674058792099247,0.008091835481377206,0.00792441117951948,0.008005441227058215,0.008784533430556032,0.01021559533839598,0.01497003048405668,0.01599190173219038,0.018044682218639706,0.018442624883590986,0.016563114771593848,0.013936330608352615,0.013488015724731975,0.013897441895098088,0.016248289799733556,0.015903628133791942,0.016252452319372498,0.015855477535771885,0.016237161871720317,0.014917663972025907,0.012327333901178898,1,0,1,0,1,0
0.014353734867884172,0.011354305190440875,0.010706872650349046,0.010916585568374227,0.011065426311071831,0.010951922527787738,0.01460976635457768,0.030746325103990176,0.05608402381654487,0.06081986656421044,0.06926958883425903,0.06509244814627475,0.06631007511980651,0.06569536338262555,0.057876578321606566,0.05533528978135506,0.0534450582671895,0.046622081466263336,0.044295178502506964,0.035669425769466204,0.030147936219322404,0.02240758717125576,0.017999239410235277,0.015076684569615932,0.012781039855682868,0.011121509817593222,0.010682514218032355,0.01076590207744156,0.010022724679565716,0.01087113002878721,0.013344287140997202,0.02770780090044948,0.05147156377899584,0.061223819976043634,0.06325477192767988,0.06253809994624454,0.06376146499301498,0.06453150815830583,0.059139001415437153,0.05492506668119808,0.05186922346098018,0.048564018789988686,0.04684673854776332,0.04043988796560304,0.03002953802798579,0.024074752604825854,0.020740157498450013,0.01927686909354402,0.014833919325772037,0.012496245279332558,0.01154248071133937,0.012166241634270537,0.012499023072406888,0.012751136896923816,0.015709209588543323,0.030330948306391176,0.05076300450627265,0.05703792025075798,0.06454275974522734,0.06631076220711585,0.06770456926861566,0.06760387564650133,0.058340926758840214,0.05254678650230052,0.05125922689022428,0.0523796227557574,0.04932545619596807,0.03885981396457971,0.031354130016307775,0.027887383480582176,0.02393732413373194,0.018917244334014375,0.014182649062385507,0.011218738940325929,0.010440166872447481,0.010641839260823037,0.010590784729667131,0.010976269791517945,0.01385442093634216,0.027334835425466112,0.05387225230722536,0.059666549686011386,0.06426039814025146,0.06414259353506313,0.06955612536941273,0.06744995294996634,0.06066847094767096,0.05565350286347636,0.0530351249889037,0.05178790402458737,0.04942830105398266,0.04193347472704957,0.03168098104884757,0.024077170210230252,0.02121779988270821,0.018064341624481044,0.014735430289521888,0.012719648883815863,0.012951278696076996,0.01317568936115751,0.013334341365981857,0.013548849498162707,0.017032972162392187,0.029422900380638276,0.05722736652711982,0.05445553320718524,0.05186846951682178,0.05467620036689742,0.05357357310918983,0.049621349036855084,0.046506395389893096,0.044532460393720545,0.04012249799779047,0.041690479240068225,0.04134418913098356,0.03529087940700611,0.026239080535004396,0.02038071684896992,0.016695428254667938,0.01564768452097501,0.013272393196457125,0.011828633969219023,0.010287497979538297,0.01018066417774976,0.010054382361249467,0.010227527125561596,0.010812731410645197,0.012758797875039809,0.017124123376123318,0.026192631097370245,0.030643495132029897,0.031003603895111788,0.03193802233429188,0.028468689585355797,0.027808460536920095,0.026558035232715015,0.0275537658204679,0.028851847079771776,0.027955076604426875,0.02465430729525934,0.0256076535748205,0.0188894071627818,0.01596944228608839,0.015242368701840604,0.013314720382807373,0.011710448770422967,0.010282932102782352,0.01008683094737639,0.009572985855196843,0.009169224721265714,0.009664400836551956,0.010206252263286994,0.012237696775608879,0.017515123383855802,0.019419425253984556,0.021537823186650783,0.02246404301334778,0.02027082354608908,0.01650317828468476,0.016279277377794228,0.017020656167015827,0.018888351346008338,0.019058442854999642,0.01848586879142012,0.01939420712820223,0.018710855074861657,0.017182253557677624,0.014851639152084133,0,0,0,1,0,1
0.01432850146714465,0.011327875329603707,0.01067667195549347,0.010901020245874589,0.011047547454309229,0.010931202787048351,0.01461261290885061,0.030767237638906986,0.05608222062027795,0.060719755173179166,0.06898444006589961,0.06485192563924438,0.06602732494212991,0.06541498911392406,0.05763700844641488,0.0550744161115621,0.05329106647790488,0.04653155309720519,0.04428530061815498,0.03567297545655055,0.030143723091742076,0.02236703227641594,0.01797018414158715,0.0150276013524603,0.012737683769921742,0.01108228747321215,0.010627743562537687,0.01072474044699387,0.009978002020905506,0.010818383715766258,0.013318719185065763,0.02768595274462074,0.051409688078041124,0.06107308868225827,0.06289014645306804,0.06220833058705635,0.06343695779019409,0.06420347394981485,0.058807162350410856,0.05469304981496726,0.05174530761708857,0.04850838055890938,0.04681514859804576,0.040435453691305565,0.030012158168677968,0.02404985942963819,0.0207100021669333,0.01925926241721014,0.014805918756602593,0.012459591638422996,0.0115176555813769,0.012136182700084956,0.012479369371955379,0.012708705090793342,0.015692907110485696,0.030337372900084047,0.05067602015411753,0.056790865411779606,0.06422873716211117,0.06593393964380982,0.06741116435843295,0.06726824873613436,0.058081663490332926,0.05234827051940342,0.05111706361189953,0.052288969637249424,0.049295964304245585,0.038873320921642154,0.03131688665083188,0.027892759045245616,0.023942285757245635,0.018883743450527516,0.014145944387624024,0.011145318250083086,0.01039754794224435,0.0106208643508751,0.010569872194418588,0.010964480973473212,0.013846096749229857,0.027333117285848713,0.05379926823955927,0.05944477928147132,0.06396275175058665,0.06384394915023354,0.0692610703649399,0.06719575904321515,0.06040374138738868,0.05544119640181956,0.052897747551033325,0.051708245864252225,0.04943026302141249,0.04194114114419171,0.031689395962420694,0.024048999528182808,0.021172765350474482,0.01803441878050344,0.014693701616343183,0.012681016263848004,0.012921616691782718,0.01314596498216384,0.013310378140925123,0.013520968007981068,0.017023604616674192,0.02942587735464441,0.05717704715655588,0.054323446277737074,0.051587290047528496,0.05435191998119191,0.05328276525468662,0.049312259725414594,0.04629952686787984,0.04439261632009525,0.04005706126864873,0.04170724102221893,0.04141912382478542,0.0353612040436298,0.026264926341494826,0.02039561873120325,0.01670579946568096,0.01562923862145587,0.013265061334085839,0.011798739477411151,0.010255664201676569,0.010156173602991963,0.010023404817882494,0.010208627591926532,0.01077409879067734,0.012749980360768865,0.017103607770702283,0.026227198020749444,0.030705041947527448,0.031037530060187578,0.03197288411983303,0.028502819885826494,0.027841054151664747,0.026596418353540808,0.027603807339413835,0.028897306893607203,0.02800700070517651,0.024695831832724162,0.025595671962151782,0.018889889148927093,0.015967043695277974,0.015237123556629662,0.01329876947123839,0.011702771012012295,0.010265603277454044,0.01007689068856743,0.00956387347875119,0.00914991691689187,0.009656552965352599,0.010189881740144513,0.012235071367746883,0.017538270067128756,0.01943869903553527,0.021582347380071875,0.022498059905343724,0.02030085412784975,0.016509279664096994,0.016281681638747682,0.017029949996893487,0.018880078192696912,0.01907759755758807,0.018488891128905477,0.0193978248605373,0.018717954449425884,0.017176373324612533,0.014851389653158974,1,0,1,0,1,0
0.013156302488953185,0.010499706638780845,0.009638219177580057,0.009653605164814108,0.009643539586224482,0.009548263737483848,0.012763771142833662,0.026335539117709396,0.04640832033275501,0.05073326241228332,0.05523676731785747,0.05242162951282671,0.055743009164555594,0.05464513715997995,0.04836745340631221,0.04619753743372209,0.04554480536419755,0.04085334863301151,0.04201132366209288,0.03560034967316548,0.02953201424186332,0.023693592792491117,0.018662975588144504,0.015527202781516253,0.01377153825399096,0.012369070932911036,0.01116447529732248,0.011588984015262618,0.010682504241825859,0.011196361790279183,0.013284589321550216,0.026284268085128227,0.04560793948207368,0.05069118208634093,0.05255969538348135,0.05152505338508423,0.05297759019920313,0.05361480442802652,0.050366332957214946,0.04500730340378681,0.04404697812598457,0.04412643162802818,0.043935443713899916,0.037922047242241075,0.03493428383032456,0.026255420522880813,0.021250276395829833,0.018883429803127703,0.015604587345538786,0.012491466241528162,0.011542670276941357,0.011837169713495027,0.011792176462261576,0.011875667680917837,0.014516376434903284,0.02797827649217123,0.04411229559640889,0.047195300934122435,0.052834978079513505,0.054034898177499964,0.05610385737561166,0.057645282419439905,0.049907350260628244,0.04385208409017191,0.043666465781467385,0.04568457268124148,0.04551359208436698,0.03798385416539743,0.03302165541704737,0.026140919725277365,0.023152512350659005,0.01836543234541238,0.014873374675385291,0.011733959387034941,0.010487939736785868,0.010648727658440268,0.010523508995774677,0.01072904628260589,0.013141487080100408,0.02504121370175709,0.045250953156800465,0.05001029870426986,0.052287015812819256,0.05229780005586796,0.057486762898726056,0.05701982598616007,0.050939850249186576,0.04581721613779783,0.044677519024848955,0.04501617970651249,0.04592043823475452,0.038886236181115516,0.030050371555368462,0.023606254249835482,0.02085661614469,0.01776491220518226,0.014311732894933949,0.01268694598952692,0.012269375873999925,0.011947850919399738,0.011822212190951932,0.012020331955538805,0.01540980516598514,0.026428684344633902,0.047634558842399095,0.04563216851390303,0.044659236640024545,0.045887767699991346,0.04594096933093885,0.043643924932961355,0.040619838111145355,0.038756194521461736,0.03680428873783125,0.03951148792576261,0.03924552314129715,0.03381983542359188,0.02712217153527494,0.021214861117307623,0.018538579525427028,0.017171754113206587,0.015444674116489707,0.013655828466270135,0.011358590334463662,0.011084554868550592,0.010335929746712881,0.01026212011180079,0.01087548463333403,0.012821411897590437,0.017784036252591565,0.024453948388390465,0.02709117552546998,0.027916140572927052,0.028936473419678338,0.025390368822714286,0.02426017731093339,0.02339337925240235,0.02556142187309117,0.02579711468149353,0.024893068059336616,0.02319042376033468,0.024184855963893682,0.019622578765910073,0.017609610032565462,0.015698765192923167,0.013648556660464327,0.012838136912116202,0.011234268291259362,0.011127747934864726,0.010328551551072774,0.01009750852167657,0.009708190380543835,0.009853375344777243,0.01154476861785509,0.015702928695402175,0.017500772462153816,0.01999196503892245,0.019637091344732023,0.018275210538657667,0.017365794460469052,0.015404535333186342,0.017181094060626224,0.0189294023931232,0.018203345531606272,0.01775297388288631,0.018661116070139813,0.01751073654260835,0.018015262879782504,0.016341190851443546,0,0,1,0,1,0
0.019357516166570467,0.016142730214758212,0.014057185720566362,0.012029133215505979,0.011229910291106048,0.011485111442237083,0.015500837037994828,0.026565687228244962,0.03765535109431054,0.043206023574361305,0.03925938872049004,0.03881360362952874,0.05163484570987471,0.047482578786046885,0.04284223995286576,0.04063229123590403,0.0431425230485733,0.04054109650991093,0.05114824832375668,0.05070981028412332,0.04235633176793531,0.04074593229807891,0.033630374964370977,0.02825662920921985,0.02598208769533892,0.022453338820324867,0.017842372541562384,0.0178064403771207,0.01689343897896742,0.016581589340884138,0.018781855861493335,0.033549733321260974,0.04394726756448616,0.04213378401308703,0.04508472856717606,0.04157045256642398,0.04328504208078316,0.04365135841660175,0.04597581421275054,0.03621854056870486,0.039497726254564866,0.04624314878042604,0.05085837931173095,0.04656690571777017,0.0709489348103991,0.05146947065066214,0.037896615004608974,0.03389733545676108,0.02843267738061013,0.020119657782290606,0.01778290436896164,0.018933807453426883,0.015865379508767218,0.015535192200280665,0.01905282000695656,0.03330719980115398,0.042433846744641526,0.038440119157942904,0.04114530069447555,0.040666432372133146,0.04544776124147544,0.05168611527074041,0.04671093922379158,0.038246810721677155,0.03975983422131141,0.04386399132755131,0.05138936116660689,0.0511719791532295,0.05422385127831273,0.03652521790878043,0.03659234593352458,0.030160634393615392,0.026247927952715015,0.020874427845390578,0.01751334731332187,0.015888162920298057,0.015670622192886056,0.015374708865590626,0.0179233989632976,0.030502829555482072,0.04147424252316245,0.043726721799348126,0.04093948665707565,0.04064504868417731,0.046852029281611154,0.05010616599856548,0.04545340675066317,0.03695706379550928,0.03788870146211188,0.042017446214570604,0.053168722143125735,0.04474060206358133,0.03978580187399517,0.0356565679014642,0.031383438799300674,0.028068577279521622,0.0225465152360376,0.020060906284317916,0.01697456329497375,0.014887855964682546,0.01389649726732666,0.01341773067594826,0.018112643217692428,0.029840625206715442,0.042708906339842985,0.04334126970620431,0.045243624748999615,0.041138958716719846,0.0449840839350549,0.04543089185253004,0.04253146015323461,0.04262775202043907,0.04623361070226697,0.04975141855452036,0.04925481432177024,0.04643133604585282,0.04592986781868334,0.03857497820869921,0.03745726052706388,0.03558239533133728,0.031128025222511978,0.026701391042343238,0.022516908662488015,0.019898985834618747,0.01724785596129276,0.016399518477520192,0.01690935437034187,0.020341325162561767,0.028146858488469918,0.03329286901773494,0.031864283707620254,0.03402649201004262,0.038120135239521,0.03320853974049698,0.02759835142285916,0.028232994001850285,0.03477252365820737,0.033016130000394384,0.03237417629067124,0.03487925298409567,0.0353799731079263,0.03441810613272613,0.0367556741580443,0.03143107089704891,0.027001221076176366,0.026520288629713465,0.022546566484173334,0.022925185108806593,0.020240774777338186,0.01997495210723068,0.016697750087948656,0.015765346615989825,0.0184348167133393,0.020923021722951983,0.023114972726922985,0.027314820441634004,0.023651136670980455,0.024270169286759624,0.03337924607306514,0.024517672854978058,0.029344208809390253,0.03353567744531486,0.02885004887585044,0.028347655545874307,0.02945151646817733,0.03222109512234581,0.04027393944937956,0.03798704109755992,1,0,1,0,1,0
0.014612046283105267,0.0115220222095397,0.010109547879603992,0.007951420726150146,0.007668426513381456,0.008507205851567112,0.012268714873548098,0.01973315842607541,0.025644144299744286,0.027861705621421477,0.026824815723538297,0.02522042545073077,0.030203120479409123,0.027672986465258023,0.026677408776427044,0.026717049675196752,0.026516110481674557,0.025447929197122465,0.028429850572933797,0.027708228624528028,0.024136877533954864,0.02412053874348002,0.022767700645439967,0.02026485185290613,0.018291246685252314,0.013313680548018217,0.010686545899864059,0.010333325244854743,0.01014032856502898,0.01037636744224913,0.01274003515843001,0.02374649560006351,0.024265289307895746,0.023081576418483452,0.022279924660760626,0.022810938303198868,0.023660480524739465,0.024733882769651275,0.025443042890954944,0.024372805336941788,0.027694700803687793,0.027939683651869034,0.02800513749705761,0.025681964360581355,0.033300424900004746,0.02832672560761345,0.0246604263053856,0.025026317430956926,0.017584560260265714,0.0128544654816164,0.011068712949996505,0.013059633894794833,0.009863128755467576,0.01017140758112233,0.013193074948161042,0.022815759090663246,0.027416581132455833,0.023785236860049734,0.021365582168623828,0.0241515642337254,0.024541081549366395,0.027737460438701803,0.028718627738636645,0.02797859834863208,0.02812930831663515,0.03135109431426212,0.03148555027880518,0.02889060790171503,0.02646422187289784,0.024792952618310656,0.024433021755570137,0.022396956720983636,0.01597221847713368,0.0129387136919551,0.012062588720619188,0.009727330747151574,0.00976459507356202,0.00992233173788226,0.012602757766327017,0.022407288701666455,0.030341251884954522,0.02658931958023935,0.024868596232963145,0.024780505597113353,0.026828685735495683,0.02775783916266424,0.028301163162780432,0.025305006362716945,0.025589410722841807,0.02825140127052665,0.034889744676409436,0.029400914267328694,0.024670063177190157,0.02410950543798507,0.02328764635991653,0.019159300504415007,0.018160719386196213,0.013237616068348475,0.010920462525206797,0.010517728030775839,0.01060813653177234,0.010423523771282134,0.01480743746645148,0.021860125276475684,0.033068285438502945,0.030126816850330335,0.028737451211241657,0.02605910665787186,0.027487753007751654,0.028375208099305462,0.0294130043904291,0.03280028596395078,0.03199316070116015,0.03298591984489037,0.03608889681765753,0.03616790080927184,0.03333937245303098,0.02519358301223587,0.02400062874133939,0.024472557240844888,0.017773055626387726,0.01508555616336365,0.013859085165487374,0.011509658537382056,0.010827488200076715,0.010624908904065556,0.010783309689855358,0.014430681759952034,0.017721679608503457,0.02352036833968107,0.02117064100755267,0.023494004749213253,0.026418617239680163,0.023955198902800852,0.020138745061448714,0.02056723297162309,0.0223600822690995,0.022519910658820884,0.025224620376165092,0.02460237852481901,0.02523639952844449,0.020993965121254596,0.025330631072517856,0.024090078642585614,0.020115267326437834,0.017976774374084993,0.012771062133769715,0.013111997793207602,0.011648912130100178,0.011021477132828878,0.010653646285299138,0.011326901030189957,0.013675677149744544,0.015557294094776327,0.016388366160012647,0.017381778904666825,0.018036186565524387,0.017027533768307585,0.023775554072676893,0.020050236790159052,0.021370707186006723,0.02532852587696648,0.023459808165584777,0.0216992334500684,0.021115322684776998,0.02695248173928871,0.029053747947488596,0.026555959425946626,1,0,1,0,0,1
0.00724421979650125,0.004566384912693353,0.0037936951775703245,0.003249140545874148,0.003349488093974988,0.004172571612878502,0.006562322345457384,0.01295591450508564,0.021420156793597236,0.024070506592784157,0.02163864396119557,0.019429264139348024,0.020884502545166723,0.018985704843115028,0.017752338070762166,0.01924915431140861,0.01815449412127194,0.017768761574085867,0.018604864451987033,0.015665171766748295,0.012299495851277108,0.011616869382028718,0.008529015988667605,0.0091226933130826,0.008530691632202513,0.006679415345597988,0.005461895223180292,0.005582116869241683,0.005490892803196296,0.005812946319607866,0.00784025373061117,0.018524877471617674,0.020860325043134755,0.020419449110521164,0.015407244622791047,0.015266299272805274,0.016450595294414044,0.0198540323392385,0.017456807453927598,0.016281110460601222,0.019651409211844658,0.020357974524621642,0.018193745092912977,0.015110402413884725,0.012368690799449777,0.009955190685700945,0.010919735084409897,0.011594460195338491,0.006985668662385188,0.005562106394993487,0.005512350330525681,0.003959022136374802,0.003832118967540042,0.004736713860806071,0.006495441675413822,0.014898108697547832,0.0216084913014875,0.02047932905490131,0.015850033942168683,0.017349067670392432,0.01670277243885945,0.018690653602657717,0.02014607483507485,0.021287958975605627,0.020927368403684723,0.022968117345243,0.019985674584041116,0.016365058989041368,0.013408207146514205,0.01223122075658259,0.010109308245955857,0.009503566425367514,0.006772156712242857,0.005248765172403937,0.00437433872737432,0.004116676784953957,0.004412801416620398,0.0055061406330951385,0.007699714077198876,0.014239535023827136,0.021775635542959734,0.0217432923963526,0.018768166817862295,0.01982057209694142,0.0186550037887358,0.019535237438097194,0.020021157359892933,0.017564401708406972,0.018485949363974217,0.019189533390441948,0.022299722061863498,0.01854032071317984,0.013094946925948118,0.011450599458998068,0.015133698732888898,0.010480189735863172,0.010543147985927061,0.006700382513226227,0.005284975364726566,0.005613640842852693,0.005541876254244963,0.006261874173627495,0.01040785744664233,0.015133025546589312,0.02334727065187144,0.022380029846848674,0.02415370459401276,0.019889579413311202,0.020124941087017272,0.020702951613446836,0.021095187662012294,0.02156737751214943,0.020269414601373895,0.025409282624381264,0.028772216598502084,0.025987234573075908,0.02516217634384343,0.012893168828128408,0.010890416928592822,0.009586833530014166,0.00886761771490715,0.007517623818451821,0.006891769927859028,0.005872637259274102,0.005440618920715632,0.0051358890826473545,0.005777113679087517,0.007808746460810022,0.0114780946116687,0.016337526310009367,0.014084048895499265,0.016324073109671024,0.016295015579005107,0.014338277404726108,0.01289403628199108,0.013061092656860937,0.012440916458891196,0.011998597591937422,0.013370396134560689,0.012168471647335895,0.013875931817355042,0.010827696192932074,0.013930718702357788,0.012830598197909176,0.009972204771567059,0.011515172486672722,0.006327757191640182,0.005338002629522245,0.004720101352764492,0.00509257176370457,0.005163576672325325,0.006096097127313222,0.006735428701907368,0.008916432874523253,0.008725023493242673,0.009431297061445285,0.01023078038934613,0.008222931082865492,0.01488021159810546,0.012037880827094621,0.013666023084306303,0.01474104577561133,0.015642052325037875,0.013392500991611656,0.011360688815580175,0.009450730682304941,0.009937873185477092,0.009626991083612955,0,0,0,1,1,1
0.0071765504068623115,0.0044894878790127405,0.003729101669278611,0.00317531939354076,0.003277204882315213,0.004091060757177055,0.006460818260998978,0.012811348081766094,0.02127251448893046,0.0239367057541799,0.02146331872440378,0.019255476843229844,0.02069225996096519,0.018814993428344067,0.01753395049510923,0.019064601430575145,0.017934568604945394,0.017536532532370426,0.018391090698354935,0.015462163597831485,0.01212878443650615,0.01149537206881335,0.008435201607577257,0.009011961584582517,0.008441491073133002,0.006588676845854867,0.005357315257374661,0.00548984042882495,0.005384774896717052,0.005722207819864745,0.007723370239416645,0.018391076633013412,0.020708068916447143,0.019924232213618033,0.015104270310089435,0.015123270790159337,0.016299877108400043,0.01968639680581476,0.01727225457309413,0.016073488469663572,0.019465318390337577,0.02020110457591319,0.01806148219498233,0.014945842761808222,0.012197979384678821,0.009781403389582761,0.010793623949173697,0.011476038763470345,0.006942606323524046,0.005526733759500406,0.005478515635706213,0.003909808034819211,0.0037952083913733482,0.004681347996556031,0.0064339240484693324,0.014778149325006075,0.02148391810692491,0.020370135267074842,0.015745453976363056,0.01722141859448262,0.016588964829012145,0.01855223894203261,0.019987666945692786,0.021111095798140224,0.02072128435342068,0.022832778565965127,0.019779590533777078,0.016165126701471775,0.01325902690117382,0.01207896462989498,0.009957052119268249,0.009372841468110476,0.0066937217378886344,0.005153412850639976,0.004278986405610362,0.004030552107231671,0.004323600857550889,0.005407712429983956,0.007590520289372408,0.014090354778486748,0.021614151772230455,0.021600263913706664,0.01863129009791081,0.01966831597025381,0.01853043059417321,0.01940297454016654,0.019835066538385855,0.017415221463066587,0.01831831383055048,0.01901882197567099,0.02210594153698835,0.018337312544263025,0.012950380502628568,0.011349095374539661,0.015047574055166614,0.010378685651404766,0.01046625095224645,0.0066465545896498,0.005238837144518198,0.005545971453213755,0.005489586271342148,0.006201894487356617,0.010344801879024227,0.01501306617404756,0.023198090406531056,0.0222569945929597,0.024052200509554353,0.01974347504931804,0.019978836723024113,0.02057068871551618,0.02094754535734552,0.021372059046600677,0.020103317008623774,0.02517859152333943,0.028547677260154707,0.025794991988874378,0.025056058437364186,0.012725533294704676,0.010788912844134416,0.00948532944555576,0.008813789791330724,0.007448416488139273,0.006808721131483969,0.00579574022559349,0.005374487471750306,0.005062067930313968,0.005701754586080516,0.007730311486455798,0.011378128467883905,0.0162037254714051,0.013930254828138042,0.016199499915108436,0.016150449155685562,0.014229083616899642,0.012810987485616019,0.012978043860485873,0.012302501798266096,0.01185864499063871,0.013190457075748056,0.012043898452773304,0.013774427732896633,0.010710812701737547,0.013806145507795199,0.01270910088469381,0.009866086865087813,0.011390599292110129,0.006252398098633183,0.005265719417862469,0.004638590497063043,0.0049756882725100395,0.005080527875950263,0.006009972449590937,0.00664622814283786,0.008799549383328727,0.008563539722513388,0.009294420341493796,0.01009236572872103,0.008093744066282063,0.01474948664084842,0.011907155869837581,0.013533760186375652,0.014611858759027901,0.015491334139023876,0.013280231322437963,0.011202280926198115,0.00930462631831178,0.00979792058417838,0.009517797295786485,0,0,0,1,1,0
0.06689696735664563,0.017683399662570924,0.01394623305841707,0.012950833469856418,0.01261317272330165,0.013315814180175073,0.02011414494371566,0.027790049646161837,0.0569117980805698,0.07338093714262457,0.10033522635651572,0.08265783916241574,0.07202968953395794,0.0776871952729848,0.07675379539942152,0.07619514268962585,0.06914897281859562,0.06869698073918248,0.07097794742438364,0.0623732606860506,0.05758366248096873,0.0464575230900246,0.03813707744336132,0.04102681717932632,0.0276027663045251,0.02149782314122169,0.02074846421708962,0.017358955218293795,0.01638758289254391,0.017694474632375404,0.019730266475935766,0.038464243941633794,0.06178385979390148,0.08253974931493514,0.09988553127263991,0.07551365988607145,0.08086463363923582,0.09276308505485815,0.0852175275897294,0.08834289316691005,0.08672114326119122,0.08408772746913226,0.07985761382095943,0.07801144436895296,0.06428750366754497,0.05083978109039424,0.050286376128188634,0.057127596557184225,0.03293018585279579,0.024624067143077882,0.02060223474250639,0.02132013491337188,0.02136497462985823,0.01959599742083245,0.02454008625585237,0.038943756575654735,0.06333794249579398,0.08885720326735759,0.12882487976066004,0.07842933612567939,0.08580268690770608,0.07791455501439443,0.08173503058143157,0.11965810310859455,0.08682774635456122,0.07520997892988283,0.09560397151172362,0.06357858685387632,0.06581370534236394,0.048402940115971384,0.06739984492796036,0.05781462334879719,0.03876244210336845,0.026921418836400573,0.020838316316055483,0.01916491210473199,0.018222642802054982,0.018590397541504027,0.026845511834533407,0.03767305477336057,0.0643845990413923,0.10589670628716297,0.10857315140377131,0.1016072635149758,0.08665847887997108,0.08376898731685464,0.12474072113686055,0.0921170250483425,0.08536147582697308,0.08857874512286036,0.0888589723601456,0.0769029651585215,0.06781989552159154,0.05558241619378244,0.053560307164953455,0.04484745857701109,0.055056464220744776,0.025471944626375344,0.025470644180671957,0.021599641352581356,0.019764323610901666,0.0209465093987374,0.023132665546805577,0.03448344890100057,0.06054739951206703,0.08870737204240502,0.11495717201232974,0.12193069400312419,0.08836775459457141,0.08860240452641391,0.11898098114826879,0.11997712111785859,0.0959797644567206,0.08165550493012436,0.07151037207605124,0.06786629849057627,0.06628110204091717,0.05638041324023734,0.04949158582825419,0.05107138060525291,0.04750301838943931,0.032539867552694286,0.024630644315362032,0.025640795425928228,0.0223593967145535,0.020381029672122037,0.02191898507404086,0.027464879200429552,0.0374622784795134,0.0396534799504784,0.04418129422864626,0.05344214645461196,0.05291847870453495,0.052483317412522254,0.05062618306024129,0.08064555528583892,0.05303606931568904,0.05884418430981898,0.06713930211300147,0.058423971760366344,0.0678387018449402,0.07026708456089142,0.06883460919755754,0.05877544282157242,0.04944908488687618,0.04131491786833243,0.0320020513149927,0.02364658355348169,0.02086107940016818,0.024469660413337306,0.01901654289597068,0.019930943148593117,0.023871600146247778,0.02673326614518209,0.03797995221311016,0.040638808718965615,0.049106249728069984,0.042352468252266004,0.04702743228302924,0.043854635393530655,0.06631192966836064,0.055202689569847856,0.05939641396105099,0.05364795134279745,0.046601433329593406,0.035976572256089315,0.03313260660258568,0.044141888632902304,1,1,0,0,0,0
0.042344910598326894,0.0354502337389227,0.029668415504392413,0.027216045398015157,0.025900478358757344,0.026627164318774748,0.03139940170521295,0.04578715653860041,0.06463503120352092,0.0719941162774365,0.07393921918616465,0.08092266022365635,0.08760099663081831,0.09355224670503078,0.0937512361502594,0.08365434411990545,0.08367355467603353,0.07989947401018664,0.08758080503156693,0.0797982256284051,0.08152306330456878,0.08278148114556728,0.07785288720302902,0.0612759547196926,0.0524881765608242,0.03817107423491511,0.03418416530408309,0.03289915896927413,0.02838095627238427,0.02828110609772161,0.03254312007605031,0.05176435781794569,0.0745206833128138,0.0807887000243098,0.08723798299001323,0.08514000259781561,0.08608517954832909,0.09960631000849406,0.08765291142771596,0.08552313942985892,0.0827499781138439,0.09141198409699985,0.08712187389836416,0.09841386415177648,0.09729421430233082,0.09696496381566998,0.08125167728853523,0.07781266798270317,0.05840988453921784,0.04548106055187906,0.03873383124023475,0.03282726389068215,0.030166310855770352,0.02824047496361391,0.033178548038180745,0.04968528151507131,0.07644335564325139,0.0872296537569487,0.08049813096891577,0.09845111353717703,0.09432971637293235,0.1016539292679571,0.10150510278963241,0.08908179796532184,0.08566557066084225,0.08831967557611162,0.09815340422625066,0.094303682291098,0.09740039159349215,0.10395229955249977,0.10480206986532206,0.0751250338036618,0.059650993467135496,0.05088761881679886,0.04176075308087749,0.03662217514403054,0.0361570954931099,0.03585262496587384,0.03703786906936998,0.055551599736309895,0.07959438232932718,0.0855203142477637,0.0849806972220654,0.08537597188840147,0.09702151068099191,0.09237985543239967,0.09434686001630486,0.08527724515676338,0.08856820217132651,0.09109887693254129,0.09858548957757275,0.10189769543295114,0.11017116044584195,0.11830427324216956,0.09444675140482203,0.0764991791071113,0.05778382833211559,0.044461351075669654,0.03826054000847805,0.03393226324216166,0.03169323393164634,0.03350571105849543,0.0347483348695515,0.04618423180273896,0.06832864056166014,0.07983294705771274,0.08754336192425818,0.09715908943172538,0.09031202265732062,0.1110607634859294,0.10511055196949103,0.08738750973355137,0.08522903098975464,0.08348919827621108,0.08594143872499695,0.07795079825200875,0.08643021892989919,0.08542877763487759,0.07643353112895417,0.08160243541257757,0.056526397322405456,0.04697911514891453,0.04482517529097947,0.0360583074233981,0.02830561711924768,0.02646489259898241,0.026284152556672165,0.031249456072039092,0.05395565056148824,0.06026958171883664,0.06901637775386683,0.07147649037319648,0.08198614916220787,0.07688035871640143,0.08655003862199515,0.06774652032720127,0.06242285276638288,0.07341178596248411,0.06835631650084802,0.07453464557684296,0.08722621546083366,0.10524544733022148,0.09727565280012439,0.10110506796182074,0.06775963189856464,0.057352298707188346,0.044222689099742564,0.036557695262138756,0.035779817625732596,0.03351080082462053,0.02968955784967632,0.03196701259141578,0.03370299364270908,0.042031468048296716,0.051417942252582956,0.05575292357891817,0.06201052318773268,0.06656284351825538,0.06681274345038403,0.06240405026559375,0.061804707993492664,0.07896099956174138,0.06953614341843642,0.07542261074223677,0.07851597100151843,0.07385628620993717,0.06904952014592486,0.054224239490712985,1,1,0,0,0,0
0.16557971717107975,0.13286984706848765,0.11555704755896284,0.10951026955346636,0.10183489927108029,0.10423168813939844,0.11375773144717578,0.1794776489686647,0.22500391647893925,0.27487636158899903,0.2687929312995065,0.2785937146251121,0.3292333183339672,0.33162025393078925,0.3771361920112878,0.33049482768971694,0.3456728117210854,0.30559263971124817,0.35129773574985823,0.3205023035523125,0.3232764764467552,0.3274070083277039,0.3115119729634098,0.24791306667739826,0.22786329183425125,0.15550419354121053,0.12250453068198257,0.11590775044107593,0.09971266349816371,0.1005656168766607,0.1139199822959719,0.18394172995490732,0.27411678061386496,0.2902601711449917,0.3191504726810955,0.31528414171148567,0.31784077905501057,0.3812614503755243,0.32031122783868077,0.29185200828505437,0.3064542257048115,0.34280348708601416,0.3445082284380638,0.3712575071992643,0.3789823106005251,0.3663145676721268,0.3376209842755395,0.3183336857686529,0.24178351197930537,0.19730427780491447,0.1633639638710649,0.12597015161466613,0.11646255426143232,0.10688335771027989,0.12388267484684527,0.1889829128513222,0.2858054829834126,0.35383604381152456,0.2919273902008335,0.38909323862840733,0.38419309807820284,0.40476360281353724,0.3947509674505851,0.34820774016427963,0.34261786750622547,0.36173114246146126,0.4014811336469724,0.35834176299176046,0.38729108434954557,0.4387384605859319,0.4119305845470151,0.2993979164786254,0.21837040453768466,0.19716511487910823,0.15181445382360825,0.12232662539441433,0.13093157572009886,0.14020334502564258,0.1504972684527512,0.2241449227466607,0.3005841942573428,0.3283978179837996,0.3399502117154318,0.3288011237470911,0.3782808230240056,0.35762708063927023,0.41150997933969585,0.3308579438833675,0.33651775658378835,0.35129117601471954,0.34773155742982526,0.3746366746294439,0.38703500286609055,0.39280223709176193,0.3458453288312896,0.29778686236972957,0.23728501708519595,0.16447236076789318,0.13210866537062854,0.11578025407330797,0.11066515104504676,0.11809134169684782,0.12206470478399836,0.17861296195806686,0.2500645632520413,0.26660884059838513,0.31730015241189385,0.3567660602623701,0.3611072867700606,0.4204827385002302,0.41083190199360303,0.3201109005385434,0.2969975686764732,0.353363309634913,0.340710486438942,0.3161036772019678,0.3562808860745864,0.3280361938260663,0.30556536415798974,0.2961316381723656,0.18910464746441483,0.1622710041994118,0.16730508287913023,0.13331213362803454,0.09363927448843308,0.08697571243089092,0.09149604179053616,0.10810878597587731,0.1660930711287656,0.22416624998932386,0.26922841488812876,0.2875213270844303,0.3411801060126791,0.31212131493456224,0.3760293916047507,0.2856335077969273,0.26202484460303704,0.2945491577383346,0.3111004500779773,0.3305066876523532,0.36571596408864765,0.3677904146279994,0.3636681178591968,0.35621659205576245,0.24710324041369552,0.19506725740906333,0.1469669550399702,0.13106163999675466,0.14715026033273781,0.13686363728328085,0.12707530544787243,0.13383037212401142,0.12654641124793325,0.14564311273075187,0.19352711429854624,0.23940435677493896,0.2595343246681653,0.28456380706029044,0.27031301188400203,0.25652825786476346,0.24729094811263916,0.28391563483128845,0.2921278684370278,0.313548249184437,0.31472097664667403,0.2940923512522777,0.2835808403917868,0.218014238774967,1,1,0,0,0,0
0.12491494730299701,0.09777759181362876,0.09278745275915477,0.08139020280154974,0.07606466244024557,0.07594349035861041,0.08347697901135362,0.1183169379541588,0.18749390423820925,0.22601623558133604,0.2502355884345594,0.22663412914539463,0.25478292711619177,0.30224710921413184,0.3219142226950986,0.31792017038828646,0.3457912127332342,0.3062462256567485,0.32530868540300834,0.2483303401266456,0.2407085948431173,0.21447704836476925,0.20421083612572247,0.16008034315490097,0.13452243771165828,0.11514613419825523,0.083190825007693,0.08375583563489442,0.07529005636881315,0.0821202405600113,0.08356105845928308,0.13250260855839402,0.20584684029952277,0.23250566700722342,0.2587581539898371,0.2826398106853479,0.28107861745838264,0.35376961946164137,0.3356950204270382,0.29805723468092743,0.3103027953027173,0.30927111026207066,0.3526342185775374,0.3473402055532819,0.28325755736977404,0.27776919452174015,0.22066881263961513,0.19088764360828128,0.15683241235340925,0.13512182082676527,0.09958803796236594,0.08825871965500416,0.08565910675752313,0.08388965264482806,0.09939133661505274,0.1563672976412799,0.1994126988364037,0.24380211761719778,0.2816050934797291,0.31256651317864437,0.3095533063517663,0.35415214697315023,0.3380950802375666,0.31348159463712694,0.318569878625137,0.3555315266141483,0.3575899919017952,0.30581884684645205,0.2745249387708108,0.2910682045753606,0.2472903626022399,0.19391372522985348,0.15339152950001522,0.11964215837843643,0.14297042459784112,0.08383295935560606,0.08749605291933983,0.08744123338509975,0.09398974216512897,0.13896525758102798,0.21335043705612153,0.24168688913659164,0.2648139106527306,0.2949602220200104,0.32377171077939304,0.3900835988444278,0.32960358119210104,0.33318264288212407,0.3346398599019101,0.32946821158917405,0.3758617817198357,0.3499640174794963,0.3214937020209422,0.25555686188859705,0.24820101560197882,0.21460817629364765,0.15443378078896253,0.12399612410732994,0.10319722380194228,0.09787555926138489,0.07964136666869434,0.08664100336244883,0.08990238036870987,0.1412252570126885,0.2126878560613476,0.23680651472485284,0.2702421051007771,0.3222260167470235,0.3025918026993164,0.3721285268296348,0.37158366192264175,0.3267981818616909,0.32747535909342834,0.33113454204705506,0.35744650831726266,0.2886146976884536,0.29613564111149665,0.26667879072706546,0.23644805253722864,0.19604272795904917,0.16267035349600592,0.14514705754711615,0.1308211312744314,0.12846716527972044,0.09208001162139412,0.09022458390006104,0.08867148412400298,0.10783657173741377,0.14747950672631704,0.20136653312993097,0.24613089038711297,0.3146260578619307,0.3160009295669461,0.33834889025977066,0.37238098281010085,0.4083542758382514,0.4593947933576385,0.4824672086934775,0.43929167184472295,0.4119602569958215,0.35104439959677497,0.2603561450306018,0.24156481041577663,0.21231365509531258,0.16874669495773112,0.12562079765456238,0.11963051014486152,0.09401698691561361,0.10112955185884065,0.0906410886518894,0.08299726452111794,0.08843535460802956,0.1089035848251884,0.16060219473980802,0.18816482846060542,0.2518784476647802,0.26377883224453214,0.23372672758459445,0.2606267148384735,0.2992520493010878,0.3066790648594339,0.33870268056394315,0.3352097755095272,0.2850799978652094,0.28625812690918506,0.21362754904628709,0.18655778602248882,0.16892313560091235,1,1,0,0,0,0
0.12802333918474615,0.12995023873031372,0.10424785092369016,0.0926974015817038,0.08883585350401589,0.08270100125606905,0.09174223874057152,0.12308802287371004,0.16226949841016722,0.17992711891475968,0.22403365554954333,0.23897056101869982,0.27588375405920157,0.2227805614564029,0.22924612242641637,0.22314454733210878,0.2488630674282375,0.2278747193822297,0.2531042397830463,0.20219590958562583,0.2322789896349976,0.18935461910784765,0.1946317400682396,0.18110832390507095,0.17360458332489442,0.13162050022703436,0.10849365801348884,0.09257925446618245,0.08576494918005721,0.0822377038622328,0.08610930613738933,0.13051065638823772,0.1909688970704449,0.19316057074181245,0.21413811836971477,0.2319660820791805,0.2231093240820311,0.24024454374238546,0.2302374965127102,0.2142684859824692,0.23394096853232652,0.23634113070716561,0.28884301292845843,0.30150460592805284,0.25714328625148175,0.23574688754906717,0.23613377568389698,0.22241442899974603,0.21500705549789606,0.17479582062665974,0.10824091469022323,0.10298703473310218,0.09767463770584238,0.10523501045251737,0.10183932622772474,0.15559507777410603,0.18189608574392077,0.20362123549409608,0.21938699969563716,0.2090279761700263,0.2528076388746146,0.2550684154462587,0.22822708390744018,0.23667476112029312,0.23346192022974405,0.261786642318046,0.24547614891708536,0.2652394509713392,0.2320872391615991,0.26374639019359314,0.21856709815532785,0.19676350853956948,0.1652230068309619,0.12578688574604968,0.11638150424416313,0.08779895780494892,0.08495907673198191,0.08568881931886982,0.09214599545763179,0.12563097353814912,0.18811587025109228,0.19029262356073817,0.2115737519175743,0.2188011964703353,0.2898663064159522,0.2962904307469361,0.24044079915582445,0.24257864461132855,0.2657197538063148,0.2546155774375976,0.2717223761539273,0.2709754075457984,0.23822964618177891,0.23144553483712174,0.21170473473057444,0.2435955383138415,0.2156490879242529,0.14279701747204496,0.14282985105294924,0.19497973844053382,0.10613360219894222,0.08793168303151465,0.10154385381676284,0.1376676728978081,0.19026523845480928,0.19813081541966923,0.22771474077470627,0.2378886789435862,0.23128026827531561,0.2591775796422338,0.2596437734412735,0.24492674667327186,0.24653589291326683,0.2606864637257653,0.23619050377589396,0.21391507479986901,0.2306143745527827,0.20532985065051368,0.19864793239583053,0.20681228817755568,0.19589459583573077,0.14001847689873842,0.12047405141094508,0.11425706529844373,0.09588231527542233,0.08885712267780568,0.08909041961610696,0.10283993671046432,0.13080989108469385,0.15301359135428674,0.17904681870382175,0.22384072542377328,0.24056025137808293,0.2373767665330873,0.23541620935169486,0.2848265001412631,0.29072990190389253,0.3164661239934792,0.3380071261933727,0.2750934545835078,0.21725174474755418,0.20319539187816002,0.21883075328122314,0.22262518762718125,0.17869067948022302,0.14005335442789266,0.1299087966063336,0.09938185085713455,0.08768559259819877,0.09573755672849373,0.0865649013522343,0.08597535867507038,0.11271856731453067,0.13527537707029896,0.165592635781178,0.17713022474231538,0.18222337091725682,0.17496921777053276,0.20206514590633448,0.21752549143894506,0.22562033164411807,0.25616030591736927,0.2263099081177456,0.23270222912194788,0.19741511682761886,0.20373733595870688,0.1987332864224954,0.16878152640869168,1,1,0,0,0,0
0.1001319359315021,0.08783373356325018,0.08384473693005548,0.07024832159358355,0.06054110497121422,0.06076015807997516,0.06547387691945981,0.08600598660373307,0.10959347196674073,0.1408892769047259,0.14135962117648235,0.1354489026542293,0.14132146273807308,0.1540541404580599,0.16794689543312008,0.17473009757254185,0.18911331272565657,0.1802354902904802,0.1507466120462204,0.1506404031667752,0.15331782928745416,0.17164760640951132,0.16851327587711093,0.15312115176442753,0.12973557791148088,0.11133779745287549,0.09822988610483378,0.07535947639007795,0.07059311452873158,0.062286442935431084,0.06351262545102444,0.10009714854632651,0.13128052460538217,0.13794124148236853,0.16509133228387393,0.17310816002168802,0.18344566640941767,0.1847244143951646,0.17920956013132536,0.16585862899692752,0.16575543744479646,0.16726697711230673,0.19406727804469429,0.17317776112214592,0.1896333413695248,0.18839806058806474,0.2026235099593819,0.15891116532588906,0.1343862797930214,0.0989442322590101,0.08199385850774991,0.07492651366449744,0.06712285676331649,0.06238096710913738,0.07010398455390891,0.09592376604187666,0.12434489921161913,0.13905096345635148,0.16092355032158145,0.14903077466257786,0.16570785402771435,0.16701120753843113,0.18871058570506732,0.17432999947598046,0.1658973990448014,0.15970796744786167,0.1633953721747444,0.17399768835167373,0.17614402394933334,0.21068225847933103,0.17807579440361118,0.1730915714592715,0.1395926167099534,0.11172019680103852,0.10403836961894274,0.07782578667200918,0.07261256696686322,0.07021286218130712,0.08274846720366831,0.10047257128177142,0.13045009863932602,0.13217208493629648,0.13743682263782447,0.14805048049833053,0.16703294879663558,0.18298692302166775,0.17954156144624278,0.16375096286870192,0.15283185022548293,0.16905971401796394,0.16784324915812468,0.17936172752047994,0.1592547943562392,0.1808058558458831,0.16322451712482394,0.1606094870858658,0.14275541243551457,0.1095201652531728,0.09478032782104458,0.09447989258361497,0.06577586734836095,0.06506657529143615,0.07054000797688421,0.09363833043121973,0.12660754773114022,0.1361052685301768,0.155943697375721,0.14051096590135187,0.14222515946741363,0.1638818529029981,0.15234630897396428,0.15862926614584866,0.15876549755870187,0.1655343570311814,0.16898100480470074,0.16505509746917874,0.17376724740782556,0.15896920801309894,0.1619088916086778,0.1399678603484145,0.10960697181897591,0.09380052412832855,0.07943734623659865,0.07186168187143277,0.06517692947337776,0.05839993048644567,0.06366757018222804,0.0752946564834186,0.09475947470288519,0.12427396942100662,0.14241411448085137,0.16538718458545393,0.15651329488351293,0.17675327369487603,0.17965406649849314,0.17327247656333716,0.18619079746645664,0.18496764633813095,0.1984850657982509,0.18264904117174735,0.17298461638086424,0.173159129145404,0.16168895707855743,0.14807369797541434,0.12878843131128206,0.12568570918113472,0.1081869195298627,0.07439134196658194,0.06512864214413545,0.06768697661792952,0.06307404018127143,0.06777474797583241,0.08860986572435063,0.09689930968992869,0.1118223759799652,0.11895245720015751,0.1198854006923576,0.11556892068145977,0.12835759319298817,0.14156934592107714,0.14564859739470623,0.15130298376982884,0.14929087823328693,0.17501412725074417,0.15902881003341665,0.17738325839405758,0.16517483298940283,0.13246084589676638,1,1,0,0,0,1
0.14038744693229968,0.10779939752307659,0.09672118434367916,0.08400912645385414,0.07527849821794878,0.07419174153508992,0.07588527872687846,0.10514953793691278,0.1268785578909925,0.13881237900625903,0.1387569665039628,0.1399270529061327,0.1560303316111691,0.15121775881746008,0.18957137180297817,0.1919977807977922,0.20981836931037104,0.2152043069665781,0.1966982332026699,0.19689259436167358,0.18857941501153705,0.24442251265303172,0.2074807109371623,0.1840660836855132,0.1342838216589893,0.10848751090620244,0.09802491392396083,0.08687349809267457,0.08329082293796919,0.07753679434602567,0.0848739297180149,0.14289296093447726,0.15400505532743253,0.15329853432779278,0.18453453571319936,0.16756338680785984,0.1597115201652754,0.20587609788711275,0.15994726840299545,0.1718181154729449,0.18429599372378525,0.17013996065164042,0.20668731207473942,0.19789225156305254,0.28373885925636894,0.3077949271926194,0.29751229240013716,0.1872749508066827,0.15060738807960047,0.11143987863505107,0.09546407694590345,0.08638252620104388,0.08147256678282727,0.08010038967780292,0.08663567740541006,0.12202852954991988,0.1513749407747895,0.1509211338000685,0.15831860630127126,0.15770908037566597,0.2086783569585833,0.1698880008185814,0.1720691430762128,0.20150141403211796,0.2126863048537298,0.17776153115901483,0.17956496905283006,0.209920952698895,0.25221194241823836,0.24340616851854224,0.21382741883931536,0.24389113840505777,0.1729387110295244,0.14513827169853075,0.11158155354064318,0.09249977587134346,0.07889385044320871,0.07510379471193696,0.08836422358984754,0.13189071013712136,0.16938841261755652,0.16476540809057433,0.1540230039913731,0.17328391377693475,0.1727892634258722,0.17508017062025447,0.17346996705858425,0.17619263969122131,0.17669932551023412,0.21492939730747412,0.18682346590645016,0.2207504594602047,0.22251533303871276,0.23817504684810148,0.2314496231658333,0.22347756221485465,0.21801961806228215,0.16254544761382583,0.1125138295634313,0.0983215033888442,0.08615234019956827,0.08758164853950347,0.08874885357551743,0.1485126495578854,0.17065203429443057,0.14795889267574366,0.15942290666408793,0.15929718486819966,0.1517898878348788,0.17522437303447716,0.19830837131551754,0.18650836013311622,0.1972728855868058,0.19857564954101142,0.18620290737047604,0.2037771296260529,0.2620079656010773,0.22755401448034107,0.23217979653043241,0.1981788574647289,0.1469006130938584,0.14868574303726767,0.12351851187443987,0.09924003946359461,0.09983485482986929,0.08375184663097157,0.0946035373531127,0.10613457180007208,0.13860325909362228,0.20324832448406044,0.19099838670536662,0.23970358874652192,0.1792944802979984,0.2182196331709172,0.1971240413300164,0.20667062662334978,0.2008434059127304,0.22526002499589368,0.24698164580966026,0.2092062917975925,0.24696804565067557,0.2844826372859312,0.25409218787521953,0.24679545022817984,0.20865840826988913,0.16257809843738932,0.1187275551411631,0.10510891033626878,0.08721443771475182,0.12658355449894546,0.08004650689197731,0.0905078742791529,0.11764632740192159,0.13050446759886866,0.15966313230708415,0.18670807628928468,0.16568075837340493,0.16312375269430718,0.1728897569232422,0.20853545990133318,0.18804160088163452,0.17813976272474955,0.19773940514726232,0.23610870550330232,0.23223234283811156,0.2799985140280458,0.26925928864856835,0.21056396024822535,1,1,0,0,0,0
0.14407156640158314,0.11201468544496673,0.09940541656203529,0.09173764740019694,0.0781815712510028,0.07187441016630372,0.08947226305811505,0.10941366763795102,0.16292494580848527,0.15710037206877145,0.19637620843028583,0.2045935241693654,0.18498809393429738,0.18319680404396704,0.19128477749753212,0.18297778656288274,0.20905257339217725,0.195115442366558,0.19510554347460551,0.1854480993486663,0.21589815320678638,0.21246894371065755,0.21258913568375398,0.1993533035214264,0.1479618935736093,0.13196895658593638,0.11505656936357017,0.11245393999453916,0.08805472713998284,0.0841308616034914,0.09516901292294931,0.1773474296442057,0.16956053254874037,0.17909374285280497,0.1710874799135286,0.2064284184998207,0.19565596950986572,0.20190151450142096,0.19753091948262472,0.17959749239059328,0.15892189612924307,0.17266679609045044,0.18063416059221116,0.23629774845946966,0.24889277227897133,0.22248754513873015,0.24058404017651677,0.20551906177578022,0.16162793645873702,0.1365719088341843,0.11169695032548331,0.09668400807496483,0.08498072037318152,0.08295971033314896,0.10720002794421969,0.1443371425109474,0.19397697628732885,0.17327192752707898,0.19272305808998721,0.1900409549187351,0.1927276166826605,0.18800865824998272,0.19950632675726632,0.1900137417569638,0.18422887796232498,0.21814262636958304,0.18767309508631666,0.19823998890770922,0.20917766972393156,0.25901779012118403,0.23791930096608666,0.20593700538410223,0.1453102552558671,0.1390820691782311,0.12629854549772357,0.10115041365740174,0.08935258279010329,0.08486518795082501,0.09448986583829809,0.1351021996351298,0.15970065611380305,0.1617084309230299,0.19537481489753772,0.17628259147743805,0.21585983180243423,0.24326375091868607,0.1825777414905653,0.18609942542472366,0.16523091550021812,0.16887280573144117,0.17804332640238693,0.17399529093849828,0.210137918600966,0.22313756253479233,0.21851792389615424,0.21138088281850326,0.18508851727313005,0.13367100743628474,0.11612365914394632,0.1072929662853598,0.0884368551615001,0.08147470898058198,0.0951117409883323,0.13394587709826683,0.17263472862300355,0.16388540968463788,0.18104776959334842,0.16755635124112994,0.17353381625160844,0.19554805053758473,0.20938848712489325,0.17890142501921877,0.17479420405651655,0.16682423647703953,0.1878045941587698,0.1804909365024826,0.19224284545837414,0.21331415259596936,0.24006542909588757,0.20798267023770553,0.16218697528606552,0.12503865724399008,0.10389128108019725,0.09220694940194213,0.08671083716936948,0.07869788487122097,0.08454693441047553,0.10177663751113417,0.1236060292373071,0.1416565730060583,0.1505119366326941,0.17418099947077306,0.14193467305238933,0.14623283433946946,0.15169781387083306,0.15943467617571544,0.17273963174552795,0.2101385284756126,0.2229448578197574,0.17967905753567662,0.2208936845657963,0.23993706852890537,0.24179239021193208,0.18414729873887598,0.15374304193231939,0.1420102546390993,0.12166317220626902,0.08918458558183681,0.09232837901719791,0.08021880384029136,0.078047835267344,0.09647782535471382,0.11501819900095278,0.13380974944765914,0.1631644624861796,0.1577276298068171,0.15422201749163775,0.15341620748589785,0.13994837726160494,0.19291712780536743,0.1951553847119551,0.1979644033376383,0.2097992483241702,0.1941469647117817,0.28569550755481316,0.24571974088456694,0.24036181182950642,0.19743419830954753,1,1,0,0,0,1
0.10663003705205937,0.06571403708321318,0.06397790583543829,0.05846249075067827,0.05161504815753001,0.050041866227208874,0.057643659481489036,0.07854282277819752,0.12266408016881601,0.11855406844950142,0.13193949633944135,0.1184229415350812,0.12899086066443882,0.142977039053646,0.14777695414938063,0.12183320662962702,0.13423783586690335,0.13021363053687235,0.12918474062527643,0.13536602095438696,0.13142790518875325,0.139288593084519,0.1383856170923121,0.1265768655979738,0.09541652081659188,0.08099447453532656,0.07417227472079276,0.06716270828710044,0.05993758805921674,0.05932441602107981,0.06841826644665248,0.10470175693236661,0.12066144544172644,0.12876618260511696,0.1186234899770087,0.14655613826124775,0.13598263132794847,0.138101067692137,0.14157961203592406,0.1505635181765934,0.13372556803705624,0.1248860294269589,0.13577983721117118,0.15050965109709696,0.21611884309414467,0.1645165288405266,0.14786714659108588,0.15067735656570758,0.10591660916802118,0.11150467176907372,0.07245615753394384,0.06263049973071673,0.05426459045810929,0.05341043378419358,0.06250269558555105,0.09189771667065824,0.1389596175101223,0.12408450448857182,0.14577860452442043,0.13388347095544292,0.14631012813221334,0.13916112958328855,0.15202018931034186,0.13471959547104942,0.13520112522511027,0.13951642952307153,0.1349856378952132,0.1373653622510825,0.18244570515251674,0.17184477474337537,0.14210091271974049,0.14034400648085837,0.09902206255023475,0.08923858429798184,0.08664592558637264,0.0637207467410968,0.05705140455677308,0.05499819508928621,0.06688767501643055,0.09226541864063788,0.12337098293457245,0.12092044003703939,0.1460413231950282,0.12759624275310646,0.18755489797745514,0.19108193426031642,0.14308912503915835,0.12982019082916746,0.11070790320440753,0.11841487512991707,0.1432783935043635,0.12495872880061104,0.11777413073685028,0.15050729219063158,0.1251113150539763,0.1226259815478422,0.12021951451555697,0.08535444853044151,0.07500211823396442,0.06718101402767251,0.059592978786744515,0.05627472353099716,0.06234469959770415,0.09326296684826717,0.12821907259338514,0.12583874284454633,0.14282034915221775,0.1472455109278595,0.14088192246866077,0.14525879431110295,0.14062880401954977,0.13023580347577046,0.1514481150373929,0.1333484823978793,0.13668085300528082,0.1360208352860669,0.13131315370148963,0.13035359961745238,0.13571329805564492,0.12600646624674014,0.10350146160654526,0.08273368353535981,0.07353432233666095,0.06872843365497121,0.06064427777116351,0.054347216559462154,0.05240030817551048,0.06395272295997968,0.0791496907114248,0.0896682945810986,0.10340781357241695,0.101371753381351,0.09819988576356099,0.1035321344879209,0.11122164500803537,0.11098400028035585,0.1195625310810225,0.14026682495986764,0.13721901062864883,0.12292226676793762,0.13200181134580227,0.1260485208325804,0.12425591165242685,0.1135606410973627,0.1024288063663771,0.09127919045104337,0.07527870315503936,0.05911103114971396,0.055466592973907033,0.054899440138349444,0.05428264168379853,0.06002175397790554,0.07308535851545662,0.09581498229340168,0.11383150141634961,0.1177406542026074,0.11774364176727559,0.11932752494240217,0.10023971109029634,0.11715592458817409,0.12718009951193623,0.127809050919782,0.14342887551293468,0.143171317695055,0.1527737057626388,0.13927749301332348,0.14133364970786003,0.12757457517998497,1,1,0,0,1,0
0.048689118042185224,0.03542210560687377,0.03130280954968729,0.028274944687682973,0.028121985082847696,0.02925814140382664,0.03631306902728804,0.07274624594354119,0.27490984651890377,0.4162500739066438,0.5074756279666153,0.5270241294999877,0.6090316209662591,0.5849650038886648,0.5290343779147267,0.48719067775198194,0.4337234174527498,0.3448956701592959,0.2272720438686185,0.12809803155681457,0.09715575714875889,0.07995927668562194,0.07013733211659573,0.06112911296422533,0.05410292002744286,0.04401601530638633,0.0469939146073585,0.035359871317050554,0.03433854254467156,0.03484080797389864,0.04282163743870107,0.08201303424712943,0.30066218133191885,0.46266635569789905,0.5850955808065066,0.5611268813730392,0.5958451343902911,0.5635460251057568,0.5470687868869875,0.5373603558684376,0.46213424094543426,0.35402897499998315,0.2525384503245428,0.14727917110842537,0.12408218838121113,0.10268696589676732,0.09648226391917335,0.07314249139841165,0.06451725668275254,0.05436550264243688,0.037583559848742856,0.038735124946657824,0.030529513513100348,0.02947765833444768,0.035967335638091846,0.07742182767014469,0.31067168717489335,0.4267158407627759,0.5151047312594768,0.5512722221692598,0.5661716771305638,0.5221829178382958,0.5121483585838706,0.48629905058501616,0.4220724507522154,0.3574023618850226,0.26615841724444617,0.14344972878593187,0.11048351956845942,0.09676695239000686,0.08168991802122388,0.07061719734407002,0.05535829773942516,0.04608068159908713,0.051471842618233,0.03246775598124132,0.0316195223445783,0.033561720362729204,0.03835169883044055,0.07011016728661489,0.2867049026178448,0.42020863802973996,0.5219725215988309,0.5468450221149177,0.5856380872933278,0.611588110955577,0.5321409147609942,0.49993133262496753,0.43707941791082744,0.3598517858738651,0.24376231215546287,0.15544336402624573,0.10406800675297474,0.07849184817196138,0.0721855323942006,0.07218277485734569,0.06009988231398182,0.044363224615258774,0.035615822671820646,0.03368360348233043,0.03012780494061381,0.03072485153205439,0.035963605846893267,0.0702806462546842,0.27497562968747846,0.4240072669886696,0.5445165920573589,0.5377342021931159,0.5158344866332272,0.5082204969427145,0.4643013496601136,0.42159377480252413,0.3887296462004182,0.2864021989217359,0.18418053554184272,0.12834373608140262,0.09138053209380635,0.08763712952930766,0.07270777014784538,0.06516776712244543,0.051652699929122366,0.05102007225055903,0.042702864018995375,0.037573877739494256,0.030969591859695243,0.03049236682462748,0.033168082545804715,0.04035097597850862,0.04677012289427951,0.06501289128018936,0.08237691514636504,0.08274090229684317,0.08347103964338508,0.07259883569127684,0.07735362705836415,0.08801306306207321,0.08022778939480651,0.08820859439414874,0.07796646689046827,0.06488022879610887,0.06859797970040857,0.0711043944215239,0.06487007418515629,0.0603264757262,0.047516170380066634,0.04670049871487695,0.0379107891900599,0.030063417425043613,0.02693056203800607,0.028699643888828646,0.028079541750617085,0.03050763856884648,0.035980273286679125,0.044403857095468464,0.052502392876558245,0.05723438003161585,0.06406757241396782,0.06393335135448858,0.07012100783811286,0.07925214630086862,0.07491321083021515,0.07943240448937765,0.0770399936315228,0.08408746771764948,0.07722843424222119,0.07128582076982581,0.06580130295110621,0.06773889566068102,1,1,0,0,1,0
0.01933717764775472,0.019863092947479254,0.016385008509284277,0.014728014419421611,0.016242361517274706,0.016957650647005593,0.022200969328016122,0.05603584671508924,0.2681109167587097,0.42373762930438,0.5131412427028674,0.5335939707809042,0.6173797934506741,0.5761973170876595,0.5156949324897128,0.48222800580647135,0.41954533637420555,0.3366417654717963,0.20713288407193528,0.09990186752664444,0.07104791047625854,0.04666375666588332,0.03726315731490581,0.031638525241115406,0.029724050737291684,0.02472564315972842,0.021509686756961622,0.01956373148642036,0.019131993414807435,0.020091551402203096,0.024472809989472384,0.06236534942384863,0.28977327509959533,0.4636978315001958,0.582328136846978,0.5509659604398184,0.5805930558801985,0.5449306692011293,0.5321623493979689,0.5318282810486504,0.45717050879164856,0.34555189340099485,0.2381264850583659,0.12581336783766078,0.0782184544305262,0.06048362404701115,0.05987369914247884,0.04136106946108062,0.043173356669130934,0.029154750703413574,0.021481975122254564,0.02094440944893664,0.02011185983312588,0.018344137993467277,0.024088173564976192,0.059957496432561604,0.29854462840848167,0.42104667949560937,0.4991188363769232,0.5402339462679474,0.5509158132236338,0.5068636047298425,0.5038247503031327,0.4808255263517953,0.417101103062859,0.35285874880324286,0.2546966534536818,0.12058863743402506,0.07374110007726399,0.06350306420923892,0.049640228657630465,0.03879110776422838,0.030130977072313467,0.02587118021566921,0.03334184653545497,0.018018118907206632,0.0182302750485697,0.019849209441558983,0.021930552036076134,0.049176335077026685,0.28008753626482685,0.4114414502335927,0.5132097648840684,0.5407125172635228,0.5646244752948337,0.595482451298918,0.5263329441157367,0.4969372309011777,0.43869281260665,0.35294728107107365,0.22534216739599974,0.125550242401923,0.07974059972551381,0.044772058189572854,0.04360116528935522,0.04729609864419606,0.03213695612598822,0.021940839975499556,0.01900466485809719,0.018841311935829323,0.016460009309682472,0.017544242269436166,0.02106573540412648,0.052573141161830005,0.2672400422789425,0.41500424853357326,0.5384592134568106,0.5316848100873505,0.5099379796580359,0.5046799357324048,0.4614289033939349,0.4170249549045576,0.3775340864796413,0.27627881816563526,0.16343783214351817,0.101367357942713,0.06058826913894621,0.05142533739789637,0.04154492343061404,0.036048133044768144,0.030206410806960286,0.030340127825568167,0.023443092328471367,0.02133888447953674,0.017831454433435916,0.01850531615212176,0.02214433725096695,0.026113908277033717,0.03069320916131961,0.04391336757121918,0.06029204935993695,0.06214468972951125,0.0648526776132182,0.05023501777100092,0.05152994291935451,0.062256428020932376,0.05425705789162188,0.05653071278141506,0.053991104079697774,0.039317637845426204,0.04312861205918942,0.051507081845735,0.04431247463516718,0.03511706666866561,0.025755634029042674,0.02814514810327364,0.02087979413666798,0.01601904918350805,0.015443206063640314,0.015578787136526733,0.015258030888535527,0.017955201680016752,0.018897914346374424,0.022777127805154885,0.02601219941455043,0.030601756721849945,0.03244146310170917,0.03408386995739435,0.04439182038499051,0.05501884284916465,0.047732895327745335,0.049500582991942085,0.04515602056495942,0.046059289207362956,0.042398413168279185,0.03669276952752059,0.031049516004017674,0.034895814512884336,0,1,0,0,1,0
0.03232179230772081,0.02141953186540694,0.020094771936094217,0.016655508498813632,0.01709151821572757,0.01751065712309179,0.02060480849898034,0.053455527909914854,0.18511583259822553,0.22647935614681874,0.28287890652794156,0.28336093160149,0.2915659367552756,0.2861046876946372,0.2490900196477518,0.26191880509104687,0.2287962517307104,0.19057390392070703,0.13169867935790078,0.0904233057982359,0.06779231274336102,0.053972159861221565,0.058800517739212736,0.0490249301891581,0.03424595923744459,0.026207694229584553,0.023199902538230423,0.021765583574041,0.018395662878726706,0.01927223354706213,0.02202432763381042,0.052680376952608104,0.1825294723791709,0.24996696278862204,0.302035992545302,0.2905256308580245,0.2844978175126421,0.28049010653705975,0.2717655941844571,0.2712634298505259,0.24341939836028095,0.20588216702936077,0.15730480283617246,0.1058712479620631,0.08178643777261463,0.05719505041420676,0.0555105194996683,0.05180697883325888,0.04286789553834955,0.030518690825446282,0.02295825829294871,0.02296423154629459,0.021907851546270438,0.023028794513765265,0.025817796482215508,0.05216488020397223,0.19763221179657287,0.2506836230544874,0.28401209109691194,0.29099574060000954,0.292033872010304,0.27670755009128056,0.26724334976686415,0.2557291097716086,0.22574878816992264,0.20792213405058352,0.1600108169723004,0.11631360482184004,0.08056350192311072,0.070564533570328,0.06181989465833763,0.05367772300441755,0.040092363316298084,0.029989274734841018,0.025525385125088028,0.018815239712128805,0.018583820463926336,0.018711980759040823,0.022224949535907566,0.05074341576675346,0.19001774779697875,0.2429146914775988,0.2694531972389686,0.2839855731763496,0.2873430402430447,0.2961766643053936,0.29416529171106637,0.25689547542762803,0.22961354072086687,0.19476483498766883,0.1411737160907661,0.09760945844224074,0.06796506050612712,0.05473283892902657,0.0564513064658848,0.05135630638248894,0.04724343984936353,0.03267476801233598,0.027021061933232057,0.024320079958933354,0.022582829190795767,0.021020508818989425,0.024976471712438504,0.05137050930233387,0.18444585711570563,0.2362971028920112,0.2883962588843664,0.27843276325050476,0.2716116077381662,0.28236004994555114,0.259487761746602,0.21978381891898846,0.19205798995173204,0.16779903308370941,0.11438732562521176,0.08549497480837294,0.0543571192730506,0.051352445401753696,0.036148008989194944,0.04362272436942016,0.03919711295749731,0.03156305965273694,0.024125817988031595,0.018663371416109235,0.018593897902522867,0.017429651189458727,0.022260835869194084,0.022768305975985847,0.036910500333295876,0.047668063438699455,0.054337252766239,0.058777150018112755,0.0584061413081324,0.04787691018698181,0.04834378838331684,0.045241447422787164,0.04214737366646321,0.04182106433930052,0.03905131960870319,0.0327568840631503,0.03538943007152471,0.03791315178321058,0.037297506364594314,0.03784180037783465,0.03443027280144477,0.02786706114543848,0.021838475219092095,0.015917540081113134,0.014542334794119633,0.015532953032445103,0.015149989602180338,0.01672402382259746,0.018279522143695,0.02412388380882927,0.028790084919995677,0.035252675806290996,0.03481531783919364,0.03744680361234418,0.03867923601993443,0.046190950844858254,0.05706436636112763,0.04061195425378162,0.03752230510916536,0.04464129257451103,0.04025654762243187,0.03477606576658878,0.03355812897063284,0.02951524057078443,1,0,1,0,1,0
0.03964394948220308,0.024909527245772372,0.023637404239943757,0.019444988866437956,0.0197697357857198,0.02006538310355529,0.02251619788800411,0.05931901637395526,0.18663783541853102,0.20258835879126072,0.25708528040883677,0.2532987127105578,0.24547733627810175,0.25072671758170895,0.2114232002023729,0.24158388103121858,0.21405638958368806,0.1832956680370602,0.1343057844518938,0.1018809696602885,0.07700258081404412,0.06412349843925905,0.07141290321183867,0.0605498376924905,0.040695892884510664,0.030909864527723943,0.027687909058361125,0.02601890091698411,0.021242182237660064,0.022300761692207047,0.024598590374286165,0.05809720671854111,0.180068458281945,0.2223353951903097,0.2659371993687658,0.2581072307665617,0.2509319377631944,0.25494629405547753,0.2428713219474484,0.24062166939576604,0.22549015156402577,0.20322202845756718,0.16202167908062917,0.11742304676781504,0.09509415382222326,0.0648713791597852,0.06296676763061433,0.06177972356824278,0.04939467309644686,0.035557073867979766,0.02649456158315492,0.026948487090256625,0.025620669104627472,0.027676291022232354,0.029422367356261733,0.057514571500199896,0.2007050654980094,0.23860374631538678,0.26602225733781315,0.26736658646859823,0.26599402381896664,0.2580447996609318,0.23940526023814787,0.23045642630187352,0.20864846763901593,0.20344574373134952,0.16242539961702843,0.13279975055801194,0.09472774030732706,0.0825885426034525,0.07424865245635609,0.06464192769115237,0.04832931176863246,0.036051457796444704,0.027936637155345702,0.02163967882698149,0.021152638426440717,0.02092275529397958,0.025026147638485246,0.05814687233013007,0.19476566592060923,0.23003188832717184,0.2402467268804901,0.2509313338720652,0.2538822883687442,0.26189339426573105,0.2722262011661148,0.22577296206768466,0.20852010298730267,0.18582880011189995,0.14204641415220381,0.10613137288003646,0.0756261644868857,0.06535228287472396,0.06808672328074153,0.060078205310347306,0.057848748926991864,0.040111310373308576,0.032790662657667766,0.02916061493029641,0.02736756340252549,0.02483210170652447,0.029349477358855784,0.05726409770419513,0.1919113013648412,0.2206610110872856,0.2601700325038592,0.24755873502401257,0.2472344368722925,0.2677080390107611,0.24410738739158713,0.20067172790592883,0.1749136695375364,0.16587374615659858,0.11956043728024178,0.0949721302111238,0.060376033922826824,0.059337276958501856,0.0397491210430214,0.05180995942328605,0.04649787443935412,0.036367339840804466,0.027769286454148934,0.02049400995308517,0.020952963270475373,0.018990274897814782,0.025160999157233237,0.024882149824812308,0.043245989939030956,0.05552082438826668,0.06068484311905238,0.06690553031180344,0.06551442861543931,0.05352982981473064,0.05400162334285087,0.04753232973854955,0.04568803824096168,0.04445843990217463,0.040626789624998154,0.035395340330028884,0.038857373455597796,0.0404383625012673,0.040913390936825535,0.043849849273511245,0.041245142099042786,0.031854239617500356,0.025476438462922257,0.018169539503613674,0.01630988619720214,0.017755149810145525,0.017066777667207277,0.018278286627398554,0.02060898023458661,0.02777629662359933,0.03377149095925947,0.041139221755473535,0.04063863806831822,0.042616037809911494,0.04260401686264938,0.050238748824026,0.06711700627002606,0.044895695274369485,0.04141922379307517,0.05128730576181198,0.04571720588842253,0.039880021156348436,0.03949043371434362,0.03308184296133312,0,0,1,0,1,0
0.020003416262427163,0.015378548218877455,0.014853863505182488,0.013504310915790439,0.013817219636251574,0.013979122923543013,0.016040748331231383,0.034349329531661775,0.07659053126985116,0.08877839016637754,0.11518418649569842,0.10835690892665353,0.11081208094401411,0.11127817871866298,0.09615392799916597,0.09996902880204198,0.08769538215311709,0.07363383892498299,0.05918495399438964,0.04618226203276174,0.03806978730755427,0.03182991480859954,0.02859976218274851,0.02567699707473101,0.020085072967810116,0.01690710108742739,0.0169818492411977,0.015943802289944548,0.014818288268703319,0.016151690985646998,0.017009915375708756,0.03429483810346485,0.07548554579596041,0.09533800349368657,0.11650366095006902,0.11250514737085741,0.11207784372157013,0.11371612844703437,0.10756706123837752,0.09764032560407411,0.08612892728835685,0.07631309341782143,0.06714843197440677,0.05292449590946447,0.04151457409204263,0.03239642219633416,0.029645205007466712,0.027339905475239023,0.022320014146023325,0.018670608181398665,0.01575914151346102,0.016682842177116047,0.016073204832517094,0.01800297302120054,0.019212106733897484,0.03477906696307685,0.07978545933086957,0.10020419377869368,0.1145410726448569,0.12004162138800942,0.11591252420808452,0.11731835759279677,0.10218332133333277,0.09223365700939665,0.08459639116406098,0.08154694156746237,0.0691437234658755,0.05312248778044027,0.04373296745466732,0.03646572990619532,0.03193843785010927,0.02852155289405159,0.022182545408975768,0.019949037652736718,0.01616554671832449,0.014032381144345766,0.013886032553532879,0.013676337158706676,0.016561863053334756,0.03275430555329583,0.08042016706763956,0.09938933411695282,0.10924474730305432,0.11078754683613201,0.11566692660683353,0.11289039973095874,0.10944689845141004,0.09490996213983698,0.08555302242613608,0.07768350988020828,0.06407611648180477,0.0517087454444375,0.03831417122595474,0.0325560017946771,0.031686164055396836,0.02685332647517086,0.024459120313553035,0.019714529313500546,0.018166817187484377,0.017771779517041085,0.017302486824805043,0.0173656161875519,0.019898835368222657,0.034038245196918955,0.08148711574322358,0.08826495750836898,0.10096645556793038,0.10399849128978005,0.10099957545850026,0.10221574113315822,0.08985196240494084,0.07745022163877872,0.0653136248950067,0.060329608288171015,0.04941988885641922,0.04073956851652845,0.030399316028719415,0.026004730640012817,0.020145348398192386,0.02285538536579759,0.019275824373045744,0.01774553468285323,0.015246981117741256,0.013625286929449629,0.013971375229434186,0.013066431554425537,0.01571503088516822,0.015559023655699939,0.022827960618043073,0.028931352506009284,0.0318444243819018,0.034811434405037055,0.035362120694326094,0.030634805718269462,0.030396297738616067,0.028005757448886767,0.027757555551432736,0.02900331856577357,0.027253257327865783,0.02436081520079291,0.028935444362888373,0.022792429580942786,0.020484180556124967,0.020545818257916383,0.019182684205496563,0.015745785635023647,0.014149080195950478,0.012365269014219638,0.011614368740151183,0.012105978952976932,0.011722043005767239,0.012883343829325315,0.014136203044604301,0.01809992617440453,0.020922285726183248,0.022274007348215073,0.023601449900067867,0.022389909575338384,0.02072848859051639,0.02198577247269144,0.02487812674123851,0.024046670940252382,0.021957442783362213,0.023965785046878987,0.023926665907444217,0.022114943430059337,0.02153931787379893,0.018222686952993793,0,0,0,1,1,1
0.01478886981084413,0.011643364485746554,0.010975623436503464,0.011161683111362532,0.011379165586274958,0.011250342837656037,0.014966631981372614,0.03144973767274188,0.05700309292291279,0.062444217654517,0.07123417193762391,0.06727632282831063,0.06790711323491293,0.06728884794643714,0.05960832873634702,0.05695626419411215,0.05582779266930021,0.04842167064680836,0.045997390524523334,0.03711758358757088,0.031798931145694764,0.02376187587519336,0.018864291766984027,0.02171285599302574,0.014532545207362921,0.011915502831831947,0.010986270734024453,0.011025708752838256,0.01016686583232923,0.011038341223492712,0.013602920857486522,0.02841103751222656,0.05124817177295152,0.06147644718725548,0.06354753277286826,0.06395658092699356,0.06497849026351991,0.06693456291638417,0.06081403386124278,0.05637572194822278,0.05334188718694184,0.04983647717039543,0.04862542717105732,0.04171082648408749,0.030757964681963387,0.024551190335184,0.021263431423155104,0.019818146869032095,0.015689754722747085,0.012785465717241986,0.011839346805370772,0.012468143195139694,0.012853627545191025,0.013059308175994213,0.016028693464641426,0.03098024505516596,0.051361672643965565,0.05807151430024841,0.06584162219702465,0.06817308339404698,0.06944032692243259,0.06893573007854224,0.059890529299318034,0.0543042901194801,0.05328146388212436,0.05406379374536904,0.05120045809074769,0.040486705962860296,0.03246794508902267,0.028851798351315065,0.024669163699142065,0.019394255564264194,0.014835621092510728,0.011810411593082841,0.010804248443153515,0.011016176493878333,0.010979083335224536,0.01132622633933987,0.014320547880524871,0.02797050113042421,0.054552135209284765,0.06054375235265839,0.06552752199201176,0.06550343586836724,0.07085483913749811,0.06897554271623668,0.062390620949094276,0.058335861110173776,0.05507849873217173,0.053667275868141004,0.0515080226854144,0.04352774200436455,0.0326760184503277,0.025155466850255305,0.021932546184219644,0.018685676585617705,0.01520304771603199,0.013073983949685682,0.01323055795444685,0.013415362309357524,0.013585493718533993,0.013775876822695722,0.01730455707073999,0.029906616896883755,0.05897783255277594,0.05613145522273433,0.053688286350411576,0.05583259244223617,0.05483827615724807,0.05132558809982364,0.04847346556757533,0.04680864589320626,0.04277205203142167,0.044359374065859436,0.04413062631088935,0.037607151407867107,0.02774723508206885,0.022056460681012295,0.01781634791506181,0.016379435441682143,0.013814323583839277,0.012500973967312923,0.010760144522318814,0.010558808116412922,0.010455393890221945,0.010614266560306668,0.011181516257461225,0.013312716517675106,0.018133982865315663,0.028413434187896523,0.033443201114000835,0.03391638928133331,0.03503081647641439,0.031243552003822936,0.030437445856859768,0.028882707192596307,0.03085189129689364,0.032336548329158214,0.03144900513355019,0.02694754160895814,0.02659088616152663,0.019278028342473868,0.01648019794888346,0.015726837209135442,0.0137114553261514,0.012141724239049726,0.0106719193824821,0.010500058381492136,0.010017872985633476,0.009530941944270462,0.010130713832527491,0.010650606493333182,0.012836590541472513,0.01852440973289717,0.020708840442326258,0.023583085120295746,0.024354888251244503,0.02205896646380238,0.018138117959349314,0.017104279067626935,0.017973360388315696,0.021305868597456975,0.020009278703139097,0.01964910772655765,0.019938570560200562,0.019377994902422067,0.017953823349405432,0.015512887175089243,1,0,1,0,0,0
0.01713713728926764,0.013132183658301868,0.01241633232834696,0.012357446502347822,0.013090086429973892,0.012786978370307338,0.01682059625833685,0.034938303264288796,0.061419576064842565,0.07158145978127457,0.08370362943670392,0.08084168170840483,0.07779300269968487,0.07630819504267114,0.06993098146830477,0.06658708267937932,0.06923760516873238,0.0580340808898939,0.05516843420773389,0.044959117258983015,0.04147280435052447,0.03165099221482415,0.023749625000863132,0.06482172716210693,0.025984899297303386,0.017131853375076955,0.013059777613951343,0.012687693814382799,0.01115582113948937,0.01214118840418012,0.015116907637487754,0.032384225274110806,0.04816250808547767,0.06080326332007451,0.06476934610818016,0.07283522855122854,0.07280507343637363,0.08230862643680285,0.07170190322613226,0.0651500062525232,0.0614819583453375,0.0559742501813433,0.05803461378806606,0.0483108511325872,0.03469522547189508,0.02695388276306498,0.024084016294140715,0.022765302650922352,0.020698242043357844,0.014195928315776157,0.013235981324433217,0.013850402609260593,0.01447139377111003,0.01455894297346106,0.017452392935946786,0.033968152240698976,0.05425134408399868,0.06459540248153096,0.07415097818323814,0.08066252584695244,0.08061732257817708,0.07750018398143282,0.0696339603373569,0.0651846129123586,0.06526109949883055,0.06337445880878852,0.0613737085232176,0.04960280784582005,0.038818066674663275,0.034249168174159114,0.02876212916218898,0.02205686432647453,0.01872004087313974,0.015577568873132918,0.01294801784917939,0.013081393935742616,0.013182307384841413,0.01328271278783779,0.016847255074874282,0.03119005200956334,0.0582425202234211,0.0657543728531796,0.0738281537957402,0.07425402722089941,0.07912854720623741,0.07848504807121993,0.07362112524958121,0.07515399943619949,0.06723935716369978,0.06411686991572314,0.06294760685921048,0.052248403666074514,0.037860589044375816,0.03135654267065116,0.026119175798923828,0.022025651476638364,0.01749240564829717,0.014886542656410756,0.014580092972846374,0.014508953926892672,0.014684727720574022,0.014769513729908987,0.01831549857964018,0.03205855992574325,0.06898094425697913,0.06615170163876537,0.06536980260734322,0.06357621247149327,0.06340827038947501,0.0626216768921889,0.06076141370477432,0.06041159285209662,0.05822398897565029,0.059713660833962685,0.05989625176325464,0.050469712758045265,0.03632299846105152,0.032052102852469413,0.024062650435509893,0.0205323826556211,0.016608876144505052,0.016435491222251596,0.013452325984183467,0.012561239915031823,0.012586750583500596,0.01258924916356385,0.013074665073690737,0.016275058762560992,0.023919936587862706,0.040925871953967685,0.0490110784378689,0.05030737118483586,0.05288762455465987,0.04730874151459391,0.0457002779790985,0.041910498998134614,0.049812534952572575,0.05277619584826403,0.05166567786114899,0.040057090500908936,0.032134720497379754,0.021514429764094553,0.019385165989509515,0.01860010514314921,0.01615414133926209,0.014630318263848583,0.012877420715301319,0.012781037156687164,0.012532123221996188,0.01161419646879658,0.012735953892282851,0.013048514935730065,0.015973368615524435,0.023921691394059273,0.02816204232390023,0.03520867379916357,0.03488841926348268,0.03246486183806919,0.028185324116767666,0.021875530724187225,0.023240762008942994,0.035828534386861156,0.02504293750184605,0.02625638069899269,0.022547889913648537,0.022623900797866227,0.022037373013031207,0.0189209304193239,1,0,1,0,1,0
0.02915520057413497,0.024875452059983455,0.023082603551921283,0.018260924037833567,0.017764749972732568,0.018735603833343495,0.0255349698957039,0.03629188407281207,0.04223432265519024,0.04355309467856886,0.048624770471609124,0.04726483046107883,0.05275014459325619,0.049819499375152135,0.04875620161473379,0.04658885275387785,0.04582888627482848,0.04124354638858328,0.04338290471826541,0.04450733238088882,0.04195942596883734,0.04128558283922506,0.04614441873639127,0.040479840297729885,0.034772234231271966,0.02291785193160332,0.019105815030647733,0.01759671700341943,0.01742058206234953,0.01803104013939361,0.02159890727352395,0.03321480875189547,0.03232282906164122,0.03527420920191634,0.04024695450514246,0.043669996319390336,0.04264925469768973,0.04072627893226794,0.043630050622358675,0.045351434090845404,0.04736416193007304,0.040463940948935746,0.04169115887946079,0.041511308583597174,0.054225552270270636,0.05330999683584509,0.04573421788766193,0.04902531649717062,0.03445937926519559,0.025381651448931612,0.02091090439905204,0.02962702113862396,0.021316950159506597,0.02085134059709151,0.026455026808280695,0.03786854391125212,0.04211354732220858,0.038264534103349054,0.03822546819437644,0.04415806203242862,0.04510821005990237,0.04647802807581216,0.048470617688291154,0.046588701074142876,0.0467311816559094,0.050799810073572434,0.05070752297335574,0.04724952240472724,0.04178528969375397,0.047811899213049465,0.04941123573148617,0.04530510721372738,0.030208031448108005,0.02542554882043367,0.02578216353578011,0.019558359573195055,0.019140871850177234,0.018063034148542375,0.022437944137524042,0.037622688744104626,0.05242979646195703,0.04194208924682303,0.045343777426637186,0.0428444676410861,0.04818806816023561,0.04669121347998374,0.049414474836177356,0.04736831284879736,0.04504009178973635,0.04832320878912587,0.0566326913241272,0.048253503685079344,0.043467803547447614,0.04544016980952719,0.03761559176217991,0.033361659590986824,0.032221930617986304,0.024017453364860514,0.02107860913782435,0.020072557535356614,0.021215624078973053,0.019029215461739614,0.023045673808724656,0.03611754729582054,0.05910159370582325,0.05238046782430991,0.04119997835181383,0.0430566816836389,0.0456004738875026,0.04529849670018929,0.04847978143247259,0.057764556101955813,0.055036988039854615,0.047606991640896885,0.05240495351339171,0.056560680583464265,0.046554060810494256,0.04422046261217236,0.042932527185011574,0.04723807130622007,0.02831702265494542,0.02438308183251306,0.023517460288386742,0.01906853949165884,0.019105483664580036,0.01976806830438861,0.019278002287188182,0.025616571881763552,0.02693636012254318,0.03857462299247524,0.037813899903195586,0.03960284745659658,0.04772515729130214,0.04559227266614437,0.036983050945686845,0.03761359194724907,0.04106201397924738,0.04370169098959223,0.049540347803991025,0.047116377229266135,0.0449479467423751,0.03587644897139627,0.04282267645118815,0.04300051076106807,0.03731116465923235,0.027151379093316334,0.02128476839852698,0.023943155636440373,0.0216539860131685,0.01883328348656579,0.019409646945428825,0.02045645927516568,0.026586093628012265,0.029667601222163352,0.03223081487955016,0.0329991965917552,0.035676670709117196,0.03515057700193794,0.038613767446956035,0.03569941523031501,0.03405557941827883,0.04399322279626294,0.03858731455581685,0.03742466437100044,0.03850871081377819,0.05984426773174337,0.060484298644207186,0.05350048465877742,1,0,1,0,1,0
0.024348019449854274,0.020774949143845183,0.019068603163305334,0.014438621167747849,0.013875013634720334,0.014978735506240577,0.02071728611867387,0.027796427097729507,0.027192120649827813,0.026913553161677164,0.029676081550906938,0.028604523005168057,0.03408923722536875,0.03182392716665042,0.032976658536754695,0.03226085618072271,0.031834407686384084,0.030142161355765244,0.032139001438428114,0.0347021224508586,0.033127589101660124,0.03458477583598373,0.03929292838613995,0.034001447505253024,0.029761760999437784,0.019306145265222358,0.015829307825873534,0.014242407931971077,0.014413125723267119,0.014800741755266576,0.017728832383051125,0.02700869734969393,0.019838793918400884,0.01915912750427213,0.022869173362123872,0.02616457661164066,0.025829318184103965,0.023768680126207885,0.02848373716960682,0.031702912257506065,0.0346456888212235,0.03014964741227285,0.0311600378821221,0.031423112081799195,0.04535022065514117,0.045122059653750185,0.039048517707947004,0.04178653616057222,0.02911901478311536,0.021234957166055092,0.01721007863774521,0.02505805733833831,0.01717158451205006,0.016890205340207052,0.021706597214841864,0.03047679345110214,0.030074942444951052,0.023197000665901697,0.021372152746594222,0.027036942125442148,0.027068649898547195,0.030028823622327117,0.03361747556451695,0.033587066679585414,0.03391805952290615,0.037915934995510846,0.03883131432778129,0.036917386580712835,0.03275864127964181,0.038923147390865616,0.04117310320489692,0.03890974659680517,0.02563146707700604,0.02164179908539407,0.02212396878990809,0.016172433740071206,0.015851435824785456,0.014834337153643351,0.018295508381917965,0.030993693406016695,0.03868828113605437,0.02624366185236883,0.027589157413122168,0.02543301307363587,0.03037630274284496,0.02943403893140428,0.03297683714028866,0.03234136587534517,0.031172044600697307,0.03570879629229369,0.04467527958773873,0.03792875859912627,0.034608800630486915,0.03796398694885978,0.03182170629694858,0.028215762197901884,0.028235549214963504,0.020242984252214158,0.01719510425827358,0.016250573381061024,0.01723670500026158,0.015659264988391826,0.019443912246717213,0.02881548108535327,0.043897427558389726,0.03633103541908409,0.02731374534296006,0.028652399522276613,0.030946412340874342,0.0327953816636785,0.036180339963714586,0.04549439340463716,0.04321591744436771,0.036055604725106556,0.04036575360895407,0.04619484773893152,0.03910336919304617,0.03730539771507851,0.036990090819140314,0.041361017575279393,0.02426393890758056,0.020670513571307725,0.02024691386670669,0.01607369769870009,0.01605811698294058,0.016559798958370394,0.015830073514849295,0.021655536482796642,0.022224083302602518,0.030269320621999496,0.027764295966623873,0.030075805746346097,0.03733873020621371,0.0358425001269606,0.028364065279051727,0.02929458173661293,0.03198096422578201,0.03411850620423115,0.040424927640210565,0.039007118034463675,0.03772438149075194,0.030222256916101024,0.0371775729953892,0.037785859815747315,0.03276984452204091,0.02366360842487179,0.018104222299014525,0.020467620976290173,0.018373446014293974,0.016041384796866717,0.016502150577956825,0.017492999934504774,0.022488224556804878,0.023735184632920885,0.02592247914376918,0.02567204004380874,0.02848401034058075,0.028264226686721666,0.03314986807787018,0.031049114749659913,0.029582693781595993,0.038298922284185404,0.033446174454188224,0.03201566890214666,0.032695765475169246,0.05202430483872853,0.0531850244463918,0.04724467223131896,1,0,1,0,0,0
0.009217806305158614,0.006430677703282186,0.005530574304374808,0.00449660950438272,0.004516288096187464,0.005375644024356071,0.008162907157305593,0.01464297983512197,0.02203669760205134,0.024348106862974193,0.022545065728415515,0.020452052167490308,0.022420092513588383,0.020458829949776648,0.01950388967427689,0.020721174801165528,0.0197109019734978,0.019170954184686916,0.02013315781304364,0.0178440915197212,0.01471707720960981,0.01430707561129009,0.012127959539309353,0.012003435201931567,0.010989109994881742,0.008115191826995563,0.006618808800382749,0.0065447843347680385,0.006482738157070021,0.006814222508280799,0.008950820828427306,0.01947294536398263,0.020673824002537863,0.02017571001213381,0.016202983711031686,0.016484544332586563,0.01749317478958251,0.02024387643724089,0.01867707205140622,0.018056455317344938,0.021371301112222855,0.02147047195040715,0.019681307274580607,0.01699264211491696,0.016254561241717206,0.014057265601952487,0.014221742224708154,0.015118527618490413,0.00953692421122264,0.007350591626422169,0.00682149228566619,0.006384985986437914,0.005336489022522598,0.00610125920394992,0.00821793424361041,0.016661200843102523,0.0225095632834956,0.02070509600435607,0.016428974420882255,0.018454883711019568,0.01786507388853922,0.019977094169715555,0.021670422704515056,0.022706651881377125,0.022407907134008392,0.024694362712922725,0.0221641660234468,0.018728359889144564,0.015618676738774736,0.015320709885263848,0.013711830896653412,0.012925652807674317,0.00893576445421126,0.007114892695578521,0.006398846045330024,0.005468654540359115,0.005698279861129487,0.0065429810234928975,0.008888783763198552,0.016189287629005567,0.02372473302889925,0.022223987417377366,0.019743072557401764,0.02043321585236671,0.019980365823097836,0.020672791512499192,0.021509129760583952,0.0192535231585309,0.019917239092348677,0.02107616896313361,0.024892235222629355,0.02079466412522366,0.015612182724674238,0.014536303953812522,0.017067125507867983,0.012544715883931913,0.012586878841730728,0.008260222001569301,0.006644093119397158,0.006840475375218702,0.006890263098305128,0.007346694320628858,0.011494922114868482,0.01669232025493856,0.025734429113370105,0.02398346819680623,0.024534336496692493,0.020884763293515164,0.021339365375565342,0.022042309383074624,0.02282833489155351,0.024365353424262635,0.022934164970645744,0.02661653402478608,0.03009567360046028,0.028352645966219506,0.026793777313309782,0.015756345510730047,0.013965151101974743,0.013337924858082875,0.0106787717185512,0.00904906974128301,0.008448637574439548,0.007048373289684776,0.00667017273079575,0.006449837422934432,0.0069231043762883375,0.009425711962986206,0.012704967099384401,0.017931959808014156,0.0156398582222953,0.017894425584477965,0.018710272195617095,0.016787720555243166,0.014678553588443567,0.014926701282975043,0.01470338875103948,0.014574049770072931,0.016535718606496077,0.015308553947386281,0.016667072867865278,0.013071812104670467,0.016642366120925657,0.015763945411815347,0.012630637008669461,0.01293025459608412,0.007688549461795358,0.007093741923052077,0.006298341123662453,0.006348007695040003,0.0064713564388863346,0.007417902092158889,0.008564692030497038,0.010629706018057085,0.01069209033541545,0.011281746194536132,0.012321285935857336,0.010515834763528503,0.016987054382582533,0.014229212548594156,0.015509860583434341,0.017467994820083394,0.01770333819626028,0.015536071176469693,0.013823319494171914,0.01444178443586892,0.01502248638568732,0.01403555815961062,0,0,0,1,0,1
0.00724421979650125,0.004566384912693353,0.0037936951775703245,0.003249140545874148,0.003349488093974988,0.004172571612878502,0.006562322345457384,0.01295591450508564,0.021420156793597236,0.024070506592784157,0.02163864396119557,0.019429264139348024,0.020884502545166723,0.018985704843115028,0.017752338070762166,0.01924915431140861,0.01815449412127194,0.01776876157408587,0.018604864451987033,0.015665171766748295,0.012299495851277108,0.011616869382028718,0.008529015988667605,0.0091226933130826,0.008530691632202513,0.006679415345597989,0.005461895223180292,0.005582116869241683,0.005490892803196296,0.005812946319607866,0.007840253730611174,0.018524877471617674,0.020860325043134755,0.020419449110521164,0.015407244622791047,0.015266299272805274,0.016450595294414044,0.0198540323392385,0.017456807453927598,0.01628111046060122,0.019651409211844658,0.020357974524621642,0.018193745092912977,0.015110402413884725,0.01236869079944978,0.009955190685700945,0.010919735084409897,0.011594460195338491,0.006985668662385188,0.005562106394993487,0.005512350330525681,0.003959022136374802,0.003832118967540042,0.004736713860806071,0.006495441675413822,0.014898108697547832,0.0216084913014875,0.02047932905490131,0.015850033942168683,0.017349067670392432,0.01670277243885945,0.018690653602657717,0.02014607483507485,0.021287958975605627,0.020927368403684723,0.022968117345243,0.019985674584041116,0.016365058989041368,0.013408207146514205,0.01223122075658259,0.010109308245955859,0.009503566425367514,0.006772156712242857,0.005248765172403937,0.00437433872737432,0.004116676784953957,0.004412801416620398,0.0055061406330951385,0.007699714077198876,0.014239535023827136,0.021775635542959734,0.021743292396352597,0.018768166817862295,0.01982057209694142,0.0186550037887358,0.019535237438097194,0.020021157359892933,0.017564401708406972,0.018485949363974217,0.019189533390441948,0.022299722061863498,0.01854032071317984,0.013094946925948118,0.011450599458998071,0.015133698732888898,0.010480189735863172,0.01054314798592706,0.006700382513226227,0.005284975364726566,0.005613640842852693,0.005541876254244963,0.006261874173627495,0.010407857446642329,0.015133025546589312,0.02334727065187144,0.022380029846848674,0.02415370459401276,0.019889579413311202,0.020124941087017272,0.020702951613446836,0.021095187662012294,0.02156737751214943,0.020269414601373895,0.025409282624381264,0.028772216598502084,0.025987234573075908,0.025162176343843434,0.012893168828128408,0.010890416928592822,0.009586833530014166,0.00886761771490715,0.007517623818451821,0.006891769927859028,0.005872637259274102,0.005440618920715632,0.0051358890826473545,0.005777113679087517,0.007808746460810022,0.011478094611668703,0.016337526310009367,0.014084048895499265,0.016324073109671024,0.016295015579005107,0.014338277404726108,0.01289403628199108,0.013061092656860937,0.012440916458891196,0.011998597591937422,0.013370396134560689,0.012168471647335895,0.013875931817355042,0.010827696192932073,0.01393071870235779,0.012830598197909176,0.009972204771567059,0.011515172486672722,0.006327757191640183,0.005338002629522245,0.004720101352764492,0.00509257176370457,0.005163576672325325,0.006096097127313222,0.006735428701907368,0.008916432874523253,0.008725023493242673,0.009431297061445285,0.01023078038934613,0.008222931082865492,0.01488021159810546,0.012037880827094621,0.013666023084306303,0.01474104577561133,0.015642052325037875,0.013392500991611657,0.011360688815580175,0.009450730682304941,0.009937873185477092,0.009626991083612955,0,0,0,1,1,0
0.07760022013810404,0.03941947250307345,0.03231543575500191,0.029191163355729112,0.030693102887009577,0.028684620901553288,0.046179708087849235,0.057686344035627925,0.11326340340590502,0.14397192699669673,0.17326047056807115,0.17779635962961451,0.17278203670560632,0.21429696463015668,0.19060773847431878,0.1760197745479535,0.16638748191851543,0.16566989753907702,0.1434754853150421,0.11831255100492866,0.10125039526262472,0.08953990775601113,0.08206550887354165,0.07424920541030533,0.05999302236150311,0.04376417372846208,0.03955747479143617,0.03499901886259531,0.03328506609701337,0.03469651014081279,0.03951361244435747,0.0637775734578852,0.11554785016091815,0.1529209307719989,0.17838181960180616,0.18143287230633615,0.18724489752177476,0.21911934512094416,0.1960869398490865,0.17279956203440236,0.17792911096342437,0.16982268795609332,0.15711626509408091,0.1447945880126436,0.11770494724839815,0.09832340422354474,0.10248490408457897,0.09441782067716319,0.0671277819308444,0.051670691213561465,0.046393916516364125,0.043167291049072805,0.04118557607954048,0.0393566555042386,0.053401652766033814,0.064871987722908,0.11598634483697862,0.16047142972878572,0.20933648369966384,0.17727902960950703,0.19033418823571255,0.20607488697617035,0.19581559525916928,0.2150350266639945,0.18345710527958362,0.168862118872494,0.16407854366566604,0.12089989186635323,0.11547670619135196,0.10160786226923808,0.10718004147518845,0.10048944329807692,0.0744886719123154,0.05883603649242374,0.05592948003751475,0.048354732619740395,0.04248272998608878,0.04032192208254458,0.04750211992715776,0.06656258257615372,0.11612331463783454,0.17525353691974618,0.18900950858964352,0.18646132029675883,0.18712902722465166,0.21579350064687974,0.21966215726045094,0.19563086721109263,0.18315242911292995,0.18195166275500327,0.16678005178216546,0.14283315347564743,0.11926316469141074,0.10246668950724473,0.10447646551591129,0.09115799694011026,0.09114281439280876,0.05733961100029478,0.05177556992959418,0.04941518321832528,0.04620474214342405,0.04508502231642018,0.04871732675471634,0.07119892491658027,0.1154725244776493,0.15534973183156411,0.19516411943385803,0.21047916509747674,0.18635923932495005,0.21663544110849461,0.2208790565550364,0.21391572172619436,0.20316108386329457,0.16193725204757473,0.14039362173360337,0.1160522388663702,0.11602633403572898,0.10324806792534366,0.1060663047746331,0.09807265265094131,0.0813875554915119,0.06554411394661393,0.0588514171785131,0.0515124356981193,0.047318232409572045,0.039897225529024756,0.04230980681141526,0.04614226128912976,0.06449735514374999,0.07232533940069558,0.07833005488856448,0.08642618958863922,0.08484570930071975,0.0858901490442773,0.08924028467377786,0.09895577698500695,0.08379311559465714,0.09678793812637795,0.09534167253090947,0.09083522947813397,0.10405488190584333,0.1064154610154899,0.11372631494256547,0.10035801533280857,0.08357147066259533,0.07055653206194015,0.05391876963628107,0.04152233652766267,0.03807607088396466,0.04031235309750081,0.0357131105003793,0.03938725972481189,0.043908429095060514,0.056525886070242164,0.06704274893441381,0.07449282197650582,0.07443382636537807,0.07176257694645218,0.07268796574406147,0.06637282292860094,0.08715699781856386,0.0789925762828516,0.0838520129898121,0.08611288434612065,0.09337265703205733,0.07102248355584272,0.06924390224467027,0.07159306210416687,1,1,0,0,0,1
0.034815711181945055,0.027276989863784355,0.02261017623231513,0.01942028868784174,0.023482029209718442,0.02107910493993069,0.03485816003943841,0.04362732916029702,0.07129650098913146,0.08475281876631363,0.08535151901948448,0.09274950669730041,0.09117574769759136,0.11535615938049851,0.10306544903074806,0.0926895364337866,0.09119954381629615,0.09377741944815057,0.08622809279662975,0.07751439364261037,0.06545033473698209,0.061901755612464075,0.056368552049812094,0.043538104304576525,0.03544939000341332,0.02815175733132692,0.02464282907957656,0.023421897333334944,0.021995888498573913,0.02167340594546417,0.02355232493946055,0.03680029971018874,0.06587886899887667,0.08023127944413024,0.08512643648365631,0.09112003248890344,0.09367508945553464,0.11092224103279169,0.1069329028250103,0.09189986800669013,0.09580375026311984,0.10216158284756495,0.09694752327824738,0.09659344354499619,0.08111843391571744,0.06325962917236597,0.06440643692247607,0.05564645574323452,0.04533135469697749,0.036724923892768366,0.03316029469091895,0.030783048734607542,0.02969670797799251,0.02894351160928315,0.03414100370060789,0.04197786921565538,0.07543108475214007,0.08642776202579279,0.09388033751246265,0.1025723781136816,0.09826021285408684,0.10820777413809385,0.1084070768953657,0.1017184424658913,0.0987796782174141,0.09590657120727424,0.09421327138026314,0.07956741239644866,0.06975342820298693,0.06527984325778538,0.06757213422075085,0.06375545556054255,0.05331964839472666,0.04383375480015192,0.04135652399944622,0.032482488380742344,0.031260368879194575,0.02886960147506925,0.03040090007638829,0.04314735328517286,0.07429852503370506,0.08894850643087353,0.09154156584191589,0.09157889627913568,0.09677020566207163,0.10517052093009711,0.09386662411200848,0.10032901128500211,0.09939136694065619,0.10221093337029438,0.10182902405141331,0.08931100633088117,0.08095292746139951,0.07021705456485665,0.0657218084463263,0.05923676953009841,0.05216246192435565,0.04232965309670873,0.036261546235802425,0.034515520650067744,0.03202357422481405,0.032245533943541134,0.034024461636761594,0.046091420906756476,0.07368599737175627,0.08440126649186144,0.09578678692093034,0.10036620110852075,0.09996296609400097,0.12236332659435413,0.11401719746126128,0.10445832857813579,0.10838502940558521,0.09375738651253428,0.08364230970330533,0.07075499261009166,0.071150569604009,0.06646145461539074,0.06891204496971785,0.07062137307602642,0.05271616094938782,0.047058773224136125,0.048401205457031915,0.037989103077809165,0.03141869138796564,0.027651902303303815,0.027336612373829228,0.030941957302091545,0.03825178521265881,0.05315407631668188,0.06102575203676197,0.06518177106848115,0.06553970218768389,0.062178735587275345,0.07213912191063682,0.06328515878169166,0.059786519817238745,0.07214856500682051,0.06369802100625477,0.06338733965604336,0.07342834515541626,0.06924123596553537,0.06416198985354898,0.06950378338901857,0.05918347261408543,0.046160121528259816,0.03527766386315797,0.03020261805020866,0.02800043243537967,0.028838788011285407,0.025761342613135174,0.02953190290354394,0.03074275516366759,0.04548123821629979,0.04599206862239374,0.05696499421304635,0.05416082783873931,0.051972286856548026,0.05024933356288033,0.048141215538655246,0.04749579108397671,0.052295663706115186,0.05661054863097839,0.056238708933280895,0.057197748084299394,0.049407738132472505,0.05005476074726637,0.042568287087806064,1,1,0,0,0,0
0.09851232131978267,0.0910153633437269,0.08369158146668085,0.07509829387287678,0.07110292670655873,0.07083709225192188,0.081513963827609,0.13038618357153064,0.19652362938395707,0.24648507924932633,0.24999843401456343,0.25362144198153824,0.2908130503991189,0.25574651042505014,0.2250021835817006,0.220720189571917,0.20721651379502273,0.1869648813380844,0.19373607301676873,0.18690963448203263,0.1774877192958335,0.1856232888080218,0.17347226492614348,0.13965870024618834,0.11949380480725892,0.09159780517821865,0.07722515967646323,0.0682602623814961,0.06317616902851331,0.07681981971573222,0.07949723278710963,0.11648406434004303,0.22441581039228867,0.24484056775448834,0.2688012809722077,0.27347017934801976,0.28941338513056625,0.27681641175708144,0.23637926306750462,0.2060511816522327,0.18831775719265142,0.2023547005814103,0.1933319361796998,0.19368744999119553,0.19697070578246692,0.18531973924398942,0.18918796658018477,0.17965571296042374,0.141233314883702,0.11187343901794108,0.10287966398975079,0.08496775504110746,0.07367256643686966,0.07388393237450745,0.08620171969858209,0.11972932711422149,0.21293310640243457,0.25347423445292794,0.2523179246068621,0.2885653987050512,0.2666126173110951,0.2896096104394786,0.22856215885723233,0.21035990856830908,0.1878317548620205,0.20536575232876722,0.2238758813564661,0.20335456773501562,0.19048596876947532,0.20134621752482512,0.2021146180019657,0.1560472569027505,0.11987604743754701,0.09669722290794594,0.08381526781013698,0.07036844211611828,0.07281023029429283,0.0735011101754047,0.08414873735095355,0.12274878160456049,0.22489871322357785,0.23896305696628128,0.29588145197158605,0.27964463964820413,0.2801196138634646,0.24737593003025585,0.21651398204559524,0.18780826084266872,0.19739366505059205,0.19886385417700575,0.20866456578128703,0.20407399335006102,0.21716313778774599,0.1869669552572595,0.16901956764674592,0.1587492277069954,0.15008390495914808,0.1011019318846579,0.080966901737813,0.07348579621059378,0.07649839352194128,0.0695537205498119,0.07813216424722084,0.12183354036158248,0.18766873423479524,0.2175186410877933,0.2548857921963381,0.2680325469007077,0.2821077644102568,0.2926573900525704,0.23806966115525746,0.2169408028653241,0.20169372340747402,0.19972304161937898,0.19090965658309994,0.18694418230160043,0.187243688287264,0.19922616807394228,0.19299237933470964,0.15367630836218785,0.12244791492338165,0.10296593285867023,0.11059886137286913,0.08302478005552384,0.06739063990097717,0.06044273044268649,0.06493862026519696,0.08875921924401654,0.1564337582830497,0.21687433405712955,0.2862700464562089,0.2615865756881939,0.27698535459396884,0.24046769481008365,0.20380154749280951,0.1710160029038873,0.1601944594308654,0.16850402505194031,0.18191529954352872,0.18331883728620704,0.19435733594200114,0.19701641311208642,0.18551216191041744,0.17599551977115763,0.13631823084929268,0.11963055980347741,0.08977700706888639,0.07861583377029709,0.08032385078735796,0.07814320238209554,0.07842900711438645,0.07845300351271242,0.08412484864757791,0.12104039626250682,0.14623252159108044,0.15988591276649847,0.15913465202348911,0.15630326147686166,0.15443594865729557,0.14828010847337317,0.18660904435499961,0.1690812340117018,0.181566107549951,0.17727182918336792,0.17472407002168736,0.19299031089184412,0.18033313409215498,0.13034283311481668,1,1,0,0,1,0
0.1272251455617276,0.11206415319176877,0.10633015255781707,0.09100216601320396,0.0827038627898794,0.08217836217784451,0.0920502198849864,0.1463015470265668,0.2323204416447976,0.28605131159108066,0.30522922281036213,0.2874184806421054,0.33448883634083826,0.3257948765586226,0.3063554440091032,0.29897845426717157,0.3149942329446803,0.27514804302852813,0.27990963498621096,0.23473991162384145,0.22168513181565258,0.21207399838859844,0.21266719857505692,0.16425773537932392,0.13721661023024456,0.12217798182661364,0.09336655289431389,0.08792086256033066,0.07840600190638647,0.09691047003411413,0.09579096964952623,0.1460560263445632,0.2569492336593724,0.28939347903174906,0.3236261249264233,0.33114658172026357,0.343421101888476,0.3620951095662157,0.3270784461850348,0.2917022035642226,0.27349812298854953,0.2743778604019057,0.2982709870313318,0.29385841855481803,0.2515561582895609,0.241176082266231,0.2225844706706061,0.2100507484675366,0.17540668908892756,0.14415847942867296,0.11931894870812466,0.10371006835253356,0.09156177456777866,0.09088539056236682,0.11029409858947864,0.16446936358497996,0.23848939307979472,0.28780778950745517,0.32581791630938656,0.35177792755203857,0.3204303825789107,0.35455860890351765,0.2989654871630199,0.2794134034754987,0.2677580424894046,0.3043699366458472,0.3184848382077681,0.28059675720568283,0.25591692467801636,0.2646880580638135,0.234444427301455,0.19533897718334398,0.15933828769693514,0.11510197830395008,0.13748009617973533,0.08398574433173175,0.08599261734335234,0.08541553169568925,0.09779825945456912,0.14199600867514148,0.2595613456889791,0.28019558330561134,0.34769905234250714,0.3470932515285146,0.35627046542183544,0.37768804780371584,0.2859734265480329,0.285257987293606,0.2977510698921942,0.29182662394142916,0.3307188007128588,0.30202973446496767,0.31165588256040827,0.24188113689028684,0.23622217287384675,0.21584581352550458,0.17385498955089143,0.13227762183991323,0.1071768441942927,0.09247712285010144,0.08976677540207369,0.08801577557586344,0.09738534099834453,0.1520095575567316,0.23622296683580046,0.2756397506615227,0.3095482795251213,0.3400363628662891,0.34684503811655365,0.38378070144198445,0.3310277478156171,0.30547464179598655,0.30619369223757886,0.284963849687003,0.30209311577613723,0.2749037507365858,0.26926395944267295,0.28274014021242233,0.253419069577808,0.1889001457538806,0.1656576823200455,0.15243182513600614,0.1468679852855475,0.13147144426724586,0.09629219391153432,0.0890615028789695,0.0890632837159682,0.12255234844615001,0.1994697842181004,0.2769391426964239,0.3480855023372954,0.37564493802324833,0.36177580271964754,0.3476416869837116,0.32000195731830094,0.3480801696104771,0.3777832766892567,0.38160499000687614,0.3594045698794396,0.3233556506456327,0.2644192785414564,0.2409480429203071,0.22364216977729587,0.1947809286339485,0.16169793412282832,0.1419107427418664,0.1283542341645884,0.09865470199598507,0.09489554823919358,0.09470421103717624,0.09373519661060017,0.09220189833662241,0.11363254039362627,0.17806392839221752,0.2061274520500508,0.2507832453099046,0.25028262610511276,0.21240197585197354,0.23318530025105372,0.2667498283225373,0.30008122738247095,0.29308441280545977,0.29497172820707634,0.2529123121591526,0.24737650771877398,0.23778452002296194,0.21163163894576367,0.17231276799299655,1,1,0,0,0,0
0.13256336275125072,0.13712731770882544,0.10933622454384928,0.09476647724142645,0.08071802050138907,0.08682361577717117,0.09038423636013157,0.12085309613171552,0.15323362933067144,0.17738451102468994,0.1912207304765872,0.2000428223229375,0.1962425610216427,0.2182633049671779,0.23591087374646005,0.2590389761834532,0.28203539831182417,0.24373787955372336,0.24449635903648506,0.21264181757122913,0.18470199387298344,0.17804566177357212,0.1919894839866381,0.16105314359448017,0.18917633323203778,0.15899983392170308,0.13499452150551178,0.10221851970378779,0.09286468720699596,0.0861400378687019,0.08861271640686971,0.1398439353492749,0.1890738277694876,0.20006891363593265,0.226515212560072,0.22858649814615953,0.2406066337207558,0.2425714422216263,0.268589261884226,0.24093719844291467,0.25988563161536343,0.24914392352669285,0.2945814286843005,0.27450247720263626,0.2492022339816899,0.21603197211800748,0.23267444213485122,0.22242671304046077,0.1815758804176103,0.13992041870537106,0.10563629527329083,0.09834277828595661,0.08853305480572189,0.08367422760001396,0.1052536493370726,0.15770411055285377,0.16695648035419794,0.19207189542453532,0.24034290497627586,0.2159963671000045,0.21905798497554527,0.24854584956078574,0.24181536705571313,0.2274108881869452,0.2400791430792109,0.2474807056418621,0.2724492117598948,0.25664508213047554,0.23070101212423408,0.2599919115701884,0.22886502450809537,0.24510030550360992,0.19627593488998582,0.1472115419104534,0.1233905289335647,0.0879297731751719,0.08656420996879129,0.08676328275059494,0.09648920086512108,0.13160548600597163,0.18281386183643433,0.19011544516474874,0.22801398453926613,0.24071923420425045,0.26044405260097453,0.3003473708660799,0.2706166941500727,0.26369657626909104,0.27152433407644466,0.27291737402901356,0.30478130193528813,0.306909569460332,0.25576151616806647,0.2811283843090133,0.23712619254347653,0.2317256024971666,0.15948088609371477,0.1270382345932951,0.11457328647128198,0.10398643100939309,0.08589558704741214,0.08418795414672499,0.09741649371045916,0.13857879545881602,0.19363092601905468,0.2088104477676515,0.21685462640420636,0.2157894384986665,0.23369941677405062,0.29130515186100214,0.2771096149207409,0.2683965987884288,0.2741649357859217,0.2671142298321984,0.2813966107009366,0.24983479812538864,0.26234615651593524,0.23663874703375742,0.21753678536490634,0.2001207584360129,0.1693172426035421,0.13491208799222468,0.1253701556313806,0.11848935022427758,0.09300209387050845,0.08183469590070734,0.0823647779321943,0.0951077589401557,0.12392829610944614,0.15762339352101012,0.19215318406884688,0.257020365886359,0.28636897867360106,0.26013592521723133,0.29252362338647464,0.33375009997647315,0.36735907167689175,0.3637263198672616,0.3649790530604829,0.29949605563080123,0.230719415014271,0.2040635903475554,0.2038696153711955,0.17033947200850005,0.15496680390254686,0.1320974898108036,0.14322573001463645,0.09761363654137305,0.0896047678473769,0.08746486933369946,0.09507720060897067,0.08467331663815587,0.12558144195010013,0.1468088361312643,0.17859648840285305,0.18670059056900684,0.19662214486658472,0.18259420079531916,0.19866506029540673,0.23111574829083217,0.2419742855259853,0.2980292337486709,0.24594614863441003,0.23727223879374265,0.21246158786684222,0.2257209046327454,0.19164264003015558,0.16141474595207478,1,1,0,0,0,1
0.17958937494792263,0.12327912416633005,0.09799094154112395,0.08840845898332629,0.0764023084064231,0.08343097846942561,0.09395565137947647,0.11504156798624413,0.13701712116058273,0.15462025861386444,0.17838226153171702,0.19513598697933052,0.18842805485253344,0.2113869006374655,0.21556353184857963,0.19271749833435756,0.22212281508238266,0.24439780526135216,0.19887231307186348,0.2212451091063513,0.20900394537700132,0.28309567461969953,0.24991909224049028,0.23163112559808305,0.20840973611415567,0.19387154515986812,0.12150859117207129,0.10929942739118571,0.09576629247278169,0.08508696746699662,0.09753897904731067,0.1350963837047157,0.1661632919332254,0.2375795455358835,0.2143686269563029,0.2351160761810549,0.20316272245287864,0.20831362952529667,0.21443829984763582,0.21330257422687632,0.2337524666566519,0.22530707490850338,0.2275626714479546,0.23838819893743823,0.2377982643111248,0.277737137070103,0.24973455512105944,0.2652401829188461,0.20163660687529206,0.15634663459148468,0.11259160269362573,0.10281148982207176,0.09680398790452192,0.0933960379810146,0.10411847472335306,0.13641787443429185,0.1909385276633071,0.16239296118330132,0.17215642018220467,0.18151013927004767,0.19354024573475448,0.2148835577343565,0.2130263363652455,0.2024151522584011,0.20200373788086226,0.2308260295219545,0.22608803216159395,0.2280908097750633,0.2406960224258549,0.30475678343152035,0.25966660064456587,0.2349760415653303,0.22967773859730195,0.15384966357310165,0.1130024699355244,0.0968731331042897,0.08541317534714409,0.08351577519764347,0.09818269640436075,0.13261793377281997,0.16890541898706243,0.17262292086205358,0.18344130894732408,0.20546014396215045,0.2144398833924586,0.2920543971811398,0.29536662531773566,0.21487939942567844,0.21380663286491713,0.22969677872291186,0.219108151935512,0.24720307123401122,0.25700184184247093,0.3126996806871922,0.2885160032958758,0.2548230771433123,0.18213180150772645,0.14452492995625532,0.11298803345007465,0.11311104406831754,0.09454436328934612,0.0884961773367333,0.10857008397329396,0.11870241630129942,0.16341208982408587,0.1672984468955349,0.18931447210748975,0.19003941220253565,0.19685201055553608,0.25321984289185495,0.24452214657508112,0.251950518886768,0.21467233092072915,0.21152597222664382,0.22043946131721692,0.2485063760585929,0.2539388353575297,0.25438975978148415,0.22218719063633832,0.2378217037370156,0.15975885052495925,0.1263195219659696,0.10926464339338642,0.09289223809786464,0.09067616588936613,0.08272759642312667,0.09447743743494992,0.09619869703869696,0.11612675405039595,0.15118307605838968,0.16545884916772638,0.22042378209000849,0.23733024361087807,0.23400533629847037,0.23420590400333297,0.25474705213400384,0.296712882262525,0.24080955947941365,0.2716137543710784,0.2525556578303235,0.25817319656152254,0.26687723296090204,0.20626734805943098,0.18674072400624386,0.16502111406214354,0.1441764815695208,0.11451118287165836,0.0987022427905452,0.08443162942646505,0.08744098497531935,0.08381087905332558,0.08493245764993944,0.1464390766501138,0.1534530649356811,0.15525478442937263,0.18344180414958014,0.1968315956474954,0.22203117056570515,0.22104131634166965,0.2295919388304488,0.1997806981000478,0.23127301284609922,0.23416334209616688,0.2530010052430444,0.27449126475883173,0.2686909630757165,0.22526161817735876,0.18660280980015517,1,1,0,0,0,1
0.13473148999611156,0.10333310858538165,0.09272308127556783,0.08705326321684839,0.07060461885779945,0.06874479564979533,0.0727635090077494,0.09814659614916606,0.11772960316165666,0.13594535542028086,0.13124376012966413,0.1425742158026816,0.15331637415341196,0.1657256234636819,0.16417492372021575,0.16998363181387618,0.15769123556515982,0.16307010964783605,0.16773151466645433,0.1686533189455681,0.16913864309110468,0.1937229064739302,0.19213598915330105,0.17658953338885935,0.14828891863574814,0.12119314439602058,0.09688936618977421,0.08628531659229548,0.08123158274837791,0.08023458427574247,0.09152759228927328,0.11535311741509967,0.1353854069394191,0.1432067719360806,0.13702425394558782,0.14914387632427084,0.14342905299239114,0.1622752512059472,0.15039905498907283,0.15292747104637902,0.16032337503460825,0.16334662444903852,0.1706802651917544,0.17798260761119813,0.19850877266201072,0.2528342029805126,0.21083029091118713,0.21077936737790565,0.14200695378141814,0.1090898938584183,0.09236088430136702,0.08620485535781543,0.08586270114757001,0.07646874669223493,0.08163746748259522,0.10758253465126573,0.13376105921381798,0.1333204626688485,0.14557738061518788,0.14429333584465875,0.14723797257233973,0.15640261814173836,0.15464164037818687,0.17169686058804964,0.2069899327344484,0.17092623782963506,0.18245633070427483,0.19465723720383876,0.19779283764456398,0.22955196572716666,0.24128752273832452,0.2128843998326405,0.1840133084699182,0.14519694653122936,0.1450816728861469,0.10027823465731041,0.08770742210621166,0.07825058836399294,0.080682781792455,0.11160191522585705,0.14346300126067316,0.14817783384039135,0.14715174664259942,0.15087280292781777,0.16261136739893065,0.17988043648515542,0.19114085625922642,0.16018842351577806,0.15858813986538978,0.15341810849365586,0.17538538704842557,0.18557612345254626,0.1913044562204265,0.22881012206063525,0.21212465390090654,0.19843323065848414,0.1611956936644956,0.12170492829763134,0.10289451774629287,0.09670940114406644,0.08012842136402551,0.0764005952977158,0.08483201779180866,0.11429859853812928,0.13975046717909578,0.14161174506549537,0.15343450526346603,0.1489552944696374,0.16958007349233992,0.17413513637875494,0.1667027246604562,0.1697503834725424,0.1563774165032925,0.16239593204909136,0.16397950034275424,0.16993050734650297,0.17263516443593624,0.18842059968812433,0.1737405441074241,0.18273180388206284,0.1449181438068194,0.11736237072401073,0.09815485487523158,0.0833700531133429,0.07688593398973544,0.07002057869751618,0.07722276092759364,0.09056671212444863,0.11878346457703139,0.13767880305884875,0.1381793031489478,0.1797879794644475,0.1563549133260043,0.1744490763857809,0.15615134499756764,0.17794992264447612,0.17460976338973297,0.1813240519913592,0.180137379719326,0.16014285521216268,0.18725746870051135,0.19490428806429533,0.18936056465917886,0.19109272477622097,0.18072712085854958,0.13050713457813207,0.09876573254262683,0.08729979161311076,0.07421650698390311,0.07605025335612296,0.07171690808920823,0.0714569665530384,0.0925927051748332,0.13043408843551574,0.1474870688854616,0.1601367296893742,0.16149127627732693,0.16786657874821717,0.18368453966056633,0.16791567726780157,0.16015326890006884,0.16242374822761396,0.1816702023255583,0.19974836769852758,0.2006079390421775,0.2322442020453954,0.2150802643666168,0.19930416905979556,1,1,0,0,0,0
0.12185600484258688,0.09645542180270804,0.089502830259868,0.08194041562090175,0.06871844537732873,0.06585091672974004,0.07107743205946943,0.09551730999979026,0.12267608771829762,0.13114876498916211,0.12821289966455762,0.13478280174969015,0.14307026148645743,0.15550446008766208,0.1511736426433823,0.15587497251893,0.14624537182554778,0.14051807979441433,0.15471560122033642,0.15821673556859123,0.16194423045992717,0.1732480318687398,0.18139720020138728,0.16745776031413034,0.13517191195197295,0.10691693011830529,0.094795664712691,0.08547606650887762,0.07859627970409883,0.07920300436884163,0.09032537274579991,0.11955090773132573,0.1329436613524203,0.1265759743803906,0.1239430785610561,0.1409713235071655,0.13488521996960373,0.1528753449724553,0.1443911548462969,0.14451796768579134,0.14048094859455668,0.14442488202261344,0.1508692539730028,0.1729156533062137,0.20106864300480765,0.22550850480379658,0.19545769773772878,0.19326689169527306,0.12885044565598272,0.10821718246529326,0.08962295529623199,0.08272409751962281,0.07711452210648852,0.0702741866412366,0.07861652262954949,0.10763800597117629,0.13661765539224446,0.1326042350402697,0.14990516461838102,0.141329746684621,0.1426392735316678,0.15029306378635846,0.14865306971212613,0.1601285447582765,0.19472009972610504,0.15601194913854258,0.17047703694861308,0.18227111803325835,0.18534421873038204,0.21377126526999862,0.2264752542285831,0.20296218387269868,0.1645674782011197,0.14042703190146058,0.14811721300751673,0.1003326979307357,0.08759135258403923,0.07799332373670637,0.07960658217175204,0.11105656977878293,0.1414854625613425,0.1423868235943999,0.14799654894926373,0.13577935623133763,0.16263700618340662,0.16949676169328495,0.16123844122067826,0.1431376026199285,0.1335044454570849,0.12811148294486888,0.16045772104298062,0.15880645464275217,0.16900483922859538,0.20260073770738476,0.18403098007757332,0.18038528209260313,0.15292731488912573,0.11370334787983291,0.09948384061511477,0.09167680662597946,0.07678103480535783,0.07229764511668582,0.0787793818849757,0.11363883422120752,0.13818280529099777,0.13363616086454105,0.14613470096628817,0.13604439007485578,0.15868498601428108,0.1581026954124763,0.14789287124146736,0.14549173785459876,0.14373088801522046,0.14477122658889655,0.14721208137182512,0.14737014885248897,0.14793705351148853,0.16976095353780163,0.1656809821528,0.16526339467589288,0.1389383612372339,0.11308477481004385,0.09371162896815344,0.08178413842121968,0.0734287176926286,0.0677669887113686,0.07162631537508268,0.0875790636451005,0.11353073169000286,0.12340352324645248,0.12334344835125108,0.15205090238306954,0.1261726307422941,0.14669023695062208,0.1320825493911943,0.14626862783718347,0.1451162582287716,0.16421918819657785,0.15838996221712778,0.13586988549952614,0.164945205449117,0.173059391181428,0.18038469475425434,0.17945579252949873,0.16949289091517514,0.125236857960304,0.09836794886472333,0.08335142240416109,0.07359563381676941,0.07078204892454643,0.07070394712056997,0.07178181449204868,0.0844709553451865,0.12552713268419044,0.14688342604610444,0.15018328087656116,0.14890199325548426,0.15025184029062322,0.1600139813727427,0.15276658559687661,0.1522550872516456,0.14502971024440578,0.16575076324931992,0.17769439606614176,0.18807493820810076,0.20364302168536697,0.2034146961521423,0.19555273128131856,1,1,0,0,0,0
0.10343316862850141,0.06682884166771912,0.06267287131490182,0.05734328757030324,0.05144812926285718,0.05309567097475048,0.05526599475181041,0.08664940650984614,0.15630832225507285,0.14909796600604786,0.14281524282320154,0.12885747634138436,0.14346358304374465,0.17284159138377844,0.16246964630862515,0.13605200061228506,0.1414798517062503,0.13574920906278012,0.14500660328076848,0.15445105956140667,0.13958953484870543,0.15196791890108957,0.14472049482124788,0.13328295675784646,0.10262963299860095,0.08172586838874242,0.07189338233018124,0.06320975777497771,0.05894769911156177,0.059314991951129756,0.0668393822229159,0.10130499130092138,0.15914375618582247,0.15397303951001357,0.13986600321562456,0.15864171634924454,0.14553642246797882,0.14953478477539756,0.15016144659841588,0.15144451103248407,0.14843617513012505,0.13365660430585644,0.1517865657555877,0.15839907493915664,0.21855245166374732,0.17591326856151598,0.1503115989590657,0.15442780693492347,0.10621245610213388,0.10765662187486046,0.07802786375313286,0.06551003188089034,0.05977634125864249,0.05638161722502781,0.061205341259572554,0.09806339239186358,0.16606158849940358,0.15314429393372989,0.1615794270478002,0.14601753893630132,0.16797592823589566,0.17437632396742933,0.17384138823376347,0.14666911643139574,0.15118084912720398,0.14248604061130654,0.15342661990100923,0.15597565078596928,0.19735333677259917,0.1703184495025372,0.15203922169788758,0.14296152829711528,0.10694592902232586,0.08943856184352272,0.08612757613673622,0.063384704267059,0.05671619894834605,0.05354852308941601,0.0661824385999577,0.09475836327715881,0.16973479938689248,0.15821801265965654,0.1698126382349852,0.16178435796441898,0.19454764997470833,0.19447656121057347,0.17467307467351686,0.14315430126728593,0.12878182245601688,0.13120262164981011,0.16885145682858918,0.15032664333039,0.13148108884093887,0.1595174324664645,0.12819319423002049,0.12009999199430285,0.11249740815032008,0.09066847637892672,0.08521465119521349,0.06974391316405501,0.062090798706423485,0.05630406446398621,0.05878325468692764,0.09659274089322295,0.16365758706222303,0.15972735666916116,0.1633263246837017,0.1598952371689954,0.1698887767753176,0.16773986488422143,0.1552360807313068,0.14541466557388813,0.15911724556770554,0.14851152671106732,0.1472061133460135,0.15677859422390758,0.14270241629672425,0.1407771617699878,0.13762324715864968,0.12868083817176826,0.10494254783664202,0.08763937845368543,0.07475918401909698,0.07140981042644821,0.06353417251041632,0.05656386659148608,0.05159301132038199,0.0726534598942945,0.08112731874006397,0.0995923891523215,0.11926243542352138,0.11892117544523775,0.11591461926403272,0.12003782371750961,0.1188535013039318,0.12526699593430354,0.12616258592993598,0.1384596934877511,0.13679727406898692,0.12392740234949576,0.13300914706136316,0.12810920383059912,0.11985331296855749,0.1260199459304801,0.11355663180294594,0.09395525854873404,0.07087032331593597,0.058491681486775825,0.049947804172212375,0.05198268367177655,0.05035285633994376,0.052956794689161146,0.06738963097415525,0.09446202078550434,0.11139088615180087,0.1225967471011753,0.12529516207252725,0.1259889036825497,0.11054118814066807,0.11537404767625857,0.12250215114229195,0.12107268968079662,0.14467114398856018,0.15189190711960063,0.1336838568986066,0.13844946985633647,0.14592295533188895,0.13613888637504307,1,1,0,0,0,1
0.07906173420138768,0.06411670593046882,0.05121499617914318,0.04664113388024523,0.04305973356287131,0.0465835297298476,0.04954157187117327,0.09653247098310858,0.2796907983225391,0.34128539670999536,0.37286692556035417,0.37150846560733203,0.4206345497639009,0.4359923699107461,0.3837637899951098,0.34916186995537835,0.320804341310695,0.2775035409512973,0.22774619597034812,0.17786635063873169,0.15283566814073243,0.1453835126542001,0.1260313302669738,0.11839976222245958,0.09469886927248575,0.0761613155869536,0.06707187384214072,0.054982560886751665,0.04747287230202652,0.046906118704379385,0.052077797193601526,0.10955771712342643,0.30232769601691983,0.36749062770727464,0.4126950397000337,0.3950888539064479,0.4108218169991942,0.39815712447445467,0.38299281243824634,0.35907212805197525,0.3397775196053082,0.2782723041836991,0.23984151855497962,0.19181559978514964,0.16460413516969227,0.1522105446342379,0.14452109529204346,0.1208458279952251,0.10147729377199366,0.0765836615827831,0.0754272254337811,0.06344503703690324,0.05616051505252051,0.05141282605218513,0.058714016932376885,0.11226899352703804,0.30160933271275414,0.3514357834460318,0.3719714520436861,0.38434097204658274,0.4126428420362273,0.4102809574429948,0.3854354849440202,0.35002517829234026,0.31185300447166564,0.28585767327161926,0.24901095241439977,0.18352038554645722,0.16613979816242985,0.1463279611928774,0.146959183638609,0.11655276573151514,0.09086176398700146,0.07259400550173396,0.06603338500640826,0.0522167339914302,0.04751500441361247,0.045908880883045865,0.0551963590301401,0.09408826441765009,0.30290037532585584,0.35545985259249585,0.39822693219538524,0.41294841123448367,0.4044399560513406,0.42748256570750354,0.4065795054661448,0.3567962410254579,0.32997420287931617,0.28664680425998723,0.2485964229537948,0.19385731873179113,0.16295415878760358,0.13996919514775188,0.12653082575531216,0.11010826094097058,0.08569665512427399,0.08212588409815265,0.08032467347998651,0.058669147869076635,0.04950278435418179,0.044436014212635835,0.04711470893136809,0.09315375024250402,0.2837180630086776,0.35419943884523974,0.39443066361285267,0.37046494480347575,0.38920340449897173,0.38856231489466964,0.36010383092469905,0.32297749518538293,0.2943112968787432,0.24887819435841213,0.19965597767399154,0.18305777183931873,0.14697931040738577,0.15109977246952275,0.1418089949325801,0.12114381785289666,0.09132746778958721,0.08425267196842065,0.06311291301391943,0.058989324596327726,0.05395272090078207,0.04935354206141135,0.047772566294063956,0.07644098334294876,0.07227625574935737,0.10585184410166779,0.13363547530634878,0.1379366582519155,0.13130135996285394,0.12287079048360625,0.11612827182830486,0.13220487126047145,0.12046360098779021,0.1264616503450509,0.1278084025859832,0.10820643189590104,0.12167405696981126,0.13415363714015788,0.1181339067999244,0.11658099255986201,0.09368325454858643,0.08211923821253896,0.05907636270675194,0.04755891167362654,0.0404970576974468,0.039186193278531616,0.03654802237679604,0.0407285246524306,0.053579425466521884,0.06877300365591987,0.08247717338276456,0.09410750834628479,0.10461488528943169,0.10117629984910975,0.10116746920941294,0.11406921408698507,0.10799057626760697,0.1112387049455845,0.12485857485248891,0.130941172429859,0.11804149326214787,0.1288826091387564,0.13398612104178143,0.12235914235741974,1,1,0,0,1,0
0.06517364033771143,0.055592092947617376,0.037767708675512435,0.032709098453543146,0.03058255018809696,0.029274680382566295,0.03475313490386456,0.07417560519424819,0.27431404521503233,0.4164607976241757,0.4924225077819411,0.508592222174311,0.5761250852862491,0.5489187788144247,0.4939982346593451,0.4725690067572894,0.42053902607228566,0.35690278216856436,0.232156385441837,0.13554750586824532,0.11660172452454359,0.0944927360160971,0.08562700111113491,0.08118885447514776,0.070400154352446,0.051874876469059514,0.04412897759357725,0.03755877675844482,0.03473797105099954,0.0358896672492674,0.04083474550720622,0.08636730830341288,0.3009080478889393,0.4555310004494896,0.5647343507290558,0.5427394837568614,0.5713767697854235,0.5447833903282429,0.5248898149814878,0.511340741094868,0.4588564057909866,0.3610598955791496,0.2658527097962796,0.1572591605768063,0.11599408112346475,0.09902548090496843,0.10002608476892494,0.09623469342811145,0.07930902211956806,0.05664841317819438,0.04175867911977194,0.03992502662526079,0.035240552971265056,0.034123289353021356,0.038272715155843524,0.0843122773473458,0.31788009592216343,0.43100759150186946,0.49363959666084295,0.5353201482129221,0.5452462954280808,0.5198595393458365,0.5013974153807741,0.4743250024531073,0.42187868410485424,0.36358487399813866,0.27200511704886554,0.14823906968696662,0.11289925882117793,0.09961687386987833,0.09058652114075005,0.08193939235163601,0.06673166977972934,0.05714976290377606,0.05509286401326409,0.03591007452207392,0.03385275685314216,0.035530773986756845,0.03973273191828098,0.06948324193208283,0.2934639986147558,0.41358676353097246,0.5079049719823896,0.5406126693911949,0.5630569609406316,0.5907609870782711,0.5167712574351481,0.4937824892430379,0.4465004674792835,0.361771106374383,0.24645319986347372,0.16168081935594866,0.11701796041807737,0.09302413868308997,0.09229557291734995,0.10381390873353309,0.06854081609397011,0.04757673804773695,0.040018714707605194,0.03537262921886561,0.031045022516865355,0.03204547956528708,0.0345538276442478,0.0707841411441272,0.2799864416542847,0.4297872739905545,0.5399536793166154,0.5362963776591549,0.5320482476643579,0.5152995712076797,0.4732274801639841,0.4376193836998474,0.39474385487667984,0.31013803855736605,0.20511275898372644,0.14557743197879955,0.10242248448295944,0.09557860617645007,0.08477798091825013,0.06739063734996303,0.061481208582534135,0.05521367295339238,0.04915032189365901,0.04494708896162988,0.038030577321995336,0.036875415413990774,0.03803720208791497,0.04768311773081959,0.05719911139576821,0.07492998477487293,0.0967239520900967,0.10914274786145454,0.10438924511450226,0.08691013567311769,0.09882587842758882,0.09937116600214718,0.09332666412378186,0.09513083716306486,0.08896762839111981,0.07737277750961034,0.0840252553104095,0.09532791903390692,0.08536254434442894,0.07737259788727248,0.0563879436987336,0.05461599616325723,0.04273832482572582,0.035454333417900614,0.03389857399819702,0.03512354899606603,0.03341168848049876,0.0371355449921446,0.042343650387575565,0.053420820430329134,0.06091029492944938,0.06285081371683383,0.06497834401958877,0.06887459775479839,0.07421475107446085,0.08841221772286437,0.07750362589541523,0.08244681487652912,0.08009308647478652,0.09432167129559275,0.08664765524605678,0.08722563423689757,0.08686160482444033,0.0821129213499444,1,1,0,0,1,0
0.09474619937059547,0.07267764895108918,0.04851368355726175,0.04073497086970934,0.03615375119097992,0.033466894805405406,0.03704820654659356,0.07296316502820836,0.18203072943740717,0.2238618397168404,0.25975855429815853,0.2555279174922384,0.2530261698930738,0.25771299474362075,0.23498458490615767,0.25034408120922874,0.2300668817651368,0.21520891943865325,0.15428703566187027,0.12365543656255128,0.12289398209197963,0.11133368937107839,0.11680045220523996,0.11335391932720479,0.09045254922315607,0.060404126199977294,0.05138822869532114,0.04401766582671553,0.039129944961985505,0.040497682624990664,0.04370038914815066,0.0810255016302157,0.19129173419290516,0.24983040783095276,0.2950559876799907,0.2976283228560391,0.2891483632505266,0.2895950089864718,0.26957682484856277,0.2507210397856527,0.24638695159846957,0.21708641167688605,0.18289931309256308,0.13221799882484492,0.1181120724981598,0.10177816669338557,0.10265648237271523,0.12240837630832317,0.08672466153338326,0.06675820865204186,0.048927623015410975,0.04803266855318458,0.04099327037178251,0.04249099990352944,0.04247761978564307,0.0820689300063413,0.2138796045342124,0.2662352497753848,0.2804570828509455,0.2934479465016092,0.2952812182959617,0.3049166527322237,0.2766099151481498,0.2529217927325877,0.2364558215292582,0.2146753852677598,0.17096724953048598,0.1310497676752925,0.11579098601535043,0.10657606064570727,0.10689746995224227,0.10483308471934032,0.08603649718822838,0.07107013560433344,0.05444891915237019,0.041762135266489434,0.03912082842225954,0.039247627440677856,0.04586989001919461,0.07168833982730774,0.1940930934723955,0.24641662458422897,0.27771611888053704,0.3046055415704079,0.3039825533185658,0.3033515805650379,0.2850229856009954,0.2700264993496422,0.2500639638347384,0.20176275112229558,0.16057520236684011,0.13636947653924442,0.11003354155089029,0.11063454408830956,0.11574544485269711,0.12928951609947625,0.09073860307636328,0.06265762044493153,0.05257482649175532,0.04352227441030291,0.03931032631355138,0.03897642564228767,0.04011690830306459,0.06931843296896704,0.18494843661365634,0.2642307707325898,0.30524139613840423,0.30427283292433677,0.31873614320075877,0.29647711050697634,0.2786572239110787,0.25968887122279855,0.22107143643290697,0.2103323427814651,0.1624002540496512,0.13556816086130677,0.10590302024833667,0.10572731619737172,0.09357815109716645,0.07965668905801987,0.07782326996734597,0.061910246097416355,0.05943399376005841,0.052998013020960875,0.046967130515050186,0.04374235858324121,0.041971267042434125,0.05298650610238961,0.07000733632390435,0.08459715247794114,0.1005031334850502,0.12338840267725106,0.11009101647165304,0.09494284305593777,0.11290989183030709,0.09754780673953783,0.09752740991228152,0.09736052127372076,0.08857599687885295,0.08497635326997072,0.09373716015591027,0.10044543426625788,0.09456361625444944,0.09588875839965218,0.07335513568583024,0.06406564062837752,0.05091706166685682,0.04264882119415627,0.039907014618798135,0.04271586140608931,0.04057472334957262,0.04427020407235099,0.05134919317436641,0.06724491009990195,0.07732419191293663,0.0767384283916634,0.07520840794983244,0.08270825248447627,0.07806537571545613,0.09063214594249024,0.08827325707640812,0.08338379710109481,0.08271269135504924,0.11033129781229392,0.09690209675224852,0.10272633227451923,0.11249476580767444,0.09728863813828305,1,1,0,0,1,0
0.06945935546077672,0.04856004889595061,0.04349780301366916,0.03675039444230075,0.044481509805136536,0.03670431293890906,0.05779671484899705,0.08855208203859284,0.18421882413729998,0.1877493276315332,0.2200767539057538,0.21559764818970828,0.20863435392207863,0.21898958926831194,0.19868652411824106,0.2217619411309029,0.20129288089723332,0.18718568994574572,0.1615627310949652,0.1287484722592235,0.1151010813727101,0.1091093029512315,0.10881104604157707,0.10614634924857443,0.07360460097195017,0.05988373552365489,0.048128853933578915,0.04313144793440552,0.044506595690717944,0.03657523295687405,0.04641395428607745,0.09761976576290923,0.20101406040305708,0.20555723499976808,0.22786848043112337,0.2216365536250344,0.21454773354350493,0.22619914873800565,0.21680496132345206,0.21129442554950445,0.20108318471464387,0.1985748292612155,0.17619237684402847,0.14590866637661082,0.11831238923967034,0.09996652214670242,0.11338243375636847,0.10753688268151049,0.08498613735622865,0.06497914921321722,0.05483236154908803,0.05069274622054659,0.04610321136858251,0.055060738992862575,0.05118456178790229,0.09776755049840227,0.21479027246150437,0.20672092246497326,0.21715711554816056,0.21853248112841242,0.2290443828209638,0.2348926297264423,0.22239009084419464,0.21143374705933562,0.2029378310587657,0.1950575247625089,0.17471887814328516,0.15334532541616375,0.1182893514223786,0.11759754533913502,0.11582830524245122,0.10352545041170051,0.08183861583255551,0.061954676875024615,0.049559499281819436,0.04331317260014333,0.04282407359523869,0.051441579953129125,0.049321073131391786,0.09052939826366528,0.19596839438550642,0.19856924529092743,0.206537084120167,0.21308451475386342,0.21561045958370337,0.22435150503429205,0.23099971088690796,0.24714823448143242,0.20514412347525385,0.18174475381761124,0.1659053039301796,0.1494823268068411,0.10966008718926114,0.10875962994833338,0.10265520225279069,0.12564575004933096,0.08822127861839979,0.06156909828243715,0.05601212238332771,0.048444521536661886,0.052962552454320966,0.044364282435907086,0.04896655688601937,0.08272272947050806,0.19083354924133497,0.19847743683134636,0.2150890371646879,0.2173549854913787,0.21523714497436605,0.22510938983949386,0.21658901111600684,0.21030146383650453,0.17727887043627247,0.19013474188455093,0.15479736191781868,0.1326211076403675,0.09849108236928947,0.1043242753997117,0.08127069184518906,0.08399164171199656,0.07656936028780409,0.060221392523430256,0.04501044712782444,0.03839301625964637,0.03699020697064541,0.04031642984063307,0.03753050697234687,0.04480098781020118,0.0703572246450885,0.08187946003363045,0.09124187212082964,0.10092424889652235,0.10855573845880094,0.10158517616563169,0.09624721703523846,0.09357853135667647,0.0868142818542557,0.10854650623896994,0.08852499698939108,0.08118412342813232,0.08671576088355794,0.08180957141225483,0.06832595279734076,0.07265214681124764,0.06752607705438042,0.05238227166892136,0.045557272424772435,0.03980780452443574,0.03880604571384609,0.038226386534778944,0.0381432133777377,0.03945289464571579,0.043762099953643184,0.056198831990917734,0.08263128773692444,0.07595275476642532,0.07888136772132423,0.07623745574189056,0.07972016225613518,0.080381432484012,0.08703277844313786,0.08682318466936509,0.07895352408819668,0.10343578561775377,0.09653975561329423,0.0896093247223906,0.08991616488724868,0.07356463431221331,1,1,0,0,0,0
0.08180440979024887,0.05920477060976541,0.05381927853707704,0.04625217969416883,0.060484392848328836,0.047152167929035045,0.08274990205249759,0.10559536154596595,0.15653308282704348,0.1454641975750677,0.15503756922062506,0.14960291210767687,0.1461751363060619,0.15866669872294373,0.15791493054824168,0.1692062894790464,0.1581333037301302,0.15990088146278206,0.16320347835357732,0.1348419677968697,0.13043940198531329,0.13172614681715283,0.12220886731996913,0.13487018775620224,0.08990938529100222,0.07653804614032089,0.05891042604039606,0.052012555799270145,0.059040108863866646,0.04416318603006491,0.0594753904256042,0.12203084105193908,0.18934463588946324,0.1550489456328237,0.15421405303438418,0.15029330104333402,0.14611419857613867,0.16602827158138703,0.15951452864210441,0.15125708222236364,0.14340705083077063,0.16072247093074982,0.1628362649600216,0.15081613297174434,0.12049288344742053,0.11782484243777337,0.1404093422789516,0.1256440584949574,0.10157979095222683,0.07985739688047709,0.07329990974968192,0.06408044795181587,0.05798246825499745,0.07231847707102897,0.06450984505056608,0.12260653841174593,0.19413219914737836,0.14239936285155824,0.1384343154973956,0.14034383065750533,0.15875657878067573,0.17420367028145492,0.1707734330584915,0.1587639853618091,0.16534771950949786,0.15719339614611558,0.16185316494097235,0.15130157423661106,0.12167315874330832,0.13126194546024203,0.13425522633065398,0.11889999274253198,0.09604627867320444,0.07354225796571727,0.06019902380170198,0.05598259772983541,0.055873323815690684,0.07125507033627558,0.06378995094610422,0.10984830233009238,0.1696082075670385,0.13812216504335656,0.1414913269455981,0.13979947081416563,0.142988583018284,0.15162192719966427,0.15608148072116476,0.22642518214886187,0.16590828563560991,0.15123600531805934,0.16580315075605362,0.16659062559187227,0.12292986664631353,0.1294602775272288,0.11504703697084787,0.15873117477333745,0.1000481245285224,0.07085440506848394,0.06768567983596002,0.0589082637546389,0.06899181069775154,0.056183428847121394,0.06093944977004748,0.09675997824099998,0.1654325728371651,0.14163387184370851,0.1331446274964715,0.14922872592037623,0.14114725299168918,0.14756785396639263,0.15189254263984678,0.18050531277116497,0.14801542330942616,0.17810358207378102,0.16181312526051758,0.14484552702074552,0.11735732515181453,0.1273145160105759,0.10273875172825238,0.09847112445341728,0.08928430040304876,0.07143148015918808,0.051747390485257616,0.04703614289424114,0.04494053502107846,0.05269304146421086,0.04339590299971786,0.0554869797413915,0.08467311095955664,0.09479276157274663,0.1057811236031827,0.11421253276490181,0.13206382485051102,0.13079846922970306,0.12005784621280464,0.12075600609870447,0.11110141180271917,0.15181466693531365,0.12108127884642061,0.11191076589831837,0.11622636143082242,0.10355442451827858,0.07837081348463007,0.08237403475730908,0.07903292420235038,0.060806529428376964,0.0559353327299219,0.05284150873815267,0.05301281364701291,0.05022025098979736,0.05098644488116772,0.05194301277919762,0.05726346738789956,0.07181289394588723,0.11354131649445111,0.09619009637245417,0.10194635669086306,0.09415953238588283,0.10084366548603184,0.09258066545636284,0.08969508683159749,0.11278816593017697,0.10001395118336161,0.13130473330033982,0.1258437813956498,0.11776766933730784,0.11637925363231345,0.09468307403443027,0,0,0,1,1,1
0.03245290023084564,0.02680233892333374,0.024251138737416536,0.023902524166903055,0.02474085294031865,0.025632129869724053,0.030764894568712738,0.05487129800840991,0.07896132210177949,0.08656925449263604,0.09362848098955466,0.09166843007005927,0.08947979979089248,0.09563832433395243,0.0892651843870596,0.08544513551784291,0.09238533536049466,0.08632154370542001,0.0798696411654714,0.06933029204962943,0.06449781197776674,0.0558589724480421,0.047031564437055105,0.11299106007450084,0.04660921844256994,0.032781941804310856,0.02644957950219212,0.024606593204857505,0.02295225734987737,0.02365146371997493,0.02783584659322555,0.05499757648790026,0.06650766290621218,0.07466817558582353,0.07380203598387229,0.08483349105365812,0.08329274028788759,0.10284150396196255,0.08838989756835117,0.08149779790054694,0.07870353822615594,0.08160409165286563,0.08959725926865406,0.06880028757991759,0.053199770155091294,0.04921347351728114,0.04589741435105756,0.03974983321667584,0.03922881164713886,0.02896853399260008,0.02916192657619601,0.02839286343498884,0.027790560620926,0.02848256683818194,0.032038520395745944,0.05925105826342744,0.07996443265874864,0.08214438639942997,0.08771971136006126,0.09639948931609578,0.09466538707134192,0.09477799627473471,0.09144871944266288,0.0848081749254022,0.09349405070437052,0.08876837501159673,0.0919956507058513,0.07603503026513195,0.05767404865264777,0.05481366583248901,0.04968194395470943,0.04054045575927923,0.036729766844399665,0.03227826345785706,0.02776512049841655,0.02710805732556269,0.02654437517649283,0.02752346269194356,0.03282583975482285,0.053038496192753956,0.07863442218816351,0.07868249903677331,0.08380900843104679,0.08294176677290628,0.09030880754317461,0.09551355748777167,0.09267575660072237,0.09941424596074841,0.08859468237094868,0.0905490447290983,0.09210004859181727,0.07379513579356477,0.056259962128642614,0.051626784249813304,0.04766198571001047,0.04252354117979638,0.0379617048801031,0.030866188511502024,0.027420929787352805,0.026594008285759602,0.027053621221243673,0.028060589359864836,0.032198666587461025,0.05156316286193531,0.0942962992896375,0.08288086623156239,0.0805039114297321,0.0768091039259293,0.07516083886009617,0.08708101952147339,0.08685997304720203,0.08895869098737418,0.08857124826609009,0.08876747191097024,0.09163782917302969,0.07805601383296397,0.0594078445019793,0.056748963693131524,0.04606197107925904,0.03940591478821338,0.03267757464932001,0.030516274783491084,0.02675914972178307,0.02635977266373346,0.02603693506328069,0.02528587545713055,0.026332694284951788,0.031986261975222696,0.04360256590727771,0.06357122306350407,0.07404712141400789,0.07725231918102614,0.08155726051865211,0.0741171336393084,0.0766689743165838,0.07019275174478043,0.0800846743756675,0.08566629782856068,0.08534993624404609,0.06986327184075103,0.0553732541554821,0.04335663843668453,0.03897861228548317,0.03746482585958233,0.03575915581626597,0.030991786783064364,0.029015376831900662,0.028076913387981947,0.02789821391784642,0.02655841417338685,0.028322472692108323,0.029078894814063908,0.03275383229163596,0.04110432795678073,0.048188518582952505,0.05809072940196996,0.05693158586246754,0.05528018608145546,0.052655737134532456,0.04423673520480749,0.047266438239865635,0.06739262868601616,0.04940589999676282,0.05227846756165356,0.04778561694657186,0.045311883188471826,0.04443407363905653,0.04017488822975479,1,0,1,0,1,0
0.024758665193799014,0.02014668074635739,0.019091898930695458,0.019006869283806203,0.01998198709422988,0.02011310733895648,0.025081093798568144,0.04416794697616254,0.06567967528272854,0.07713690366356624,0.08783560328705017,0.08783282145313137,0.08183846819537442,0.08530408472805723,0.07978988570584465,0.07773718653618716,0.08559922544313033,0.07564568491991383,0.06965133482774907,0.059205420188617124,0.05570159333439469,0.046378196919181956,0.03750790460626442,0.10923518581202883,0.04134614389631184,0.02721414389516518,0.020816829615024807,0.019694324707077358,0.017801209651642228,0.018943228541450977,0.022090306482356978,0.04368788988320824,0.051003379912511394,0.06154761112720799,0.06501859494965527,0.0778762630941326,0.07702046307543205,0.09497045698684065,0.08071732268417156,0.07490951465328283,0.07261684664883185,0.0699602448918295,0.07621109809623501,0.060456735763845436,0.044445347599175976,0.03700309114053708,0.03464715917271703,0.03162898719666081,0.03249383782788071,0.023015086525009748,0.022086456275454105,0.022739727794762955,0.023186223778841466,0.02349738586048398,0.026119480741959897,0.04643362855491153,0.06343304336983721,0.06933641179707883,0.07770785333919995,0.08713187125223361,0.0854516697574509,0.08505957998438739,0.07848052544830245,0.07618741834827145,0.0804649373760111,0.07590253667021271,0.0778716149515404,0.06436959300031463,0.05000430025225484,0.04446220117189397,0.03823967213853094,0.03137289455615608,0.029512975558441117,0.02650314755447243,0.022007973565611374,0.021846009571036135,0.021777287415678387,0.02164824505553422,0.026180833108161536,0.04254526372611203,0.06451668218144035,0.06811066882804935,0.07558098622093555,0.07594955629867828,0.08274178579922975,0.08558077691777899,0.08244754546271307,0.09096137616865502,0.080917492073929,0.0802031108202251,0.08077936110411414,0.06614047679721362,0.048978119464362514,0.044651515978871806,0.03807275485582334,0.03428994468706,0.029111067685954145,0.024442535186589592,0.02258746577430229,0.022036589337527626,0.022015154500297437,0.02263079544265616,0.026011734902749443,0.0419330494379065,0.0795797417498878,0.07258773476879665,0.07488260373796636,0.06994394350146081,0.07123312478764647,0.07938465850211032,0.07714576418198876,0.07795082351024485,0.07960191686939007,0.07904904865838608,0.08047938756816221,0.0697677516572803,0.05137304661324465,0.05047408791789382,0.039834388991213984,0.03184925024072286,0.026866473424567806,0.02652011565854137,0.022472014533103313,0.021706700333819266,0.021508364327210306,0.02127436328308539,0.021866140608105687,0.026396324394609434,0.037421370799216716,0.0587716787862601,0.0693972758992047,0.07237920492112261,0.07604920871146743,0.0695011917620298,0.06737506460932786,0.06194028938899606,0.07476917636929323,0.07874144880285742,0.0794260439137542,0.061284681732824725,0.045875448265954306,0.032860682361719754,0.03085600522745824,0.028949516480887384,0.026223221834392862,0.02448725235141627,0.022396791005664395,0.02220667642175616,0.022127150266018702,0.020874962954140673,0.022521718494940116,0.023354775076062012,0.026438475167581302,0.035428471526090397,0.04128950370211122,0.05174580375697312,0.05103700718764204,0.048502560788817144,0.04467363126358105,0.034898767592818854,0.03781713600843865,0.05889646245016195,0.039642504077112534,0.04206974264675956,0.03491634330746138,0.0338634721160205,0.03409717137989629,0.029877466756044125,1,0,1,0,1,0
0.022853075905457706,0.019517460764989683,0.018179079850159444,0.01469353192406541,0.014525778460202156,0.015347063355560702,0.020293543196963953,0.029042261105772363,0.03238370313958037,0.03505820683518772,0.040308747353685344,0.03982999418749326,0.041633073161107904,0.040650720879393656,0.04103537594334974,0.04028919488813239,0.04216641813443359,0.0380133006225826,0.038607641307558956,0.037938608386796135,0.03618607638155826,0.0350866359537749,0.03617217944565882,0.05276897683461469,0.031317085347441036,0.020082609640192945,0.015987429768658402,0.014316654513191496,0.014038595491952275,0.014566540713858824,0.017278020801902265,0.02820610022999116,0.02235493410860569,0.02551896468187699,0.02951579722980618,0.035738476897986315,0.035282886231506494,0.03783887089534366,0.038830780331253215,0.03926901445263821,0.040666238029990365,0.03642903807930469,0.0385443066063462,0.03553501430076559,0.042056338541903,0.0405078031935795,0.035098836078050755,0.036668333978794626,0.028377256660177357,0.020167358066136707,0.01707805189031689,0.023129731151204442,0.017453437789770477,0.01723850263131535,0.02137804093353257,0.03174415003152855,0.03442033849072196,0.03135479687852055,0.03233511714644255,0.038559828337488236,0.0382007158904948,0.03985904781878391,0.04160433031736278,0.04070417779861146,0.04285259250631207,0.043677181769583406,0.044977297130159216,0.04081248749364623,0.035215781513130325,0.03789351011284109,0.03828108398235777,0.035034881004850804,0.025914887665469618,0.02275526665417669,0.021155640355451293,0.01660345178439239,0.016278367240719155,0.015323925791689041,0.018702905258508297,0.03077094222667913,0.04060093617454498,0.03262651981729628,0.036148600680915355,0.03448305142906856,0.03985296360673813,0.03876290128203545,0.04099776070912556,0.04372391759679564,0.040571505455485976,0.04346013769157561,0.05016762617912336,0.041754369758277204,0.034994978698339986,0.03709308209191267,0.030422901737072617,0.02699098189959641,0.026408568090682438,0.019424834958433654,0.01692314283539709,0.01576309888378225,0.016599758962168278,0.015511405488438762,0.01859384977675222,0.02918087024933291,0.048459404764705324,0.04161622643727505,0.03459109455797129,0.03529215073271345,0.03743512388167252,0.04113247273941642,0.04273034942624875,0.050231134799342665,0.04915227768976768,0.04318701745618522,0.04596160775562295,0.047906698665104365,0.03809430864704162,0.03731813212435842,0.034470618981055946,0.03636716180941908,0.022561654933359238,0.020240675991450394,0.018994200068862654,0.01567075057539794,0.015643085490779373,0.016161625878006517,0.015666104143208435,0.020612720063398624,0.023909499679095145,0.035109515181863706,0.036271483876053626,0.03869296571642886,0.04517749380676766,0.04264516906651904,0.03543095565286133,0.03538877323394378,0.04057685064893698,0.042909201689887454,0.047669048032363284,0.04221203250355164,0.03667129021732403,0.02803322446903131,0.032357702979335996,0.03268105849532799,0.028807431513749548,0.02129051392777738,0.01726646485862154,0.019093093352721798,0.017589822848232586,0.015642288375332155,0.016292226189300683,0.016993492901929762,0.021569067953877166,0.024445597997252228,0.028207101268927358,0.03087965901765497,0.0327213431024643,0.03198110331535117,0.033876094482357184,0.030031945664885904,0.02916352534253442,0.04185993929356169,0.03245652342559191,0.03249261416816685,0.030842207710659812,0.045130343743061796,0.04597505255000663,0.040903283904800296,1,0,1,0,1,0
0.02623825565334514,0.022796568500605185,0.021195490339459222,0.016391466166146663,0.015810325507521674,0.016923439202506732,0.02287457702941986,0.029892257990379964,0.02872410835888816,0.028020200930656006,0.03101257679079164,0.03043356845748554,0.0355396960255661,0.03359582137298054,0.034920340696204935,0.03423813182784151,0.03381331707779223,0.031938218622253337,0.03437391434435374,0.03710883453633593,0.035282416998716336,0.03659691315255081,0.042069316851048234,0.03665601953003078,0.0319099166722327,0.020985529728269166,0.017552992711307364,0.015718606838669866,0.015914973002251937,0.016316749917824863,0.019253646380507528,0.028420102356752762,0.02062657049719134,0.020352526450707335,0.02469196705481195,0.02819774135285029,0.02772532294066894,0.0252719771801497,0.030645405408012923,0.03358152976922556,0.03648542078830059,0.031574116022928055,0.03278973410497374,0.03332980099889677,0.04791182777089432,0.048391580994857304,0.04139279777357108,0.044442715894996696,0.0316110392377577,0.023293439775775828,0.01912358783889767,0.027550076514242898,0.019223802807536106,0.01885603943619717,0.023951793243370174,0.03289022069265496,0.03221270467495159,0.02498864153061194,0.023111097548143403,0.028444993723094704,0.028883466513035094,0.03181879818262611,0.03570715375128218,0.03500866094609571,0.036276484873142986,0.03970147717545579,0.04096196320976361,0.039393125940118325,0.035580256975869994,0.04176233986970922,0.044349758557315995,0.04174064596894693,0.028392618210090762,0.024501670512337394,0.024466914947893693,0.018127177413300413,0.017656415901996743,0.016473595977615763,0.020049017785881734,0.03268382275243454,0.04071129137293659,0.02747843246968758,0.029434091617100446,0.026744008401338507,0.03234657047568661,0.03073910625099909,0.034604436620997034,0.03435060156104372,0.03341298284040703,0.03804800175971663,0.04713464228637911,0.03993714089261171,0.036578343418271944,0.04053443732496704,0.033488085251640924,0.02990358351970005,0.030121217346090162,0.021823281528870662,0.018777203245590506,0.017459178789019605,0.01857877948521737,0.01675572890473122,0.01999063625138492,0.03077480398755876,0.046018704032180155,0.03822967065104983,0.027503994350824866,0.030081454011311744,0.03294028354805809,0.035287598904134666,0.03813588646952053,0.04777587191964143,0.04580935565426591,0.03764779564190704,0.04183885444634502,0.047925329376931884,0.04013775197163241,0.039308580756446006,0.03893176563345643,0.043626381541395455,0.025540463823418937,0.021909991485084854,0.02146350877977582,0.01721531450092011,0.017154188679051417,0.01789380051658975,0.0171497185144085,0.022919589139473062,0.02372628221568095,0.032191750887507434,0.03008253049361488,0.03230350784791028,0.04028723688668213,0.03911202658196717,0.030260692168280194,0.03161297284717482,0.03420133615866935,0.036384624090403224,0.042859225461915264,0.04169356405526415,0.039905850293177926,0.03241212077207244,0.03917734762022591,0.039725120142943895,0.03486670477998011,0.024713808370773648,0.019412223520754508,0.022021605284368514,0.019863800442107258,0.017374185679122123,0.017771565822060617,0.018680732653738256,0.02410576986441351,0.02538964149757421,0.028240046663863313,0.028039833773306332,0.03089153340015955,0.030916492147555562,0.035151165547083446,0.03323491427202489,0.03126131248367213,0.0409038944617164,0.03539215227390381,0.034400648014066976,0.03518089703697988,0.05563684612419732,0.056578056542629124,0.05040053221641212,1,0,1,0,0,0
0.013794731856259864,0.01212575896529451,0.010750320141584141,0.00871501852652459,0.008541483324155986,0.009452296965334415,0.01298565663168712,0.018264019445223493,0.021576609879026022,0.021730250636577412,0.02250793401288531,0.022202984979195133,0.024050026231219518,0.02295120141383679,0.0228457931698789,0.0228204422585431,0.022449855442085418,0.02114315737684836,0.02347335611922008,0.022340626512825677,0.02009789711615674,0.020292576241176603,0.02128994751003835,0.019118556460619208,0.016215871053018183,0.011419414308785953,0.009741470293222178,0.008881649719834695,0.00885111236062998,0.00931157969265467,0.01132874738994296,0.01928284006496558,0.016625568016537307,0.016940712991191785,0.017322000311813867,0.019455604169969578,0.01985233696802739,0.019550663182664785,0.02111256481150748,0.021440097716480106,0.02344725518328788,0.022117291864767488,0.021598330738443913,0.020901205907341805,0.025390935791802047,0.024311299180941777,0.021844310116188603,0.022369957035582033,0.015937249232560163,0.012141528829131713,0.010409078275348918,0.013262649656735057,0.010072915708039884,0.010301927391968717,0.013282900695497993,0.02077952083462502,0.02288976305713038,0.02009008481625807,0.017852138929585096,0.019928273297793266,0.019855229108438892,0.022023377141503642,0.023951304305894754,0.02357411880142946,0.027158790150133144,0.026609701244881812,0.025935623206621954,0.02383701753887811,0.022296468620530984,0.022532025164931937,0.022633635373747355,0.0211278100009908,0.017121915755197253,0.015893671488600342,0.012253274337237944,0.009690272275933024,0.009522496101651616,0.009497954062660888,0.012152319004131548,0.019943003843047136,0.026332586621631994,0.021341235132507796,0.021376284176185294,0.020256454004257397,0.022643061189051596,0.021634327991778533,0.02316975209577767,0.022470115839565354,0.023563958899196012,0.025015047562783815,0.029445184691608516,0.024857335864028933,0.021119447334491868,0.02151321762616251,0.019522863652117278,0.016648025090093173,0.016616900163513554,0.012021178716768713,0.010327539774991778,0.009779490613427743,0.010228282027260513,0.01002648747024129,0.013815240354603105,0.01988555525334349,0.028938245875648506,0.026370112518396018,0.02188394259057369,0.022171645394716215,0.02372020331347379,0.02537411857008442,0.025651791608725247,0.029813837652133853,0.029151614613642594,0.02680619517992632,0.029112495334987876,0.03041090165270011,0.025802245873101218,0.02166030205582197,0.020475437746812243,0.021877397189480507,0.014680825952739463,0.012201221944526436,0.011636117259986253,0.009679518401711308,0.009464581120168673,0.009784694278267812,0.00969749474410199,0.012961227723100493,0.015436261687106148,0.02111794018076362,0.02103816277648603,0.022769779522986172,0.025896509903187634,0.024554679950606242,0.019002041706073936,0.020831603969056384,0.020405056824428735,0.021062819688788936,0.023870812525583422,0.024232603847845865,0.022642005436515605,0.018641530098353412,0.020814285714118193,0.02127891777663883,0.01844750938838181,0.014389219239342063,0.01096999432681049,0.011567723170932038,0.010403815649092618,0.009552850645613684,0.00971741724504008,0.010535953607979267,0.013049820087739255,0.014632971088560383,0.016474322814695293,0.01699123113236805,0.018165217131032186,0.01729058756549586,0.020307043483918357,0.019105280385101748,0.018832007149851195,0.02379829751548118,0.021671689898716658,0.02108765991281433,0.019952464288229797,0.026935436739945404,0.027176102747551174,0.024411174379532597,0,0,0,1,1,1
0.006517266169750475,0.004336871447503184,0.0038242246906337986,0.003403067818352942,0.00353410962023351,0.004135803763883657,0.006201418702261022,0.011387244531081038,0.01823607026778051,0.020392087559832104,0.01828615058536885,0.01661663965737761,0.01744775679914167,0.016170364575139363,0.01509420388461184,0.016558256199051623,0.015567314672166719,0.015249332749898129,0.016093441732362105,0.013733919519191472,0.010700660844976914,0.010153714233824732,0.007702386952138301,0.008218476940263,0.007599041379127723,0.006083398798090118,0.0051166165098868845,0.005131789812149858,0.005045578029889761,0.005353422646841855,0.007000398260865886,0.015580363093107038,0.017621963847593854,0.016808760215779418,0.01329321490362038,0.013347390003769428,0.014263258455278557,0.01690767901039353,0.015252413726869177,0.013978463838468484,0.01682062402665195,0.01750846824054837,0.01572160492075269,0.013249507761212403,0.010692888623547572,0.008936406315022136,0.009472697236154185,0.010039703145870537,0.006575480769284993,0.005355882045830958,0.005340650703744533,0.004089684345906078,0.004019542904128969,0.004706973387741165,0.006324818695284865,0.01311274728615012,0.018870012365328804,0.01790684399529755,0.014018719800918083,0.014946739405447348,0.014529025142734258,0.016043222790435758,0.01738990711969028,0.018013104212411545,0.017876448051544362,0.019529291598683676,0.017193533888113913,0.01435315279154564,0.011955830270114872,0.01083397121462898,0.009158163256214834,0.008460023446702079,0.006305578428940302,0.005015637744673404,0.004319992872300761,0.0040981632684746385,0.0042590084438398805,0.0051602430259075,0.006960647713185424,0.012248332149091642,0.018550135732483167,0.018561645061792798,0.01631812968296817,0.01688515295390742,0.01619781538080603,0.01671000325727149,0.01705035711362464,0.015346878018476012,0.016106430502141222,0.01670796086118004,0.019134945350171625,0.015845765988146642,0.011337034525343062,0.010125763898313477,0.012902670617394392,0.009091987049696633,0.009329152760825675,0.006039725968064083,0.005016868602326563,0.005037459565690066,0.005044672746333984,0.005627318123543822,0.008889700808966084,0.013181369487859796,0.019878325591574965,0.019181510102630056,0.020384136928516514,0.01717412549502122,0.01752358599525764,0.018475527144197458,0.018405957274273077,0.018625906993111334,0.017742364300177064,0.021533113312776405,0.02422900487651408,0.02191603895406892,0.021117526056846775,0.01117070939182633,0.009445733973384081,0.00835042804411233,0.007748230625651329,0.006649236666466699,0.006024801777745128,0.005265551127559093,0.004923255854369733,0.0047470294774432835,0.005286752015634671,0.006914346426502912,0.010117636051487598,0.014129884303717973,0.01247072561287784,0.01438702915227642,0.014523880214184798,0.013116358870262433,0.011546137986490457,0.0117537755896986,0.011049106946045092,0.010673921046460748,0.011739048965723912,0.010850606067805697,0.01193501657797848,0.009566267401083245,0.011754120326591401,0.010850717426607705,0.008804259695086978,0.009662702585748533,0.0057102721722116865,0.004910655014203556,0.004362001992898635,0.004610029253656432,0.004721663685416337,0.005428133433838108,0.00603035843203717,0.007843846767157542,0.007976137336862504,0.008666243113305253,0.00939496651614807,0.0077900328070140724,0.012760296290750305,0.01067698399371978,0.01185260653527747,0.013073729725960274,0.013624715861419534,0.01184885155526777,0.009974282221368981,0.008429145758344,0.008759057005540189,0.008507380539890743,0,0,0,1,1,0
0.10910576755695006,0.09599339162606607,0.0847890563653514,0.07656154076880867,0.07066932939203827,0.07577051114055693,0.08584465912207652,0.12861221468054876,0.30105139367848094,0.40373362061858514,0.4504851308958188,0.45632829196528407,0.5042652860102328,0.59521124914853,0.5412774359972992,0.46364135184674,0.46526136844794697,0.42659606904155734,0.3543616295590224,0.28089923890526514,0.2539574619571632,0.2444439195445102,0.248982923054457,0.20913518883460297,0.16440125859281812,0.11442728119058168,0.09457227038780036,0.08760747714190174,0.0869460062120821,0.0907842098755209,0.1042668476780675,0.17406659384556536,0.31875503687950374,0.4129257737190318,0.45066234723855225,0.4941535696420996,0.5368911481358785,0.5619156597715316,0.5125295875398065,0.4609913768914695,0.46220981431666985,0.4062216148468552,0.36907101144173304,0.3111064454434637,0.28264521258805586,0.26293905033283305,0.2588922555577337,0.23518145312749192,0.16017344632557926,0.12808445850219236,0.11872568778394628,0.09671543325817576,0.09000649845532965,0.0952343249008577,0.12455578232759901,0.16760658649262442,0.28412414322258805,0.39706024024800923,0.43937981854395114,0.46305892288945394,0.5251886521934338,0.5687079334259522,0.5408950325647012,0.47760624029185017,0.44350483099277366,0.43090314755993764,0.36313818616328614,0.3085622920147283,0.2809392351510405,0.2883259976825619,0.2803480666077215,0.22748551562754976,0.14605809665689962,0.12685851168711385,0.1087319927502674,0.10432040761461547,0.08883805247733283,0.0932116457801713,0.10362278903045175,0.160346057866165,0.2949168159353961,0.41270565655236274,0.4486092856863068,0.4584512260215305,0.48641826043938297,0.5958818441837133,0.5176393329207276,0.47837930100253856,0.45460317071287815,0.44708079324270805,0.3730615177850574,0.3412908001278796,0.2898525091961702,0.2637635199032994,0.26227244906199476,0.2414598401721454,0.18208920001857298,0.12345640341831485,0.10350670004681109,0.10122808139753149,0.11855445165354907,0.09771673264240877,0.10627188505809058,0.1600593017245993,0.31038488901217204,0.4120312913201728,0.4685087167691806,0.4879149268508339,0.4844774549663318,0.5581681708230771,0.533670604132553,0.5229010892161594,0.4736167749805207,0.4144210374287489,0.3733388347222317,0.2845859864946013,0.28331518727800536,0.2722639844750977,0.2765096353036188,0.22325416104791504,0.16855145321958023,0.1349396094922463,0.10273661476977686,0.09592376273759091,0.10024174194293091,0.09816624875948252,0.10996613247488232,0.10654168551875105,0.1434153426369712,0.14876724689429535,0.1678559063761858,0.16175312056335622,0.16759743739385502,0.1775425049836163,0.16404433551763964,0.1598842299523475,0.18460993630680406,0.17576644756473628,0.16726825084966482,0.18861536694720737,0.2007479231641655,0.24742548804317618,0.2743511230679821,0.252844605258288,0.18787487024954996,0.17039579954433645,0.1343251100723379,0.08822081355443,0.08280761257066768,0.0798621946546664,0.11091095145822225,0.09604813370092295,0.1359677509994895,0.12343683345462904,0.16160536043536777,0.13801414913944912,0.15744358154048885,0.16679580487539367,0.15128256731658316,0.1511017283999669,0.1590936605940302,0.18284494458062306,0.1595002163277483,0.17251629976679989,0.19360644640210672,0.16309996587278225,0.16360258807708172,0.14314726474825273,1,1,0,0,0,0
0.13109323934804804,0.08906759977259436,0.08084268977405744,0.07227699701912993,0.07034828675904141,0.0746325120619898,0.08730670805236296,0.13601475065844346,0.3026120362891845,0.392073099458217,0.416618068503801,0.39709065258048387,0.44219658053480915,0.4720201911607843,0.46007475686891186,0.39565591718769594,0.4008815006978009,0.36623070589680645,0.3246693348273151,0.2687507690554983,0.25433242221362073,0.2541048607385923,0.26065774180309775,0.21466229813676527,0.1649449606544243,0.11534876895269726,0.09046276695027121,0.08252751313237512,0.0860484773310097,0.08376439899965421,0.09595585357862745,0.18314246479423885,0.32193774045465284,0.3808075708890255,0.40665094427923504,0.4147907880744678,0.4680059642762233,0.44826864912402,0.4290898361831326,0.4181908589783675,0.4021877507680917,0.36991039600123377,0.3572068258848,0.3179824300323712,0.28738003979794285,0.2545463083771228,0.239219983748546,0.23111349641378406,0.1573384732651291,0.13259129448782409,0.12226360454905813,0.09602781120576151,0.09221029291054124,0.09991982453962196,0.11928620928250752,0.17916362337967404,0.28771115500504135,0.3685365755673292,0.3835967255354159,0.4045525972545159,0.4607332758709412,0.4587492345792071,0.46290634858574226,0.4158604750002711,0.38283815303510565,0.3787635411633385,0.35127424993198497,0.3179465015829853,0.2861558732306394,0.29081401556742326,0.2958573789236614,0.24672526394497699,0.16692594395509308,0.1369314096778089,0.10690092120243576,0.09524885877663011,0.0890354306451933,0.09416138530128125,0.11032699611323611,0.16881877832425657,0.3009228831335401,0.37166185354069875,0.4031455780712781,0.40772919437616095,0.4178021188580347,0.46342240264015083,0.41063668900445416,0.4257482136286388,0.39237007977864075,0.3967448654438439,0.3538326411240472,0.33007727717929247,0.2987513757794196,0.26650838693715884,0.25471924504990934,0.23165603315283215,0.18662645867707464,0.1311798574150813,0.11068177985712947,0.1030292854819804,0.11868548941072343,0.09456457788413877,0.10709914353894752,0.16156497810638443,0.32188286885392875,0.38687667023305583,0.41171811006398074,0.41084646277025266,0.4193502542727824,0.4492937213449112,0.465644085531073,0.49083469876825664,0.4144486228298918,0.3942303860635295,0.36018751662351484,0.2935231407003631,0.28564786577143625,0.2598773625791705,0.26756666797111156,0.2403769828142261,0.1816065502214378,0.14178823463721063,0.11394691182674357,0.10404306266867977,0.09751975823375891,0.0984158525793782,0.11357602748302681,0.11322763327346475,0.13968666630525908,0.1672897178132747,0.20168372272193255,0.19897469409643154,0.2059949729722753,0.20967597423515205,0.19960165286965934,0.21071615460119444,0.21431217145779188,0.21280553035782215,0.22495529056439587,0.21933936121714873,0.23744898384130317,0.2505175457291188,0.2583209111368715,0.26701913355697043,0.2163710038242889,0.18653947214056976,0.15165368989021458,0.10008586380960435,0.08965186447893408,0.08946298461526213,0.12141296192854562,0.10668328643497589,0.14899892630667175,0.15866949192529367,0.1682915816215573,0.15770094206873128,0.1757060081675508,0.17888241734472862,0.16819279330827017,0.17477837420274697,0.17274038763576088,0.21907058667924484,0.1876160504430082,0.19342122639037101,0.18177263816040115,0.17525464725647263,0.1697222532060737,0.15572238791664922,1,1,0,0,1,0
0.16468699515792154,0.1064621481510025,0.09992876913960778,0.09620172486098418,0.08936404272712566,0.08827032014212202,0.11017505146460815,0.17262635867973436,0.30311734549051567,0.37158615320256067,0.4173466953603345,0.44019943657861454,0.48200939885034283,0.4903881753471085,0.45023649193198123,0.4101992515691703,0.38983565965067457,0.3445880051119634,0.306722378940758,0.2643399082160757,0.2495662445077955,0.25183743315128826,0.2625405696049649,0.22674259064120983,0.21957296097389628,0.13842651393362504,0.1052101834807161,0.0940497834862209,0.10573965951863314,0.09890388783452037,0.11652593314112383,0.21191576903758536,0.36766577742769235,0.41850893000221784,0.5073088340754677,0.49031714377561786,0.6474575014847336,0.5170201614149514,0.44250360243351633,0.4526639595161024,0.399579807931862,0.37296768666828406,0.37892864007606386,0.32413746066807775,0.2823393717645888,0.27219423867012205,0.2536779449094908,0.2164558888782008,0.18376815993922127,0.16415548108524222,0.13767147794802564,0.11701501365527564,0.11143329966018713,0.10847033368124491,0.13974304556690934,0.20166814754826848,0.3387236028634251,0.43879271262857117,0.4670987641461801,0.4955516918411505,0.5340425715318003,0.5126993678971272,0.49320732425406727,0.4334028310999019,0.40357900793221163,0.40656708940799824,0.4045830217037282,0.3696117175823286,0.3319799482435119,0.3119888117613273,0.30783727908063396,0.26314498419125076,0.18778501759783559,0.14351802034853572,0.12362254518516884,0.10662110486998179,0.1029383787261296,0.10282289485493146,0.12996276086090996,0.1999594993237274,0.3415982085617803,0.3797987328907081,0.46134122085632334,0.4815258663915265,0.5035555321347289,0.488080990727332,0.4267391032339937,0.5361280285484801,0.4483097264878445,0.4292648365471401,0.4052417879728155,0.34643097970843956,0.30666707932461634,0.25195496570987164,0.23272325126361895,0.2077279764676001,0.20713912305475565,0.15032215974146051,0.1371488954672925,0.1278592914784188,0.11350145562832874,0.1005055822461578,0.13113363465728556,0.2293836296559703,0.33333410756228815,0.3899276446731663,0.4743118748208149,0.46215316489285285,0.5371129649188138,0.5117579326062882,0.5079391650614716,0.5223767997818823,0.4566815544652794,0.3712109137624593,0.34386981804277944,0.3176754064945958,0.3148461251534744,0.2474427159396326,0.2536916956454224,0.23600365016092986,0.18898005262202194,0.1422889998546532,0.1283993355546625,0.11806846042978644,0.09669256372399834,0.0918074800856891,0.11578589286534333,0.13799944846951298,0.1892828092148266,0.2615198140913313,0.3589643953855761,0.33030703493144814,0.35665485355109644,0.3230671414072306,0.28574452061185,0.3247702041848517,0.3132080264246864,0.310315004770618,0.3915722443341593,0.30107632293514786,0.29571407240140557,0.29779445299453755,0.26663914188232063,0.221803498513509,0.21760833452764186,0.16392536755702836,0.13386248081057578,0.11880444587931797,0.11218233365470978,0.10964733436672934,0.11211333272979271,0.11954242506236006,0.14106366271894644,0.20618892273018088,0.18192681683229578,0.20224838424919372,0.20881788891082684,0.19881337163263804,0.21863695683865222,0.2242337541503378,0.22131230045407396,0.2284114253418909,0.21953960981579437,0.22860774252132185,0.21340305640292384,0.22880004925755157,0.22011693923275003,0.20093886581794043,1,1,0,0,1,0
0.12205797329274326,0.10722319267766153,0.09512239681033047,0.09449463101905933,0.08852132244995245,0.08369223592072549,0.09667192523202028,0.1359799908607694,0.20969434305842305,0.2595008559760731,0.2946319107910166,0.29323131977390765,0.30882007881528956,0.3041751260807945,0.2871254924328197,0.27841919415811733,0.27609029170555865,0.26035997978573133,0.25318061795020613,0.24880015795761562,0.2275511174266892,0.22693297980899,0.22103828109636314,0.20925460819457084,0.1478429911330324,0.11753180894773178,0.10868369535394982,0.09335403975887595,0.08489872905216023,0.09397501403938818,0.09991209209190906,0.15508124414557237,0.285759114823821,0.30433302120983136,0.31127705963081026,0.31486051343881943,0.3477989805954333,0.33565800896584136,0.30049433007206655,0.2837150013565143,0.25894395185826236,0.25581859815659896,0.25199094255500487,0.24578099914547324,0.23382625839441423,0.24205494716978926,0.21349676282554678,0.1943716968519311,0.16627965924236068,0.14954724834300265,0.12441645435459274,0.11131172694768272,0.09837536819744915,0.09587113950485107,0.11074889570931278,0.14691684312687092,0.22810099804786754,0.2841569312375668,0.2951666981513055,0.3169984777318579,0.3170189431927351,0.33081084765788954,0.293031052578238,0.26548919010185634,0.24846222997896567,0.26601683404894044,0.2916566810296953,0.26999270936975306,0.237154101767284,0.23870385876611097,0.23473721068270215,0.1858910620733685,0.14903853253392882,0.12218534837142425,0.10189429859258602,0.09384772936661329,0.09145403164022782,0.08955698553353282,0.10385945910094649,0.14953583766880738,0.23898476926241125,0.26187557828184216,0.3007440508645499,0.29948948045110463,0.30297493598261305,0.30875728651718587,0.28360710848765003,0.28361763630759645,0.26265559529222865,0.2692893231978403,0.2585269514068208,0.24721303331126485,0.2590553178092153,0.21800509886055044,0.20885392143810086,0.19036029823833645,0.16366061238578378,0.1271963938105861,0.11204951330675905,0.10522222103943374,0.10124524659136311,0.09046285007830471,0.10823305385824576,0.15231193464066475,0.22268953652455278,0.2566255319118134,0.2798050868001625,0.30012481783949596,0.3462916944719406,0.320856339311539,0.2967735187782592,0.30481219630599304,0.31174461461396985,0.257564590048599,0.24511400678482237,0.2384448936518506,0.21970795330640752,0.23683032271599266,0.22470619381612877,0.19048533970393441,0.15382343368046233,0.14344961921495117,0.13172287393023577,0.10234917954551749,0.09366488156358418,0.08239544653720238,0.09154949020065738,0.11649247104954084,0.16559998812595503,0.23455551705091027,0.301911527198076,0.27072962209979423,0.2780357689261413,0.27230560614427535,0.2366864663588569,0.2277448220407534,0.2359420871612327,0.21802889817628804,0.23973303467623164,0.26952099432750654,0.21668670135133541,0.2461971929868561,0.19871548872845277,0.1962809732929013,0.17548428515559347,0.1430962353722415,0.1076454520707805,0.09599453434453159,0.11225070773899384,0.11445344978871823,0.11629417077616569,0.09526684505431175,0.1066626781285595,0.1603356798238583,0.16681901455113277,0.18614343469379238,0.17777009834372137,0.20313406150371227,0.1894279016193886,0.19182430887845417,0.2508954627593624,0.21073220359080638,0.21524584812857442,0.23598099563865574,0.21178702690488868,0.24314050712157043,0.23274157195798623,0.20167758543944309,1,1,0,0,0,0
0.19517038629287262,0.16905094402278564,0.1399078960338022,0.12245237911517937,0.1159443597008091,0.1083979166040329,0.1250354824784443,0.20701569265680206,0.257070963548389,0.28042443538779105,0.2868310358650848,0.29568533181309686,0.3263200698117792,0.31484742966268836,0.3293216937256201,0.34118067300401655,0.34778750782941176,0.3850479087350563,0.4078956226621025,0.3628149352849939,0.3137593832404681,0.3199004639943288,0.34509751367354574,0.27054229188270845,0.23614289872364544,0.18609857351101267,0.15602812456554666,0.13806958146720857,0.1631640455567181,0.13370364133655105,0.1299161812685214,0.1739527338263484,0.28861774544254093,0.31218840340189047,0.3613305215556366,0.3572335043250391,0.377394065630079,0.4488471751579394,0.4391338782913282,0.4124533455742019,0.39358273504715185,0.41399689983557925,0.36758340701048603,0.35471248299757147,0.325016395205974,0.28812734928135225,0.31298520080993103,0.24593300028064502,0.20134665645382774,0.19509564080274033,0.15796381578205032,0.13420613461912212,0.12268945438230418,0.11939878436871354,0.13500970009997354,0.19246810397424138,0.2597423499070574,0.29938018455129944,0.3213835864251711,0.34931363103268664,0.3572910509942396,0.42219827908294527,0.35063549244376896,0.3497867830935825,0.3597079239178408,0.38723745782937596,0.3855047272953985,0.392857440175709,0.31624702389001164,0.32152493900828066,0.3070726470445745,0.2490177615151849,0.22102665842604183,0.16542386285130556,0.13354845087648337,0.12184114381260408,0.12666342792640523,0.12523684169226176,0.14440886811043682,0.19082471114817068,0.25208673542824406,0.3021228323624977,0.33085386892207647,0.33186988731876743,0.41415376248017555,0.4150163597326434,0.39121054242056785,0.4078694645033722,0.3931951710082575,0.40351535138360345,0.41190641704361164,0.38973199737580855,0.3449604934883169,0.3174066955057529,0.28592638885798266,0.25930247818138313,0.21494221232509717,0.17492404210151977,0.14565394856922811,0.1537321743646523,0.12378155659151145,0.1259344861926508,0.1387219236498567,0.1938812682769378,0.2582841314471067,0.28317593375480027,0.2994555485904073,0.31678976192854214,0.3473026447713362,0.38394528816256235,0.36851671062202573,0.3892214880976285,0.3811740742194095,0.38186889604702073,0.39000585657171544,0.3229752781654665,0.30521328195581726,0.2784120872121733,0.28185987000768303,0.27758454750067585,0.20312969428255065,0.17438883428614524,0.1509052107188858,0.12758075023741203,0.1197805291596274,0.1189582475324429,0.12261002624963917,0.15131837206813792,0.1717688487409001,0.2258889790370013,0.29565045475111257,0.32672852165639293,0.37797791627402594,0.3841633188244864,0.4014749886030831,0.3894678494631975,0.40727307111019073,0.41244907569097455,0.4267672068423726,0.3916901686594397,0.29635895055857514,0.30964338553644044,0.2831450014788959,0.2718300583512724,0.22052379206863648,0.19815581426764117,0.16505035746440355,0.13186725508282773,0.1294567299836105,0.13069045788889094,0.12811919207829656,0.14122214068187727,0.15424661843704723,0.20534108601120252,0.22225340145367894,0.2540471967997233,0.25077080343888547,0.2873947272199418,0.2637712996961522,0.2792523023164864,0.29956323108879707,0.3475669490842327,0.3479076200413369,0.3489264674097738,0.286964450276642,0.2820475243068054,0.28112551707455335,0.24578799838465779,1,1,0,0,0,0
0.2007594554975219,0.14290954142624415,0.12153388293735007,0.10593057323338413,0.0921923160545386,0.0873669896864886,0.10374097831240321,0.16201922269500335,0.20003548697169618,0.23056146586248666,0.22864253804526988,0.23029202570632448,0.2835136128980843,0.2872140891396979,0.3081266119629816,0.2807309417215743,0.28709363802900223,0.31667994294119334,0.32333695134326196,0.275729096256484,0.24822427669943165,0.2546992364226369,0.2589229839885692,0.20655288321620033,0.19431284337397148,0.17178363656757914,0.12440636977141632,0.11202254061139791,0.12860911985789833,0.1095945315258169,0.11297304004654427,0.14116361640544975,0.20888112752538393,0.2615484616139228,0.2719395474433235,0.28172743181096527,0.29868521320394015,0.3409048272045829,0.3332449121932301,0.32311077155266865,0.32762869550028395,0.33956164161416463,0.3248667982187871,0.28410469925852133,0.26379524887444855,0.2830534452213187,0.255209291085136,0.2522512874176679,0.19069353850664353,0.15665535610666576,0.13090100398789425,0.11221455152584542,0.12404934887390512,0.11071524919165665,0.11851101957379633,0.15567863002257246,0.20534397571622762,0.22599950316115974,0.23828612252736228,0.25652614992109846,0.2713171674624792,0.3189791162156465,0.30602623869202783,0.2969365348660052,0.2943942246569122,0.355905911054718,0.3153063691426629,0.317344689914689,0.29202300664943354,0.29354889715536675,0.2735831189253051,0.21696386055790057,0.1832420627662841,0.13712069410391364,0.11377040440644862,0.09838758845073509,0.09862172368739337,0.09635181595288721,0.12177347180917245,0.15130963134696468,0.19173213615513446,0.23207275637308888,0.27615958380875405,0.2903355453775315,0.3228154976883654,0.35628408425998,0.3390211104015943,0.3279508530568492,0.3279138900369212,0.3215010185657794,0.33728285091955684,0.31459522559588793,0.2782334950446188,0.27875930869518045,0.27025920795046604,0.22997672641934383,0.1913265993171357,0.15085605560049517,0.12835667283876168,0.12809915669071587,0.10573342852611456,0.1060587888738787,0.11827031643620006,0.14766639114118846,0.1992807478665439,0.23329092205570123,0.2528436934075176,0.2861603667630865,0.2777901318024849,0.31561457214648175,0.3061272643233943,0.3234971717409655,0.2974894052781245,0.31508583133833507,0.3345068746616613,0.2825870417190967,0.2708367797184087,0.22902380939927777,0.23333768413503728,0.25450116048087645,0.18965041817718672,0.13805847579041086,0.12341294362009317,0.10685561397448982,0.10074699173130715,0.09853883110807826,0.1048021898143584,0.12413299796321044,0.14469375162618991,0.18814738711078025,0.23334563367275468,0.2972108435031161,0.32882596084000537,0.3274858705396344,0.32672156740658004,0.3446786017196045,0.3530142826732531,0.38135903769660934,0.3852027762358599,0.3119712826217586,0.28472659012240276,0.25730799134110444,0.24398892097574099,0.225523073307898,0.1949180266203865,0.16248782075831789,0.1334828596822001,0.10673385276776741,0.09511779166000577,0.09417233382849859,0.08891848349053862,0.10863467166593847,0.13087131532051915,0.16118222450924083,0.17783249286184946,0.21807798644570867,0.22722965224387745,0.24797313680385377,0.23888615997862775,0.24322577290169758,0.2590062662867032,0.34117220677832916,0.3350071069359897,0.29672058061949314,0.2533955772875039,0.25718665867992896,0.224388214765697,0.1894508112932416,1,1,0,0,1,0
0.17211457143913417,0.11415363649411274,0.10058612144139593,0.09501053896999119,0.07751602848277288,0.07170973716773603,0.079490350617562,0.11346456722241943,0.14687768125066591,0.18300454493104729,0.17797845257640782,0.1716638539889228,0.21588103813279372,0.2295102009216553,0.252220543250748,0.2080798896572266,0.19657829208406907,0.21115591379821552,0.21349745727541655,0.17286726461042398,0.18924086981848254,0.1598361305707521,0.1564863907404003,0.14727769285811287,0.13311808121065785,0.12708758952730118,0.09889646994322965,0.08550695235047896,0.08658653759535993,0.08902744963641027,0.09576741292519739,0.12081435573803663,0.1616824971959111,0.2030288173050141,0.16873595793206367,0.18897021431255728,0.20739757123978597,0.1997742164286899,0.20308608735840114,0.1915822691374376,0.20464389594721233,0.21768338893796907,0.24378057675206363,0.1930835147506558,0.20094850374287362,0.27136392339380827,0.19043764216823336,0.23548040870682294,0.16883234065112257,0.11281814100077649,0.10436653607538747,0.09448760788706066,0.12221608312689375,0.10111425548526815,0.10123595849376686,0.1190730334757618,0.1419799254971234,0.17289753196106178,0.16906949625810117,0.17497569930410498,0.17809880738218956,0.18640166363503669,0.21730667227990555,0.2228682457261314,0.21065916344959945,0.26277245127292737,0.21503625994303138,0.21663804231302444,0.24487437246898597,0.23616216337120982,0.23492930908441567,0.17963753304710756,0.12633260471952704,0.11431944434069594,0.10211767127889007,0.08326511867932801,0.07707698694202277,0.07439045936056797,0.08799005726578053,0.11867872927847894,0.1469823082342692,0.16431484324425522,0.1929914854435609,0.2121604214625209,0.19014934564733646,0.22179345276907214,0.23996450721278437,0.21622093805973908,0.22563285259350455,0.19368077218581944,0.21196901356356226,0.20758612760419037,0.19516035998068704,0.22026689628577226,0.22620570198219483,0.1832556503194469,0.1537100616270163,0.11697208536918553,0.11152045478688921,0.09642525859424185,0.0855768331891964,0.08433446186332837,0.09249305514320309,0.1155565775384566,0.1457923152543132,0.1873267283699005,0.18923814370522787,0.22588181061476398,0.2089427197344073,0.2037430584290769,0.21117827053906152,0.21027307079494723,0.2059697125998809,0.20368554766439909,0.21314884396379738,0.19718626026335878,0.20169451963729676,0.17895821336418516,0.180372448132415,0.21305803638354334,0.17127176707293745,0.10967474864219999,0.09912370819488539,0.08761223377918292,0.08094260032323287,0.07360219926274,0.08118373970461827,0.0920533317810617,0.1151431492388089,0.15182779330904164,0.16011355153366214,0.19129302636955614,0.18926641734676214,0.177375395317837,0.17190070840609825,0.19866467056423015,0.1882399637104248,0.23367303657807434,0.21696991985786662,0.1917886017819078,0.22322649529551208,0.19362877997440942,0.1947768099184967,0.1791957503827928,0.1710009497570652,0.11693163641350426,0.09276254003155417,0.07629930323976163,0.0712139472414989,0.06773194101095055,0.0655347011981186,0.07037323272350082,0.08834888750732993,0.11348029455370226,0.13612593661414013,0.14614108612578158,0.16650707243911161,0.15911027374104267,0.17138027770122483,0.14904401454108349,0.17261735022378152,0.22840671759299747,0.22174130306880516,0.19866035940755172,0.19087784861257112,0.22388990436689496,0.17857781391729594,0.15647430843218058,1,1,0,0,0,0
0.11904247175738156,0.1020972652263255,0.09516468557317259,0.08619228571529805,0.07523007335412306,0.07459360136854815,0.07614957959869022,0.1062047763886819,0.13192971467836895,0.14985541192792948,0.1382917034090941,0.1482400662165893,0.16576293078130508,0.18823449288447403,0.17325221358127116,0.18008244125262626,0.16663268540578688,0.1662679355372267,0.18141826631786506,0.17677857219729337,0.1853580937599834,0.19261546507304525,0.19823943581438702,0.20363836384396372,0.15021531629235793,0.11804275870990111,0.10247698790685167,0.09103320471895543,0.08800241060629502,0.09632962785361707,0.09939852102814842,0.12671419754495994,0.14943960432537182,0.13831914552719457,0.1436068714828302,0.15711978323270087,0.15536086260724405,0.1760174331964358,0.17307180863156343,0.15863545372886242,0.15867146684336786,0.16643210201631228,0.16674595514652388,0.17688704487228893,0.19527066020536507,0.23088945464534463,0.1997962791735865,0.20096416872995748,0.1342129740737167,0.10885120187571481,0.09656167119538762,0.09030507363509843,0.08595677945474377,0.07935066093660102,0.08695918007408082,0.1150522647261964,0.14799814964123656,0.14805859667630963,0.16569928888830257,0.1679926725056527,0.15676130994608342,0.17242513745501423,0.17223002604176235,0.18804245663758457,0.20647117509013116,0.1719572004152715,0.19295116660542086,0.20824301777309592,0.19646644107469424,0.22486247214496116,0.24625941611015667,0.21590064033519085,0.16820111227632586,0.15091842494978108,0.15341074241050626,0.10889917560692054,0.09609608858633495,0.08749529970902281,0.08698122458769089,0.11990730163053513,0.16171852709995688,0.16727303513254876,0.15427908696027698,0.1544927481882285,0.1656571252554603,0.17493841328704934,0.18556645252685472,0.16510034872423712,0.16121928830839924,0.14853441215567112,0.1761985015153421,0.19416497374231795,0.2023970156107539,0.22603748705259286,0.20666776517959415,0.19314785462213876,0.1528731087751027,0.125741083081093,0.11306810602373774,0.10009201288582042,0.08546474864957844,0.08273194922951232,0.08965997143845442,0.1293362745219864,0.1518835422051372,0.14915141024254175,0.16271995867261602,0.14718778654349635,0.18003257320992663,0.17093729191495338,0.16554009996175026,0.17320747657595606,0.1643192237820813,0.1674540411849284,0.1602336266466319,0.16511223934437616,0.1718571742758315,0.18043762441636615,0.17069493921621656,0.18962267156944349,0.15333078761525742,0.1273020237156989,0.10149489016519815,0.0911878985919248,0.08205232072044924,0.07520095931129857,0.07763228986235615,0.09191101399111627,0.11945088178578034,0.13282549007389685,0.13541680004743623,0.1643327847464537,0.14777061242487607,0.1628762251265993,0.15399723712168478,0.17220361401555243,0.1804525601167282,0.18948524705917758,0.17625956255629693,0.1634015263667281,0.18220856169579377,0.17752299330677027,0.18596357790033463,0.1916618649130561,0.18068964491863235,0.12470735610708253,0.09529102381129695,0.08855467389872552,0.07797832186908535,0.07514740335832464,0.07371217598510886,0.07120254118785914,0.08594903681258557,0.12679138611308666,0.15993773553393373,0.16598742088974464,0.17033328980068557,0.1534212029269575,0.16980791360543374,0.15467812751626295,0.15449221906104624,0.15576186493312172,0.17044122401190975,0.18762810493965748,0.18836041606332377,0.2029368421908181,0.2016756357053201,0.19807558741591696,1,1,0,0,0,0
0.10619844912307422,0.0841278067769842,0.06908198232677559,0.06296023303674486,0.05653154066440342,0.06103765773294221,0.06244070366793505,0.10963679779580694,0.2331456222095609,0.21923852442235336,0.20448377229664186,0.18306984473235646,0.20029474024612598,0.24687595074589128,0.215065821660936,0.18605565048839343,0.1856419829557522,0.17654581495826308,0.193843995063918,0.1933093762939078,0.1793812627545045,0.18555333807507104,0.1673954559340118,0.16151421810967123,0.12455541733301909,0.09797620124138605,0.0872455180834177,0.07181020642806543,0.061810571523446614,0.060700721935207515,0.06602239870751561,0.12389431561730449,0.24838385861291953,0.2285250949096658,0.2134716700265997,0.21016068804505444,0.20427282292861648,0.2124782618743712,0.19738695905497644,0.16560111149935489,0.184980629044259,0.17193729730195956,0.19197281072611524,0.2008352010816225,0.1926023861415087,0.1907717569560224,0.17762955058701277,0.15682081115948232,0.12115850275937015,0.09649952809720164,0.09981089215637405,0.0842899115304126,0.0740012082144926,0.06777421717651556,0.07463801662339146,0.1287512034467288,0.24074360669255213,0.2317206409787192,0.2094791377171846,0.19767782161514771,0.2309793403707468,0.2596306243819354,0.22518593720153407,0.1884474526274792,0.18066293440383924,0.17851559235689946,0.19429480663380858,0.19408084952182467,0.1991500575279526,0.18259928343829374,0.19355309535082474,0.15455003030912187,0.12192524954042042,0.09736531903212257,0.08393553417023786,0.07061781761676954,0.0640538037648976,0.059464515028660334,0.07071770015812688,0.11025068070748273,0.2555075288681396,0.24545816737298565,0.2393351873594916,0.2421753216741835,0.2101180855028169,0.21810083907687106,0.24279532859068853,0.19096301459000067,0.18689918950305348,0.17831051164460895,0.2141055851075049,0.2046470572217177,0.1910042340382819,0.18109967671946287,0.16319543648120005,0.1380762498385503,0.1115625919940176,0.11118069291296512,0.11059013970474628,0.07945454293618015,0.06736062950317113,0.05795137458568715,0.060489629090710983,0.10846869988876696,0.23533616274128266,0.24077870675576044,0.21806173672132054,0.18511745933836027,0.22451660290724582,0.22320053677783544,0.215657033751136,0.19182630560489453,0.17203437789093667,0.17630055082296825,0.17919427678664093,0.19951646529238287,0.17739946059939848,0.19076800073071706,0.18710748182399511,0.16215774810866126,0.12259953909205391,0.10795758873279941,0.08117318346504179,0.07542899287205121,0.07126734350395206,0.06307583510214902,0.05815844573592128,0.09849622133840184,0.0921377361820367,0.13085344618621392,0.15913291673097174,0.16736758501944313,0.1538172039410058,0.1528310342528004,0.1396287338591273,0.1612678345267954,0.14734182450399852,0.15630610869360018,0.1624683255823015,0.13913264447741674,0.15984606913337865,0.16889679308113098,0.15384823776071,0.15900752043750524,0.13462895334426778,0.11130716745941073,0.07804689093041135,0.06365591781234381,0.05249906236092894,0.05085372654321473,0.04758604789733762,0.05250183140817981,0.07051027332585103,0.09347597237204061,0.11231153615797397,0.12618792802096895,0.1377931351457477,0.13300716164249643,0.12870622410203625,0.14383125670014787,0.13506168059356055,0.13574618911105135,0.15958113977104404,0.17165938792575805,0.15446163574571906,0.17219229869548525,0.18554230908843777,0.16578137626818323,1,1,0,0,0,0
0.13522660204022946,0.10674119902759578,0.08262762942171584,0.07370479376879958,0.05994265828351347,0.06071978736999553,0.06858234448007323,0.10970479326432538,0.17349751418075685,0.180636320692056,0.18002901020205794,0.18920732114115943,0.18536543322047028,0.23958241368282115,0.2076689618099938,0.19711513401358985,0.19251907488776085,0.1891471878653531,0.22222509262284357,0.22965084843270875,0.2076736101584222,0.21706791970756883,0.18324473234583902,0.1618160660050441,0.12578558481211147,0.11904489799685915,0.10093619252534085,0.08043659191540083,0.0675502408090296,0.06609526744751268,0.07633568241036134,0.12787855825076713,0.19190633245682423,0.19360572418525282,0.18520846611089134,0.17657302795916105,0.18457570538507218,0.21515345202030123,0.2209346655660598,0.17324647913115102,0.18042585264286512,0.1872814913304384,0.19946561726320655,0.21676733796585962,0.2177066753425454,0.20573841723203898,0.20042407285420744,0.19082141799797198,0.15468860465518203,0.10129399035648559,0.09639199149662431,0.0776095821426686,0.06741649896328758,0.06871067166755612,0.08175980300717897,0.12929070564304632,0.1881941230431799,0.19250521725733805,0.17647259134298451,0.1790349416088533,0.1916418009188135,0.21607970676213129,0.2013686087517508,0.197983922086542,0.17135066822635106,0.17981888746769145,0.19987011355009837,0.2173392134099514,0.24029753633269083,0.20100338193910533,0.19390725549093007,0.18113125901440208,0.13907116407152742,0.11082620868327812,0.09481908272069955,0.08737026694647318,0.07543763529115866,0.08022608814970243,0.08441073723113715,0.12309087380087216,0.19620011445432606,0.20304999791600686,0.20303090209291638,0.21032621572744237,0.2033262331456976,0.23546855351963508,0.2099759804806998,0.1829457267454754,0.1753275419032633,0.19674608493210421,0.20594999306754555,0.21949897310928115,0.2110975398347922,0.23295984826169905,0.1948252165241155,0.16355407664972968,0.1312574609260446,0.11695291510359371,0.09935542605983375,0.08528220220998685,0.07344710839340658,0.06948682949713571,0.07543278210610312,0.12673118407062345,0.18885700416948442,0.17825538667794885,0.1805894322040797,0.1773812705153254,0.21097363549363296,0.2284864442935533,0.18757347982926148,0.17420993070569504,0.18833637975441822,0.20369882384291918,0.23181412898243467,0.22615592222979647,0.20851392800830304,0.19973602383292685,0.19871387305968166,0.15466827200187233,0.12274121291214705,0.1153087794739801,0.0881525448238849,0.07959139895617609,0.07485909195727493,0.07042947835246978,0.07902354771850388,0.09483954308950633,0.10310082346090331,0.13738463730202424,0.16141688132822715,0.15506902329782707,0.15115255428062926,0.16285785592011734,0.16748809768689385,0.14839938015750262,0.14583371500006648,0.14639387893599867,0.15346370376548812,0.1636707787266873,0.15188609847264747,0.16099146773557857,0.1483636659258852,0.13719973957572004,0.11323082416594661,0.08992932577593336,0.0793687829725973,0.07141117821749703,0.06977339683093399,0.06618400577651715,0.061344485231488305,0.06431247456824328,0.07979681386594735,0.09523287313094107,0.10964544156434776,0.13043346677845788,0.15572387183445438,0.14479852253418984,0.12908714297547896,0.134734467757463,0.14090734483398068,0.14434546245756497,0.16571537780238954,0.1652153738506305,0.19413624441677216,0.2018152507832156,0.18411307557559178,0.16239352258591747,1,1,0,0,1,0
0.15084580846095064,0.11496275109398398,0.08293533931229062,0.07224500959641979,0.06143910567062796,0.05894434858514595,0.0649087308114304,0.09871252426134591,0.16416529308107358,0.1924706544491916,0.19994390102247211,0.20193589736241055,0.19310742986962387,0.22326598433938674,0.2056019926497312,0.20605707099762793,0.1944728983186091,0.20315963916759772,0.19229869889170034,0.19715342818140177,0.19433795776072896,0.19865328826671136,0.18717551403083907,0.16824127593785096,0.1337523508837137,0.10888093265303739,0.09133469920459539,0.07413137814138042,0.0648506598592303,0.06444408764078376,0.0732795683539288,0.11871834782299971,0.17941053368896015,0.20879135050300773,0.22745745232338607,0.2282032735985156,0.22342918025897926,0.243671648212238,0.23716115976449356,0.1983282243509319,0.21030894562084076,0.19943983917912714,0.19697854587955355,0.18809531616107497,0.1823965815762149,0.17813479968948848,0.17803367709941223,0.19113344879706498,0.14647503673434875,0.10318868485694127,0.08683928264337736,0.07370668337641548,0.0631240619734846,0.06487878623704647,0.07214703900954193,0.11433870076039196,0.18273326577889978,0.21336190851741044,0.2073086225412167,0.21938020883492718,0.22398813764004277,0.24113143533092668,0.2269618362650057,0.21650967382866948,0.19584803669342912,0.18816470872362295,0.18471290963010983,0.18170202170422617,0.19873720428907318,0.17856725305922427,0.1776080373109414,0.17549278827167777,0.13785859232889525,0.11153559355793687,0.09397132976176975,0.08090553725202741,0.07044878964717174,0.07305305211424541,0.07602720140700356,0.10576638843256077,0.17477850991031507,0.20495400335460515,0.22258500086896124,0.23873093992848562,0.2430196201072439,0.2596428279163871,0.2241387204634262,0.21734917316140603,0.20592188674171108,0.1944469945485956,0.1821251372957484,0.1947458498765492,0.1902695779360039,0.21514882701091279,0.19424390273568812,0.18401335351111686,0.1364450555594642,0.11016865320908838,0.08702212174197786,0.07585668303429911,0.06736062055721265,0.06713164365344727,0.07101454940724687,0.11057583063295773,0.16984726649178972,0.21079667332737687,0.22948989376725518,0.23507483856822914,0.2663706529182026,0.2471062524958651,0.2150255464972239,0.213930311149725,0.20634009708306383,0.21893568113390013,0.21613776261489598,0.20712245723907333,0.18478839549016918,0.17649943309723576,0.1728778664116253,0.13590120517508086,0.11871779826936346,0.1061200022550406,0.0927795605345084,0.08478461895794807,0.07788675256671325,0.07684840440823346,0.07782973734069307,0.09034916389776863,0.10564231787508922,0.1300487599223158,0.15417175455613952,0.16130728824273968,0.15544412763872803,0.1563335045243926,0.1785485568232755,0.1484035879580093,0.151492248784221,0.14681763914993023,0.14871461688216905,0.16575775416047128,0.15562320660277817,0.16758755976477394,0.15693835974012105,0.14303761199740997,0.11470246057200308,0.09467169139166147,0.08297117293667919,0.0763587373464498,0.07454588666317233,0.07336224418506856,0.06909829377909801,0.07387888271233517,0.08772856620547807,0.10623379848460777,0.11787661312930929,0.12712179509297614,0.13607801430591482,0.13724799514720815,0.12255759574077035,0.13420914845224244,0.13818443792638732,0.13734239654890293,0.1459053821349526,0.16483599797258164,0.17967213100825224,0.18927513923171882,0.1851577319364995,0.1586302489234982,1,1,0,0,0,0
0.17344847877188999,0.12125973209941274,0.08840647711611982,0.07840322386485883,0.07534120787553024,0.07259712260545816,0.07501042309012249,0.10100291617772614,0.19911587560218885,0.22409378467651853,0.22848103432635838,0.2120149877318012,0.21195212820139703,0.22292162352668532,0.2128506432716211,0.21688574655240153,0.20312336065627123,0.21450364616885678,0.17969505028256455,0.19690534437101379,0.20493883045795977,0.21058180125708564,0.2215926703505101,0.20358709054810017,0.15855992721318807,0.10972408203543293,0.09063047824091876,0.07581368118303872,0.07026168287226142,0.07003503772069236,0.0764876448791451,0.12772977235215843,0.20900216543241945,0.23784143279639772,0.2696976044756343,0.2814504292187352,0.25630635731509394,0.2601113160428589,0.24310688472019673,0.21769267933468048,0.25461377397652707,0.21647880409610396,0.2126395987645267,0.19561561724618565,0.16899875745231133,0.174549246513485,0.17972391450478406,0.19675399093177584,0.14608958596005842,0.1189460269124252,0.098773337456477,0.08741487145400707,0.07557846992906234,0.07470956231049544,0.07637657318450046,0.11856520755240568,0.20345648731760074,0.23936445109865312,0.23732000990327132,0.24794778427208447,0.25949488566461,0.27058297056663105,0.2587376030534542,0.22757680694642604,0.21759128797325997,0.20328221034794103,0.19768906567795785,0.17652594755672066,0.17668987676309073,0.1892626793692305,0.20165347118412016,0.19470112158614486,0.15247810011357765,0.11940988272047831,0.10224374620301034,0.0848644974049098,0.07552981593341528,0.07354520405200146,0.07297912184545705,0.10377282783485098,0.19162996490594802,0.22273756221081775,0.2448869871748541,0.2608222280593133,0.26513667620883746,0.2686422670594533,0.25133259018839915,0.25082788178126203,0.23495554982928601,0.19777207985991047,0.18709349768803507,0.20858751713857213,0.20980581458410716,0.22429372801894745,0.21690569279204963,0.21298361936658475,0.1542705489870678,0.12636589796678335,0.0959069581601514,0.08412716700112784,0.07800744222667916,0.07307361192287042,0.07574921455872388,0.10763703715598748,0.18668825111617157,0.24427380834183773,0.2632019343357499,0.2685014936319656,0.3066511051953833,0.25639287212357326,0.23867360618648908,0.24803020834862868,0.21164631270819917,0.23930327364259657,0.1992502333486723,0.2174407589364324,0.1748120710723281,0.17308560042162857,0.16537463361517385,0.14459230644539453,0.12807051208565676,0.10859051158263087,0.1023065105570122,0.09470037451602586,0.08862383251434844,0.09424043804406787,0.081641711250732,0.10126500641121397,0.11507589898655607,0.13793594467578144,0.17305187307779404,0.18779374790187933,0.1825208114730891,0.1718959943907921,0.19894756019544496,0.1734542070434367,0.1868164920634799,0.1760753425599959,0.17611974013084533,0.1924545546033838,0.18716104296806643,0.2107313533665748,0.1957709964705497,0.17085596983873666,0.1427440457384949,0.11410526871081655,0.0936132559696071,0.08818080846104513,0.08115328636885302,0.07996626738738119,0.07797258559267857,0.08665637196945049,0.10465153775532891,0.12484620835555452,0.13676990296273925,0.14553771849837238,0.132121447476882,0.14004980901441835,0.1334903183427095,0.15377297663214734,0.1646072841927015,0.14588359840232362,0.14355028947356416,0.18426462223901968,0.17579360134347596,0.18921832624950946,0.2085703222615244,0.16927172914165434,1,1,0,0,0,0
0.11672646577937851,0.0816165513929462,0.07195822507767444,0.062431153524453005,0.07848045217922855,0.06326573592914128,0.10255408480938552,0.12455746592871736,0.18406605983255342,0.16891448104092366,0.17162757660431435,0.16332227627655924,0.16110170595926165,0.17653734341094895,0.17771576854987128,0.18852831745822476,0.1759859700804654,0.1846944841518585,0.19165306150191122,0.17189053383954905,0.16964514599279898,0.1762346578187188,0.16892893383146876,0.16951198345892987,0.12012181545895423,0.09972105523190224,0.07729543819723197,0.0671915613433053,0.07475846684699895,0.05751065240715115,0.07545694807779507,0.14834092558505674,0.22321829831496154,0.18042866511759117,0.17787741724774422,0.17450664579144715,0.16466908410854308,0.18510495218216502,0.17960145718629508,0.16930750400812966,0.1731221547646414,0.18716544389897022,0.19332972738668405,0.1877315754954008,0.1511032582539627,0.15336119707628257,0.18098491604939118,0.1655562130410108,0.13195957427009894,0.10563344382079341,0.09634036160491935,0.08308249229230405,0.07441365090683787,0.08962406062262472,0.08118721943269638,0.1463837069607654,0.21978334706631866,0.16046012345176863,0.15163222954790892,0.15223618346785764,0.17683979318885631,0.19475374472070672,0.19476381731570666,0.17892940961109394,0.18634768414667638,0.17855957993418356,0.19108455751521347,0.18255058838637703,0.15430442254370186,0.17162205115668508,0.1790398611197647,0.16143992780349603,0.1281538347816752,0.09693379956461283,0.08157335619940409,0.07471656112797681,0.07243169824076486,0.08907532935614258,0.07851649125035592,0.13052689594971603,0.19332653908780761,0.15575000724998983,0.15828010451249536,0.1552272857029645,0.1595577697907741,0.1707266362219635,0.1751158190770151,0.25599226443851486,0.18958181715342867,0.17269754618279115,0.1937569944301239,0.20753717113702927,0.16676825506675175,0.1782174317833561,0.15988120061799055,0.205745926082385,0.13195135453523815,0.09810405518487986,0.0884258039143538,0.07724536454496397,0.08762724726460297,0.07170513851247523,0.07717320413985124,0.117610127507283,0.1872763105489592,0.1605944198231018,0.14915878240334257,0.16892683930531113,0.1680926918988226,0.16468592937684384,0.1693460200633209,0.20757768032058824,0.16970798698453493,0.21314305714685378,0.19275687535137095,0.1861611198397422,0.15057896616924277,0.1615565458859291,0.13638057797447303,0.12970449880399404,0.11551630033304401,0.09382234086024295,0.07069004928048365,0.06468483760012336,0.06202856903952698,0.07321517217965304,0.05942685880386189,0.07577035306133129,0.10692618081933279,0.1192086680879417,0.13688551463340964,0.14513302287476973,0.16590843751922354,0.1659769387554076,0.15701020389735465,0.1549936768412178,0.14689606795627208,0.18873562167236702,0.15630087507665966,0.15297427192263174,0.1558369386419613,0.14900971092458296,0.1183401643044762,0.11531565043764133,0.10920382134353672,0.08318652000203763,0.07469215694088199,0.07173369153937345,0.07040288643240589,0.06647725053109503,0.06714667878783392,0.06980133254850913,0.07877778326274382,0.09597671675020464,0.142659777061203,0.12530547026445368,0.1286256553985039,0.1200099099862749,0.1277572595712836,0.12281485225064229,0.12331754879770274,0.14167247143629771,0.12921804110101784,0.16926407449016068,0.16442525186571325,0.15798964151527894,0.1600297455674321,0.1282962707494448,1,1,0,0,0,0
0.09914804081427911,0.07433412706269056,0.05218113512686076,0.04553653667256361,0.049393897672777125,0.0478251661379781,0.07215913262349018,0.1238671208767053,0.1840078046152747,0.14681981075394718,0.12996302644711896,0.13123792968491496,0.14098293277203638,0.14988289063236496,0.1418777615518757,0.1434771436169092,0.14208217179948465,0.1647473417087316,0.15745380069867862,0.1409411773672378,0.11781601562910947,0.12188782728924916,0.12005232970654264,0.1071201106476254,0.0853250008822607,0.0706068196377502,0.05578266771718795,0.04833047153129794,0.04914992022769006,0.04145466626201456,0.05473464444763991,0.12702549640529862,0.18944309053109554,0.15875537591314798,0.13010725251376506,0.1282712655424842,0.13335433150612566,0.16086914647896353,0.13803296429793196,0.13196493605968837,0.12389312810480294,0.1589998676483121,0.17252382946883807,0.1349128064116006,0.1232700323345422,0.1567611936102167,0.13371954264264532,0.10757739038699968,0.08647249439474865,0.07588028883814153,0.09022426159385942,0.05798173062012296,0.05152310459224409,0.05682543686585458,0.06379922562814927,0.13757111571376454,0.1913253470360777,0.14390281134127791,0.13359553033848903,0.12932730732136194,0.14564691682396336,0.15133770165098506,0.1629532265580369,0.13271189791570848,0.1661731596459748,0.15871538994359524,0.16879601776522996,0.1509725179297323,0.1129678105116026,0.12810366981188484,0.12975193353771558,0.10196210938057663,0.07631970295093062,0.05919371511720331,0.05250320157887331,0.04892360989256371,0.04578206895154688,0.05349544639022792,0.0579386049675555,0.12186334415747184,0.18942021687849597,0.14024966334691397,0.12744487115372524,0.1284061192876736,0.12708780322229343,0.14422018112780358,0.1504118050385399,0.1750682776763966,0.1411807439167327,0.16072302636969088,0.17646366648078599,0.13840766935230803,0.10841974654815249,0.11013114873990237,0.11666957903967516,0.12674634331638945,0.1043746975481268,0.0696721616796952,0.05407709954347594,0.05032740033038777,0.0526055210320983,0.04736793994006074,0.05627449055587864,0.10647467599819463,0.17925385800698423,0.12908327395760438,0.12062253116199931,0.13653436902245453,0.11530487013885346,0.1593474808777759,0.1515629160940611,0.16862135804112233,0.1534244694863521,0.16982592511998806,0.16635937505893933,0.13857500648052645,0.12267527852955983,0.11322176434287558,0.09230204860599374,0.08245226320348682,0.07678648410031544,0.062188107348382655,0.05247115942167837,0.049007254237244655,0.04497388549643253,0.04497371749886135,0.04551682753561285,0.06293854122204942,0.08591453854222175,0.09690068101461735,0.10590285931228664,0.10344807220905942,0.11513812184812933,0.10963032933993266,0.13853089958918743,0.10761443323729339,0.09818609214942622,0.12211767668783506,0.11221513315798216,0.11703711585014247,0.1099670137994694,0.11741913405475507,0.08296367934624868,0.07607141832086974,0.08227331599049653,0.06681211183375586,0.05736134362223313,0.05056280254918781,0.049868243387144545,0.04834838609634682,0.047843781334666,0.04806383862332689,0.05868302479878564,0.0673610195024257,0.09243396592323289,0.08799850249145848,0.09091721461266176,0.081975371290271,0.09118361246904312,0.09204070199923779,0.08700531184271236,0.09946582222064927,0.10661110550159608,0.12173293226365872,0.1310333179687296,0.13172990036939108,0.12176067620535286,0.11087547127257238,1,0,1,0,0,1
0.07169803847833199,0.05476869174481408,0.03952599100986362,0.03669991879936038,0.036090030344866485,0.03837293477668435,0.051837394529306004,0.09337394079359992,0.13717964398518773,0.1183595161647468,0.11039119922456285,0.11452182602369201,0.11919936188634585,0.12731952118461642,0.11773612010370667,0.1153308480669118,0.11821502193446164,0.1296812930210732,0.11820182205976913,0.11235574089471204,0.08905976240573572,0.08658941118145917,0.08985656691278278,0.10162882625049717,0.0661637995929713,0.052355658730288204,0.04244936768364975,0.03786819435031381,0.03542981685274848,0.0347527535382276,0.04243849999310786,0.09102863426266174,0.12929043869664864,0.11862955199973887,0.10391456287651468,0.10787203415461916,0.11217002133509679,0.13536889487780104,0.11158140975317682,0.10892175515725967,0.10413211166388424,0.12090065629874555,0.13354702642269697,0.10085125642793495,0.09349394303571745,0.11358730435534524,0.08935348995201142,0.07261183287180731,0.061081213236794905,0.05427603492775396,0.06430852313227862,0.04423243328352085,0.041653950840265526,0.041923434017443584,0.050624999734436196,0.10076793963034514,0.13288897270725242,0.11273375802884805,0.11063405747337081,0.1113943878805989,0.11742350217914994,0.12374108364039506,0.12461941539240431,0.10750237099135572,0.13131070850615048,0.12303277460021952,0.1298601544157718,0.11277276275461354,0.08695111901173821,0.0914977092491496,0.08795846117794932,0.06786368831586807,0.05331915156777935,0.04476966159975008,0.040115563387241066,0.03930924730417499,0.0362496936133904,0.037109405292726806,0.04564778241543002,0.0903996022040701,0.13785429093514434,0.11072937848267865,0.10531274879874013,0.10639244510733933,0.11122526993273307,0.12377360888641525,0.12507554744712449,0.12593329615201038,0.11448389480546523,0.132099949687905,0.1387937572561533,0.1027031121984468,0.08422398967890331,0.08102972200082464,0.08463866978090477,0.07982805620334335,0.07265125196199183,0.052539850110340486,0.0414749780395023,0.040564823426622584,0.03861622739215043,0.03840188846909473,0.0457999062176907,0.08323752730077356,0.1353760232623486,0.10232127185208637,0.10495650808080237,0.11007852276950876,0.10132599089861925,0.1375553224629242,0.1258261129600005,0.12653355608472117,0.1265708726873183,0.12871457229969904,0.13098119219489945,0.11097680401668263,0.0961184934281241,0.0902607667234771,0.07510496585276531,0.06144953273704708,0.056626018472652764,0.05125193597777582,0.04435998253967269,0.04244461796286733,0.03900639932335257,0.03730204338422444,0.04048816599537502,0.053398087983934826,0.06961950985927283,0.08453000618988184,0.0941436456378845,0.09197523326336109,0.0975832983928293,0.09195205179943741,0.11160249232727265,0.08729350516232597,0.08873161970029786,0.09707049151319103,0.09951106648786381,0.09626820645157916,0.08417261721904325,0.08731268722895696,0.06925784474123309,0.06516235181872293,0.06167099988424522,0.055177214854477,0.0469610100929975,0.0414946083900885,0.0407856542339238,0.03919810362022997,0.039727803353732605,0.0407324012104673,0.048506981932181115,0.05744275597880366,0.06752411516477645,0.07292062806878959,0.07292420608846391,0.06689440563233055,0.07047575217272897,0.07015855529267788,0.06950981985146662,0.08035345790156864,0.08090839785558185,0.0842655712832196,0.08920560285447829,0.09116909485906964,0.08731742213804738,0.08147586271293156,1,0,1,0,1,0
0.028677087628558768,0.02314704047325713,0.02178225201583661,0.021756431944995925,0.02259063559123316,0.022687449864954107,0.029140625467422018,0.04718094276142847,0.06662433003858288,0.07578071257288263,0.08505107723440217,0.0868801668180222,0.08041008791204439,0.08547125754236526,0.08032577198639626,0.07926726701229873,0.08647181750453109,0.07862387178568477,0.07185505066612403,0.06413153553576119,0.05813990629712344,0.049536767342908246,0.04431859318578606,0.10960895339953593,0.04440685284472034,0.030649802432471517,0.024061447326709593,0.022691938965068298,0.02078182408436279,0.022050322122962623,0.025223456371093904,0.04724768425761794,0.05446462457536822,0.06039446093560075,0.06482439417780074,0.07696720637968302,0.07689171762299571,0.09478831564655371,0.07999522628915191,0.07639758971618921,0.07481357881436047,0.07216668385359519,0.07909639162182926,0.06344637154753284,0.04921693543736756,0.04259713882243143,0.03946088442646888,0.036099071480715665,0.036133265352851864,0.02724502175636377,0.02607906349479137,0.02625068295027669,0.02675390520138125,0.027064839941582323,0.029808076339936634,0.05039071318246966,0.0658398472989717,0.06770681822692326,0.07474142280662513,0.0836563100306021,0.08223209439823402,0.08567108916881501,0.07721790518652086,0.07702065500453538,0.08158153351806069,0.07587139072183587,0.07898782165325156,0.06679898925444051,0.05350055886179886,0.04777204068566347,0.041562579160239324,0.034871602096455324,0.032890480947125836,0.03000635618954629,0.025179319335141705,0.02536567552655503,0.024965558440754126,0.024426358187408417,0.02926851342279368,0.04650305602294763,0.06672251179601184,0.06661215907905756,0.07323907033117531,0.07345633803928123,0.08181228948214336,0.08561107825125831,0.08270347095041215,0.09080633174982872,0.08250579576329538,0.08317607535810062,0.08414988047963656,0.06935941894045859,0.05327915320689492,0.049771599643446254,0.04276444038431459,0.03989290688714099,0.03326693380980451,0.028349715280583946,0.026376790433198405,0.025739795052355945,0.02511297570400867,0.025804446951748623,0.029087990218685047,0.04592464177536335,0.07861586618180173,0.07015206269452974,0.07537181053867922,0.0710043380559152,0.07447719569638522,0.08529623452701947,0.08050960369637,0.07931541589874774,0.0827759537436308,0.08136105334746431,0.08303560589769239,0.07371285639098726,0.05612387338108086,0.057655996073018426,0.046827953847870925,0.03637416837101366,0.03168951758197301,0.03159916396617855,0.02649174838938572,0.025781094278468825,0.024957875261224016,0.02492102376709159,0.025455829802296725,0.030644071669301248,0.04218700642021404,0.06164482947538432,0.07174190121871081,0.07468494872260703,0.07853830346400419,0.07331955344297687,0.07017868749603612,0.06444650777830685,0.07673000885951593,0.0804548645274547,0.08225262980890215,0.06504201936880162,0.050680330480556465,0.039377978773846245,0.03736916151519689,0.036026359659784596,0.030664045961625797,0.029528536875938143,0.026553035104494215,0.025829240781004258,0.025726314311569784,0.024310806170074563,0.02592022186152831,0.027113459289015346,0.02986548567691816,0.03901986278993824,0.04469039238867014,0.05378904798828854,0.05324951138094181,0.05074806120970749,0.04788040473759788,0.039266434178473975,0.04222434101340474,0.061738632147056466,0.04409602659277899,0.04618343200335123,0.039121045845248066,0.03795830451163271,0.03947711554646269,0.03456344096578024,1,0,1,0,1,0
0.011013435983066052,0.012312101336020563,0.00913604503914328,0.00873604859604506,0.008826523752219219,0.010526405272734286,0.013427849370892368,0.02069479396336273,0.032282310626381094,0.03333283873419087,0.036976037502709835,0.03958335349719604,0.03613240784759722,0.03713582449215312,0.03473167696203045,0.03335488780890176,0.03564727182373733,0.03056292351189548,0.035636381778002435,0.02573509653382798,0.02291250572271802,0.02069366651270606,0.017680821000735956,0.03190076238182244,0.013582989396209617,0.010182749580546272,0.008755046060512806,0.007795785413674065,0.006946679690328287,0.00829542748091577,0.010236871272085779,0.02298344826738652,0.020631141815704978,0.02523482194309296,0.025688787899706057,0.0336480139791196,0.03507179798116374,0.037404062528011456,0.03452079483820444,0.031007702078377934,0.030471131227425723,0.03158486126625707,0.030609690585067063,0.026671673373128587,0.022333261616517497,0.017639372783912755,0.017906264997601444,0.013756658810187068,0.012716112141495609,0.010001245220812058,0.009319699982881421,0.009329170222617367,0.009661199298700133,0.010387975981636585,0.012927997105796897,0.02587747256896199,0.030271270360830743,0.03361019411467825,0.034148896948377055,0.03406402361709716,0.03348660921703187,0.036208576088611,0.03523634360500903,0.03268594054411521,0.051017943825346586,0.036872646760773974,0.03426816617558907,0.028392139491196393,0.03128041663226344,0.020251519618097766,0.01723340620526224,0.015313952203248592,0.026325046120517615,0.029979852172930987,0.009820469893922757,0.009424722319470138,0.009223094325570573,0.009574495473194309,0.013876257239753794,0.02171702834593946,0.03167677487168949,0.03343159178867623,0.03510601324362528,0.03419246201682137,0.03752790349026807,0.03418344762296834,0.033351194439283166,0.03524482534441805,0.04030710920561287,0.037175080432151925,0.03790416938860521,0.03130071884921979,0.02295920951392473,0.01921536515721136,0.017241677557902138,0.014792271483023355,0.013461021392645673,0.011256692768435786,0.00968977559270488,0.009232698407728624,0.0094909115198161,0.010879763412724315,0.018490786818059973,0.024134200884982394,0.035522692984111974,0.038160812723027404,0.033493723245099145,0.034636277043598215,0.03689404638259552,0.04023481963595343,0.03587793951207673,0.038101375152085504,0.04082460215891378,0.03815778570813549,0.03720660109621442,0.033750279859043525,0.023943996765196058,0.020043058318412688,0.01634080016397637,0.014985075206153647,0.014465610829674186,0.010797055241728668,0.009262562104610834,0.008610652089598136,0.008137145584952429,0.008665669432755714,0.008948853861167958,0.011766210141860479,0.019728936609237125,0.030049789547172582,0.03883431608642749,0.04075398765992168,0.04122223392109254,0.03799954008318414,0.028249152418519375,0.03448591223570757,0.030471499198055897,0.0303806704653588,0.03013871505474074,0.032775546784154355,0.02345965789326571,0.018625196435208033,0.013042284507984371,0.015304707635386711,0.01302047155555809,0.010879405993056245,0.010187176553162959,0.009521874360446912,0.008802388633612563,0.008505176595282668,0.008737148287032957,0.010084197808169977,0.012119374587452885,0.01603441340813701,0.020390584308813717,0.025030914287357785,0.023724617773512875,0.02120489763780696,0.019897922956595752,0.018321128063220633,0.01909499099030629,0.02824098034089033,0.022702105654517035,0.026226250090152576,0.020290357527803934,0.01811244561590711,0.01691099002904846,0.015340713187964332,0,0,1,0,1,0
0.011064299085460333,0.013104756141344485,0.009457195628590105,0.008640729925475788,0.008508683462016133,0.010527375907608407,0.013855187466389172,0.019454283374687558,0.0291357148773103,0.027232133986392553,0.028934095032760777,0.03197045708605081,0.029916818932620548,0.03009950441291726,0.028095910484754807,0.02655532367240552,0.026898699897595038,0.02340456338697865,0.031039393054850685,0.022145213920796405,0.019379672192465194,0.0186478786107585,0.0182503848897526,0.016350620805571665,0.010786026557735058,0.008944135696130572,0.008396521342788232,0.007450331343584931,0.006848409156008243,0.008233474457846841,0.010180406074906305,0.021840524488666534,0.018203150984483073,0.01950796507754521,0.020046093192789997,0.026865384605041422,0.028738778965686343,0.027283965050880706,0.026911467151589475,0.024406557797099986,0.024626962913950206,0.026015279985977875,0.0239077437694188,0.022699714969753985,0.02266041982368843,0.018847802260219166,0.01904337519559903,0.01503613500977477,0.01195552973312569,0.010135347363266201,0.009086651115771604,0.009698774249994775,0.009160122374121261,0.009942465636152727,0.012917436453537991,0.025090219141393203,0.02733605967439192,0.028804013270954346,0.02704377023101346,0.02528778095157864,0.025311863335320952,0.028936445669330253,0.02907196805960753,0.026398152905298983,0.046706012497879965,0.031839710341067085,0.02837348191127555,0.024471564555845652,0.030283596014571392,0.019515111859266195,0.017571754520894566,0.016309968397761825,0.027839412286138208,0.03213193383834075,0.009870624008921754,0.008923114663452568,0.008662729402702017,0.009113096208289173,0.013651791064316214,0.021027317322532234,0.029861297451542937,0.029199146254585223,0.029498919526961376,0.027852523679593486,0.03103602593786798,0.026919384299776226,0.026789609335053068,0.026165753791014427,0.03422108306849423,0.031094693053450438,0.03254813995823786,0.027348886663630088,0.021418719806231123,0.01809404051929719,0.016790609098731868,0.014268187327550008,0.013288762126402837,0.011168611923463303,0.009441574207747353,0.008967908174690105,0.009334449762323019,0.010626826685669768,0.019079640989559245,0.02396873636618844,0.030901899193104057,0.03458509765098321,0.027508613669048956,0.0300466907041078,0.03305144906009914,0.03514672551594316,0.030614689860260672,0.033187101019356645,0.03588278656408451,0.03229812290410411,0.03173438349179497,0.030423014672496904,0.022494354046923137,0.01796700475198595,0.0158564119602676,0.01608548865540734,0.014823141999807075,0.01001050646934037,0.00899620875453034,0.008125753307646966,0.007514877129163938,0.008202672785270254,0.008399070551997057,0.011487966252553964,0.018353739362117052,0.026187114640676835,0.03364659599013248,0.03534441666527463,0.03594947978521167,0.03375315054702678,0.022474616570900184,0.030700403796752835,0.02292736449565045,0.022451973227515513,0.022353615006224962,0.02994817651622697,0.02306971336572432,0.01999788848182921,0.014356126727155994,0.017192241375631315,0.014490423376585758,0.01126509692496618,0.01024297097218756,0.009685846055442756,0.008638034223098655,0.008193418840146885,0.008173619913736213,0.009721016255269981,0.011858325251796406,0.014694453816550806,0.018564311754968126,0.021188372939603222,0.019985312455238463,0.017992083245923277,0.01803457948588507,0.01822290144117726,0.018324895621375587,0.024416004610294133,0.022520259415055383,0.026014180654759432,0.021058329872098946,0.02040686892685281,0.01892266603418421,0.017245112463986703,0,0,1,0,1,1
0.009123642056217338,0.011496724254029948,0.007930013011443388,0.007545506955391933,0.007479254871669666,0.009420365605257693,0.012348965224285318,0.01749815420844559,0.027545463736073434,0.025693036955376544,0.02715121998439318,0.03028812103571429,0.027680412612749974,0.028055702236145428,0.025928984716282612,0.02446964491853878,0.024863294667966867,0.021502003283461173,0.029063163421191824,0.019738580523223782,0.01693728152359368,0.016024534849883573,0.015044817489048,0.013626712951956176,0.008347971437926028,0.007480845152681331,0.0072469934514851776,0.006420952265481348,0.005800355391931708,0.007169108000598418,0.008941298042564041,0.020041960469166044,0.017147666206854203,0.01876664241000192,0.01876938548320055,0.02525118343274846,0.02721085822437318,0.02597471487899791,0.02517917609830569,0.022322043117676996,0.022283863538135888,0.02415819067902921,0.02186770015513193,0.020603671802103034,0.019120324662359023,0.0152053348570818,0.015956941421935242,0.011568705961386405,0.009566092637732315,0.008439479870405447,0.007759389119908486,0.007612988366524846,0.007828118819614973,0.008672648915976508,0.011308505819084344,0.023000131501359957,0.02550580303920117,0.027618534594556154,0.025928551878654563,0.023623533984266885,0.023601469283445628,0.027030350627528902,0.026874676804437826,0.024206703398745345,0.04480709373271577,0.02932742639610427,0.02575535224611183,0.021927094271362857,0.028077062653763713,0.016520212334646033,0.014291065420347252,0.013158814514892795,0.026035486322245952,0.03074310577685324,0.008106244524928306,0.007715864738239866,0.007482997251266657,0.008076850706962495,0.01240164151099386,0.01886495183159221,0.027208691880869693,0.027751373459853436,0.02788337225131279,0.026415233945882032,0.029157257763012753,0.025099773348581832,0.0246634445219648,0.024065475322667014,0.0323516180660016,0.028758810489535734,0.029443432850972968,0.02473336868459579,0.018877120628371095,0.015081517859671484,0.014381532178212308,0.012123820920206651,0.011119001547997356,0.0096149047198917,0.008146915691933387,0.007763844420774086,0.008028230482999835,0.009535710040746158,0.017901188640783182,0.022031104143695916,0.027809309920604906,0.032246286549556684,0.026021411993771625,0.02842447764963777,0.031222762292611624,0.03324314360737998,0.028284012682928746,0.030065689833293125,0.03297520810370806,0.030127711016385037,0.029190556502962484,0.027211293454092435,0.019724778262205523,0.015165625664848451,0.01293751137413546,0.01271831981436577,0.013022410084358019,0.008457334414977345,0.0074417898666260494,0.006948437785512428,0.006331368138847532,0.006979865568488135,0.007254409418332761,0.009905361385543378,0.016917100639606292,0.02417825886496945,0.03200465169119693,0.03352997860226033,0.033484324397797756,0.03132854333611181,0.020557147508955542,0.028806474213510815,0.020672021251259096,0.019991826123493484,0.019343772161398844,0.027116622268254183,0.020184157531796733,0.017773211860326734,0.011343806596563786,0.014181833928385892,0.01190879532134186,0.009510209732478646,0.008914878719130229,0.008096471644215649,0.007213812500222553,0.007028473797977896,0.006951831603181407,0.008443788864876196,0.010131528536973286,0.012964121134419027,0.016749383135890132,0.01943874653353624,0.01797809682190048,0.015922161281824897,0.015535259568042208,0.015942901557392065,0.016229082548961316,0.021620683972734617,0.02018357583401835,0.023752523791240227,0.018605835274267696,0.016038431607137648,0.014439966046338454,0.013242636891364878,0,0,0,1,1,0
0.00796854011701399,0.008631491728426017,0.006591605026231438,0.006280324872325215,0.006324644736159231,0.007558519494950837,0.00997219516428601,0.014538175974641972,0.022351834058878826,0.021950106352830647,0.022006596303833052,0.023398362037323452,0.02182899598394811,0.021866557798019985,0.020342213916632716,0.020193002614465674,0.02004176963702642,0.018056629751618484,0.022740708597745844,0.0167468226920729,0.013857192656183402,0.013039181977293523,0.011806626213830012,0.011286588468296296,0.007955411893088354,0.0069718782839575735,0.006606226155509591,0.006041089721824063,0.0056760856350164335,0.0065547352747932705,0.008094575943215932,0.017032704287247905,0.016180361476660018,0.016964870271178205,0.016026327061476078,0.01960644653766206,0.020976207327701717,0.021059752228982268,0.02035482942770975,0.01801193977830467,0.018953447127869335,0.02023230091408787,0.018338079144332307,0.01689886931372931,0.014938605568747682,0.012494229580780235,0.012720852995982216,0.010537984087938736,0.008480430465533751,0.007383759388588795,0.007038747958757668,0.006583130266732036,0.006685887728207208,0.007361654414112795,0.009522847933018108,0.018328494743392182,0.0218514995239419,0.022656242327296346,0.020300692337525485,0.01897196329575194,0.01899228449772905,0.021329222295395297,0.021883132085573728,0.02022962946226734,0.03204657594927179,0.023695856284776072,0.021120047521854653,0.01817740499213794,0.020901217816081723,0.01388193901356195,0.012152594098757212,0.011066301487201146,0.017662573611825157,0.01991208901031361,0.006927162017731971,0.006595936621008911,0.006436179408309883,0.0070626688287495475,0.010092789086294867,0.015320470550750991,0.02225315523673509,0.02254495791069534,0.022099628861731856,0.021199132267152917,0.02271969973430026,0.020339453517215354,0.02028820460520953,0.01961947056925855,0.02461440846555747,0.022803304909305395,0.02388178495095639,0.019960681982762397,0.015047599052135333,0.012669400681297616,0.012935205470074672,0.010405073171096693,0.010084347259499221,0.00801364093956131,0.006959950736665387,0.006526016179296636,0.006725481703996491,0.0077208374818686035,0.013212779209888566,0.017625484070232702,0.02301417405858441,0.025327154797837412,0.02173867695307162,0.02251628530715592,0.024431457700646843,0.026281956602384245,0.023067820604132646,0.024024842637610774,0.025542553992972537,0.02491837952413323,0.025216192245220342,0.02320171652693885,0.018506842792713914,0.01290515622366167,0.010917010683171618,0.010415538593271859,0.01030245720028702,0.007446348201829538,0.006606908078472993,0.006152218657614521,0.005672499058876466,0.006088094266607485,0.006451108951045064,0.008365098565537004,0.013600706799941688,0.01910201393995898,0.02317120668732787,0.02464086972912768,0.024894393664163916,0.023413044654194307,0.016319525967364867,0.021124084143165068,0.016212134984157394,0.015669053122021704,0.015640105637088793,0.019744007386167536,0.01592280048250528,0.013975246738876393,0.010795823462026332,0.012008985176567752,0.010319348782170062,0.008899323144331018,0.007470941167190187,0.006771216347402977,0.00608441843595298,0.006061668745728106,0.006030134294797082,0.007035126033922998,0.008287398447829733,0.010536351645523594,0.013069086289646674,0.014886029383305866,0.014336940811174533,0.012715895365055772,0.013705181006375834,0.013423556963062515,0.013762444414957182,0.01753878451202719,0.016722575117138237,0.01823951297289017,0.014649181885602857,0.012684049939727698,0.011787677301506526,0.011032013651033196,0,0,0,1,1,0
0.10498803924530098,0.08483425568759106,0.07494635521533576,0.0691113929390857,0.06290809613079397,0.08084224309093341,0.07366352793966476,0.12495682149571516,0.2929986879824557,0.40789410443892904,0.43424085919143907,0.4236364441416645,0.47193220044858375,0.533446199682968,0.49039374187218926,0.4404030020957414,0.43625090403931743,0.3937886588042856,0.3242822771832882,0.25327514550612806,0.22255107879214356,0.2261859043758908,0.25483110412772014,0.18250532524826305,0.1339180025764078,0.09920856135323725,0.08212985065994723,0.0792056811215833,0.0900394048594066,0.07809434447275414,0.08970994166550185,0.17032642898519282,0.3164365707526085,0.413358821601508,0.4476725533572168,0.471938558851533,0.5150539718787237,0.5236606953935427,0.48927929958027816,0.4658572993779634,0.4545766463785745,0.3973661762799679,0.3438169000623066,0.27826704990873863,0.24053554255729434,0.2172266521909066,0.21465279025912992,0.19742626976072764,0.1319851251034345,0.10975814633619743,0.10351552517538987,0.08668383506821183,0.07924333766335005,0.08663064186689025,0.1055890990394663,0.1646110138798577,0.27850246305290804,0.39062048183547265,0.415111995498414,0.4352030965235099,0.48596583614357824,0.5142722122851914,0.5105445586595947,0.4425166435622682,0.4160643470670864,0.39904563264832504,0.31758675334225994,0.27928408469496563,0.23913306479948204,0.23839155970889309,0.2446112005012531,0.21281423337083424,0.13843271221217154,0.1199328957511493,0.0927478798296696,0.08549315151241432,0.07760540242821981,0.08206605479373312,0.09728164487670489,0.15267727809134823,0.2929329977616604,0.39222373037276326,0.4438424296576028,0.44139249006929154,0.4550611866597218,0.5471007733929689,0.490774260058241,0.44869496822735516,0.4238475086025543,0.41550719854826906,0.3440059115062174,0.31766632903074793,0.2857417911821881,0.24420603328973509,0.23384630476529764,0.21823012316059712,0.1667787431247568,0.10741874808927694,0.08840332385317992,0.0848265088728853,0.09963796705209986,0.08638523494026147,0.095123791312302,0.1458180627725441,0.3032803354795834,0.4096138321575167,0.4545820681954019,0.4579894091661245,0.4468053968639184,0.5123454469769582,0.4822613784145271,0.4696432384442381,0.4152269636189102,0.3880848607562416,0.3423331507648692,0.2576224157279993,0.23393274534887262,0.22907735479635744,0.22689520062948793,0.1878746175566523,0.14863266069610845,0.12538639522000591,0.09538712080658832,0.08651221883432561,0.08159339284055515,0.08421037226040227,0.09888665057463314,0.10216230922997928,0.14398338813021178,0.15478228565717994,0.1624619552913473,0.16956675560330095,0.15948182826467971,0.16598500986081358,0.15135537876463911,0.15344475396343352,0.1624281427456759,0.15627585281409279,0.1468923461282454,0.16239218944171321,0.17399660294672442,0.20047990829084159,0.238229172577527,0.2285832545316242,0.17719529601023576,0.16188573482881477,0.12700137928252378,0.08349297098828777,0.07298332376025436,0.07164426086947097,0.09782812749171023,0.09000325770169697,0.12792643913000407,0.11455812473921119,0.13863975007361504,0.12263315888668422,0.1385260174028223,0.13960007108022973,0.1293245939611539,0.14395090595689355,0.14597416317360792,0.16627073351879937,0.14368640545634137,0.14840725311673644,0.15606965395425654,0.14841726788270604,0.14952249307654056,0.12339998986856103,1,1,0,0,1,0
0.1533738635171547,0.11286368824771922,0.11587367495818862,0.08814275468635475,0.08204060634566862,0.0959063995749456,0.14811866587396127,0.2941782418009267,0.4685757567280591,0.6393025551102862,0.7311823685629102,0.7224411004139959,0.742603057312775,0.8261811186739866,0.7409931127198014,0.7092696211945655,0.7106136679322894,0.734004787715363,0.6745487848052897,0.5038807788865812,0.33921348562957626,0.28319875087434404,0.2647695030035694,0.18758326469397066,0.13591518797058563,0.11615865991058588,0.09234208540969605,0.09592926387734017,0.1115721516254053,0.10069749116957441,0.13305821733184708,0.2748659676620855,0.5012543531317328,0.60820355639777,0.7481773103338375,0.7340006462218257,0.7943524245860711,0.7571873771969438,0.7483622705617841,0.8012797274024781,0.8316309067183013,0.7875495582365151,0.722606397552512,0.5293998519596492,0.33222497652257393,0.25867052580819655,0.2507436124499071,0.2342528017722503,0.17499466534038502,0.12862677150134635,0.11327675366853983,0.10500035475003339,0.10291777190805479,0.10759795694830114,0.1468005444749947,0.2638621625507475,0.47536229682674813,0.6135187132321409,0.6323002947128517,0.6520216786423972,0.6842689121587904,0.7748127666277765,0.7453345250206537,0.7632530009192079,0.7332696139270066,0.722860734875507,0.6399721742335109,0.5370521514537507,0.35569920927059817,0.29526145935484027,0.26050866745580853,0.22273768530062255,0.16238602893819953,0.15368886290651274,0.11247160274793862,0.09478722360150951,0.09164744132890648,0.10434899316881091,0.15698735829323313,0.2638915059983899,0.47645444366286205,0.6449814801521057,0.7216896807328863,0.7267790936609045,0.7254017892114701,0.8075213967822997,0.7809372740558739,0.7956899740617728,0.7969300027104569,0.8178831516641699,0.7619763501074975,0.6046756227407298,0.522351971885518,0.33794173408191874,0.269932887011002,0.22512397269547496,0.17609167301935147,0.13305844500776043,0.11009254469182432,0.10159100525885596,0.1052560936792393,0.10446954446122084,0.14915186453483664,0.2749355352995389,0.49443792533909003,0.6201092870875337,0.7018706589348845,0.7078889917246703,0.7623908644725719,0.9292338629583112,0.7950954016708833,0.823227901219571,0.7734336368834153,1.0,0.8347000992200195,0.5978514341646162,0.45302696001528264,0.31320899221131426,0.25397539206941155,0.22077655052989134,0.16094288938349993,0.12334609079607099,0.10441309802203737,0.10130343155294273,0.09868644641118858,0.10213437074834941,0.13349316556762514,0.21108884675755862,0.3236307138840376,0.36686573879093326,0.3897493949593246,0.3855620066671539,0.40496402030856343,0.4014991926531176,0.46141791938384474,0.38663846745035313,0.4261660316684936,0.4638299074110707,0.4493887787666603,0.369466731325718,0.2982753221787035,0.25240702522256775,0.28996518068366506,0.2240654307962281,0.1915376631035199,0.15718210218171816,0.13076426571782612,0.10445423746304248,0.09300974223206518,0.09548521975963377,0.11950501659562153,0.1292768120139004,0.22877619720305378,0.2222151158555704,0.281935402399745,0.34547815569547347,0.2982310530972461,0.27558315349834883,0.3009127888921301,0.34646625876809445,0.4176332640484,0.4620935013726722,0.40445562076153513,0.34463719582432495,0.26990219135150745,0.2587734245583136,0.19074993861448414,0.16383498461495152,1,1,0,0,1,0
0.13836075507569057,0.09950331739813296,0.10219952364494526,0.07805193572786309,0.07215510984190368,0.08321510821243472,0.11346957810527966,0.19196218776566384,0.29752943284422734,0.4190483450691852,0.5246624642488338,0.4752333806675075,0.4660864925680909,0.5155462447580774,0.47894432334648046,0.4972822891579341,0.4208154215509181,0.44823892263343074,0.414508858427608,0.43859502402796374,0.2501576294225277,0.22938911986953298,0.22969299282468056,0.18798174717308117,0.16717133375866525,0.11590582582356043,0.10089754772208884,0.09750893545305953,0.10180921575305618,0.08557867765750365,0.13568394168574455,0.22448332499421195,0.35770230229793054,0.3992489600080357,0.4641263750262944,0.4658213557234168,0.5827309561789512,0.574030563366064,0.5611947042535318,0.5450377220723424,0.4819438554996068,0.4443889244347717,0.42213464191649164,0.3417816995229104,0.30617840467483837,0.2366358045412524,0.31326926268145555,0.27214816736604786,0.20963922833807613,0.1664747204181418,0.13827612321979058,0.11355381072370299,0.1087824360955674,0.1086949072396612,0.13850950654393865,0.22416526815309518,0.3633425222803994,0.4222073456973012,0.45034216899864615,0.4680795061464941,0.4998269032376161,0.5295198337546844,0.48358565415743726,0.4790524646400442,0.47875762316950193,0.44552366154988143,0.42537732532922523,0.3783921042232741,0.3067373883181825,0.30754345376766007,0.24705556035927378,0.22583003407577673,0.1852967886938113,0.1809941826382351,0.11855777716486791,0.09420102794819986,0.09359824517323148,0.09325342558064419,0.1207938923302475,0.20791738510274568,0.3625825568566824,0.4703185658920604,0.5045896581584062,0.5433633269328864,0.5629584704786355,0.6141052086872126,0.5797139501805127,0.6324382445131773,0.5738469920367456,0.5213841728485307,0.4907986546426761,0.3777577671335221,0.32946406535280054,0.27430068651072925,0.2625772760184027,0.21350680955354637,0.16134137726300493,0.15999381786433292,0.12582300999172588,0.11349970897079267,0.1010733888543714,0.09939885993376696,0.12777525117132188,0.22040640389624844,0.3389620581940115,0.448459911657936,0.5212550892121787,0.5077949064347439,0.5998537130181401,0.6416245592051221,0.6416996563420776,0.7264415633424625,0.5735968188291434,0.5923329439517411,0.548098157663698,0.37388389637511094,0.2990194590765367,0.2802796823065032,0.27334800017636646,0.2520288679603469,0.18743368983083264,0.13499744840917408,0.11214174128846427,0.1044885881393496,0.09622765737119146,0.09193494653582557,0.11509779943156613,0.1680930133946149,0.2651364422888686,0.3358622710709847,0.36046752971321766,0.3814442701619251,0.4112285847171513,0.38577879706570073,0.3936695689464108,0.3644597469079266,0.38588480655272955,0.397955736615625,0.41320136318389117,0.3051952898461263,0.2875334170090138,0.2652634490788759,0.2794912755224936,0.19527308286481684,0.17379615384316083,0.1410725412954604,0.12750193479987262,0.10470302392922881,0.09629621367495042,0.10822450277828534,0.11611911158510471,0.1283114739604079,0.19602114152061295,0.25608515544692556,0.2842027046877665,0.30714513177960295,0.2748291637752519,0.23575568049516124,0.21998531124663553,0.25861416970884804,0.26560331540751103,0.2920733297204091,0.2715988695304562,0.25121823955923844,0.21111723646670832,0.21505193106267148,0.18482336069625213,0.18116025097954574,1,1,0,0,1,0
0.1345831490559416,0.12047444813353486,0.10082302674778744,0.10301229043928624,0.09711271662938034,0.0931261453141783,0.10763904902089476,0.14788449238097637,0.2157478607174456,0.26896008292710905,0.3172239455102617,0.307049905247306,0.3104064433134213,0.33845299451636696,0.340448099936693,0.3309557329596032,0.33911189429744115,0.34621297713584837,0.33553020231372815,0.3257534552592818,0.2751035000558665,0.25709759365610113,0.25558506464887637,0.25009708396149644,0.16456124681993922,0.13499328558601215,0.12917178404961893,0.11234119732396555,0.09592924553658443,0.10733674529807752,0.12429126355466832,0.18065915935995946,0.3105038012042888,0.3286143989572155,0.32477482572865823,0.33100432804440394,0.36853397549975914,0.3801797126420402,0.35192799344581155,0.3594728756641917,0.3258525245620149,0.33735270791952265,0.31621913182322264,0.2934613630949317,0.28538189253902063,0.2832489811061198,0.24459852960242415,0.22042318600915622,0.1897319920519707,0.17679447979227012,0.14024625077208344,0.1287809605683539,0.11357514210801656,0.11068727885809683,0.1261306183791141,0.16835911044457402,0.2427355579538604,0.2952083070233132,0.3077026222448087,0.32538803093062113,0.3343955145817675,0.3461436250120733,0.34792534223704263,0.31703574591996975,0.3100469694124352,0.33968946561987007,0.36879082496709464,0.31579253633619997,0.2724062570030406,0.2734284512868333,0.2657093856447471,0.20868491483740984,0.1732379828332476,0.15084943212519622,0.11840804831559835,0.1091765706152422,0.10564606334043752,0.10422914198185936,0.11910520667956538,0.17325834919978694,0.2458865894327937,0.2893629829103904,0.30234407442638417,0.3134707678506264,0.31988099227073813,0.3599637218656297,0.3694830018929284,0.368837496020968,0.3327753422349881,0.360789701515129,0.31292125270509513,0.287946972740327,0.2972834551165756,0.2570476890535046,0.24676733354640956,0.22569564473237544,0.1683258282691208,0.14467991128849794,0.13198890433185267,0.12569617829566354,0.11231349970908397,0.10596712300178178,0.12584511931050466,0.1666024376746979,0.24026237378679638,0.2791527845472185,0.291305240540348,0.33550993979049637,0.38466381311864845,0.35419641513908445,0.3645819712265214,0.38202179098199907,0.4101808786611616,0.3659105312490563,0.3378515897959453,0.3095426392970488,0.25550382711663155,0.27117944392064464,0.25531885114817165,0.22561397900792401,0.17173497501318355,0.16909151169917994,0.14408846395708727,0.11349501979287115,0.1078238156363297,0.09745220678274384,0.10905271500185398,0.14014034163714215,0.1680450680765861,0.23734767059450848,0.29395101853228145,0.2665044234402222,0.26328021265878604,0.2832445929630688,0.27462618979466896,0.2658958860251447,0.29174395620686266,0.2755383080237251,0.2762487172864236,0.32383148249508975,0.23861364376004704,0.26686343614845487,0.21614242904189063,0.2198195589408929,0.19983807518463503,0.15349137608113728,0.12246852960637046,0.10591826297648686,0.13358497081210366,0.14039167308440223,0.1416848333201685,0.11029203483154004,0.12507130947185716,0.18610526133417585,0.19028294515089553,0.2158119174839116,0.2081392393004005,0.23832662867175197,0.21539500567463818,0.22523402062105005,0.28918717008515626,0.2602402920810566,0.2709331194989702,0.28553506040024523,0.23763616807632018,0.2724258653211539,0.26257617623036444,0.24675603323152331,1,1,0,0,0,1
0.18234984459620832,0.15289917013047868,0.13139519629342286,0.10950031161360645,0.10505309842858924,0.0958298709293599,0.11130723566271976,0.1941523642569642,0.25341055320505745,0.27123786191461485,0.27771109800654603,0.28244139667473755,0.3151733235958668,0.30208737083755094,0.2999287032193455,0.31837322763372966,0.31875202904188277,0.35434310182591067,0.38160050969750114,0.3316454999910825,0.2867610708285603,0.30176482887953976,0.318715651250122,0.23840744252224327,0.21392762908687266,0.1655178338440117,0.13624181967281504,0.1233293821659581,0.1499434917526793,0.12402524443039042,0.12013536827857037,0.1595357524295804,0.268187798015469,0.2915578191782836,0.34495738489535727,0.3477326680920268,0.35642329080845925,0.44022774129093195,0.4192334478902477,0.4019672428303856,0.37412847174833025,0.3926346186501313,0.3404039608539262,0.32107133424423645,0.29466504718878733,0.2502665715471646,0.28187544552446897,0.21784364579796572,0.17731569859235047,0.17246721863226352,0.1419521482763072,0.11674565770876473,0.10931312589990357,0.10760985969332852,0.11964066421174084,0.17685534095175282,0.24625688718024383,0.286827687893639,0.3033718499653477,0.33443181504211295,0.3461017220524108,0.40142453689070806,0.33241743338563023,0.335696313674194,0.34011773393542505,0.3629413813082232,0.3536680009759273,0.35893954972571135,0.2898146617848958,0.2867100528626802,0.27293959916193683,0.22569855827335317,0.19926148017582035,0.1522494030312182,0.12545934037584403,0.11449124263634532,0.11772595245131541,0.11746434830850735,0.13660833347413087,0.18127157288115547,0.2394876969850429,0.2946623589278941,0.32242442197140675,0.328394300290956,0.39945669874403095,0.39384180406335145,0.35958738236898885,0.3808353568228755,0.37199522028191173,0.38275892747232354,0.3832706565851991,0.35649548303167555,0.31159939732643716,0.2848373232944279,0.25573176944746323,0.22547078553043173,0.20391457086120102,0.16556327169176263,0.14050200215656736,0.14556946350681702,0.1170574749079722,0.11854261015557266,0.12658464107037354,0.18460522777972796,0.24204653716889885,0.2711652347984973,0.2954257910336264,0.31269503879393135,0.3255215791596194,0.35619721556004286,0.344494366268771,0.3566888327782493,0.3444183003126744,0.3633779210503766,0.36442808949909783,0.3022035190757439,0.27542723798581836,0.24195364765419633,0.24855502085362494,0.2550502788512644,0.1861853921798182,0.1562202156025368,0.13409783767519465,0.11725437116924767,0.11025858666620417,0.11253645080015624,0.11788657585277289,0.14554272974550972,0.16911999950784268,0.21648889558752513,0.2858084912537898,0.31007368055116463,0.3447822452566687,0.35424812888779966,0.3631721473131,0.3508537700274828,0.3679411374998413,0.37101843367751897,0.3802049201858792,0.33597254103077206,0.26343212073363914,0.2744331333480098,0.2577007863341843,0.24098842842769921,0.19599202045677042,0.17917067110664003,0.15453048326290345,0.12500364416444987,0.114355891422599,0.11201137939478005,0.1097278864410862,0.12871963631835276,0.14258263438817612,0.185311249830276,0.206367223543218,0.2344105608787304,0.23482787848126122,0.26786104698985763,0.24301656697990723,0.25274728379574923,0.26496868521120476,0.3194774984255016,0.31596562880262885,0.3053996455071725,0.2606529330045857,0.2398791004683302,0.2460486382031963,0.21810277601398104,1,1,0,0,0,0
0.2926950417144486,0.15142167468971937,0.12662114671881278,0.10741900569894182,0.1009973626640923,0.09569461926413826,0.1107794745451,0.1665124832168332,0.24448575900131816,0.26851768063034753,0.2762728254587018,0.3124850210296176,0.3107707938630913,0.2965725803120549,0.27470047973168743,0.2960308000648089,0.3007558281912059,0.3188432035901272,0.33308853118258264,0.2990880358358361,0.28844574346935675,0.28047924982821437,0.29557314573660975,0.22771547594308764,0.1873825202182073,0.15523565443427093,0.12185402377500015,0.11176563508705631,0.12297212345543465,0.10612717215140191,0.11088308212043864,0.15468124465022953,0.25511460912200784,0.2705091017293926,0.3039161387741476,0.32888318129577104,0.32149099519241153,0.380243127779139,0.3453840752607544,0.3429355524083725,0.33757313012400375,0.36456202822613454,0.3743559897784826,0.28694622999567465,0.2596265157644829,0.22018506085109257,0.24675754017925378,0.22118695658664167,0.19648553140329056,0.19352659123309388,0.15576185429233888,0.11768302613255974,0.10601176732312213,0.10637207984534211,0.12044791629121454,0.15990155494731553,0.24847123684992725,0.2756286561503545,0.2880002310488195,0.2909462227424432,0.3151175312784033,0.34014777409103925,0.3310403678436274,0.3055889654827945,0.3098062522651278,0.3310759649871647,0.3489902204749235,0.3383442955104779,0.32998732184747787,0.2522329505552527,0.23480203299859184,0.22588698495919837,0.17883011137486618,0.14598179923556437,0.13050182119094605,0.12528362507688307,0.11885604904913351,0.10910206596208988,0.12345523425517001,0.16269178021523972,0.23124545663146084,0.27745356716719494,0.30014333953207883,0.31804631982834236,0.34119832436991604,0.34578465706630745,0.35448287633192854,0.33362548970601186,0.314467370755256,0.3289327346081031,0.35992421931381635,0.32845013342710805,0.27759660539317116,0.27076740330653437,0.26528717948524355,0.23533999085981935,0.2241435017323677,0.18531938743616652,0.1552772612913307,0.1544198235902618,0.1315843593360005,0.13134977760502695,0.1336178011610179,0.17586253778961947,0.2488072235028625,0.2834345755761002,0.28167095204510284,0.3251208130594446,0.30167638786366907,0.36016837290831283,0.35589498948165726,0.3508368730757461,0.3184905647892158,0.3494450001957529,0.3376987001665244,0.2878043372581181,0.26051402821358693,0.23050514767063185,0.21911520986760233,0.2310984581570114,0.18348784573858315,0.16796430695190515,0.14922568378116674,0.13204182601788114,0.10043353075780942,0.10147041235332104,0.10444239606778144,0.1329736031786297,0.1696885013091309,0.2216545792408723,0.3115351450051766,0.355475468800422,0.3373305737465726,0.335803131511468,0.32730282113539366,0.3182844929952118,0.3324280661290182,0.34974585944149095,0.34656438142993834,0.29689150414244875,0.25453414384175777,0.2223518041560141,0.21570923992644747,0.2018668932066385,0.2145214485272336,0.17609959025130956,0.14136442895488716,0.11483572464756175,0.0950723775272576,0.09386948954622605,0.09368797151564233,0.10673338239476891,0.11994757008998148,0.14838184169498245,0.1700057683858088,0.2013269539711427,0.19374552867244252,0.20024705552449204,0.19436220685001449,0.22364281452390655,0.25620604232727223,0.2740369812015144,0.2899966203545228,0.25969556072125294,0.24559045707167865,0.2184739859498557,0.24045957699056075,0.22432643515011763,1,1,0,0,0,0
0.3156311220922706,0.14011364901878517,0.12143274841473971,0.1066394541498228,0.09553655888177913,0.09470449493489234,0.10365860636811755,0.13899906328414058,0.18617790251950783,0.21547077135837855,0.22492303294952704,0.28639117382971857,0.26303309212133974,0.26916353308958074,0.2471299814819948,0.26213791065777103,0.24967303290069667,0.27386213599529885,0.2763520669437436,0.25467398932054225,0.2836489836562356,0.24562774766236223,0.251538625102072,0.2407014082480074,0.1637395342354103,0.14327562273861671,0.11265006125643963,0.09745368381567952,0.09752181365717319,0.10142089264353098,0.10574223526944933,0.15838138725674092,0.2203949986677424,0.21435582461504524,0.23179021062156271,0.2620453630691228,0.24941794076529566,0.2822427715250604,0.26138638819908805,0.2541551147951792,0.25922027286207594,0.2921728539165421,0.34979112994797273,0.23731436712185944,0.22309866940121983,0.21574037310320032,0.213917908805304,0.22829377143248167,0.20483509060870722,0.19481861622261273,0.15276767802589158,0.11244345049697754,0.09725087739630611,0.09982351751004055,0.11478750948559541,0.13802101781836318,0.22412858755669915,0.2281918699396597,0.24102759867362142,0.24283857509462473,0.24727834694663467,0.25390063652833267,0.2989577643254899,0.26496517697254857,0.2571953818876272,0.2891765628367573,0.318667240534245,0.30521055378942014,0.33744848003172767,0.24611427992271234,0.23291888284149617,0.23650496500593807,0.1595930322979736,0.1503228232578061,0.13064960515832774,0.12351186623868725,0.11098396755808485,0.09799859314097088,0.10466234034348426,0.14574671951580678,0.2039011917241046,0.21565672594791077,0.20631296799701865,0.21925374473599568,0.2311898535993042,0.24084567066553636,0.30243891910245524,0.2640202625796962,0.2526329178997361,0.2473284174554265,0.29423917039117625,0.28124030423195184,0.26216512016353377,0.27841951489694267,0.27816076941162315,0.24138548687189096,0.22239326395338613,0.18608768485467853,0.15877844998233942,0.14392637971584568,0.13157868787994356,0.13084314996165947,0.1337656963915395,0.17120706106495745,0.2182789833675471,0.23569718445395116,0.21191873172966605,0.2609763463519516,0.239507766018937,0.2919339634048106,0.32125460480367024,0.3048817054392941,0.27386856111076413,0.28072146735908177,0.26244117009373535,0.25517443881113844,0.25086829994750526,0.22640618333642948,0.20431607122413237,0.2354195169416086,0.1884727016106747,0.1729269376108439,0.1483598605668461,0.1310491645613389,0.09171151458450097,0.0864680428572414,0.08973137359384276,0.11009261173834041,0.1400250161563503,0.1894406615529896,0.2537987317899703,0.27219291130938383,0.2513749087082768,0.25900294509180116,0.25519491551100615,0.25641632390424757,0.2810690333679787,0.2878713286296226,0.27284930215787023,0.2524891985040185,0.2403525722150786,0.20312003762560052,0.19474628205562816,0.18535663129158603,0.21800237021177774,0.14955892544345123,0.11400860333037321,0.10067680024891684,0.08389346692101564,0.07877130176846295,0.07370476112525699,0.081089420298697,0.10053136299169727,0.11978494653557922,0.15201925560420687,0.17037758442736778,0.1740929554159059,0.14924969854968173,0.15280531080219842,0.17509142167544964,0.21439376550166925,0.18853978326309645,0.23069011524598393,0.20345828477638045,0.22685805289460043,0.20574376784690307,0.22467920542653327,0.21813782211229413,1,1,0,0,0,0
0.1052094726021037,0.09129771451633538,0.0874386392338191,0.07687685801015971,0.07229937427793041,0.073716084877791,0.075410723136809,0.11015551893223569,0.1477084939571249,0.16899288908772736,0.16015156080216383,0.15909933671340917,0.18933506659611837,0.21817890972863832,0.2025502255201719,0.18739703334746038,0.18382981181015287,0.20832999059962504,0.2054032642130902,0.1862231040725555,0.2061938598870539,0.19955142582073623,0.19395045576154826,0.24177286458780098,0.14463917544865096,0.12141354315245749,0.10055944317542197,0.09241357240403163,0.09024067476800546,0.10823872758950225,0.09537969944588101,0.1381676148191002,0.16474910386190073,0.1572474653703685,0.16841636248129793,0.18237221797572584,0.18791848114786663,0.2015262133132661,0.2090535285028519,0.18322657301458098,0.1755919724056966,0.19101279795501583,0.17980000099811566,0.18240702725375008,0.18682083528051546,0.182771175912886,0.17474019156215437,0.1853559422627334,0.13001270759039726,0.11234886953538785,0.09720098296480113,0.08976278057770874,0.0827658668586649,0.08208754376558372,0.09334816499672371,0.12247660971805095,0.16666406486595983,0.15776756059136157,0.1797328827362388,0.1974505240577148,0.17644274959107215,0.1950177843765271,0.20059896908884506,0.20904984467961324,0.1709878220990227,0.19124015634559957,0.19565246159165595,0.21958278210366997,0.21172840089899594,0.22742422397364542,0.22648899833765992,0.20113148558835167,0.12347030971865008,0.13431625721097246,0.11726121287954003,0.10004451382805472,0.09160043203876081,0.08990968744287547,0.09172059896219602,0.12385344754849187,0.17349591481503057,0.18127583962693655,0.16428479149836187,0.16372326199682716,0.18092930054774187,0.19571263033079034,0.20256510464090535,0.18931495124558048,0.1850021066591451,0.17532675565360126,0.1805309990174698,0.21836205370336367,0.2302833616976811,0.23283009516118489,0.21756416582034704,0.1825870203463738,0.13561682362337013,0.1271442522068184,0.12041002084039885,0.0924269893909151,0.08376931174999831,0.08904760026788254,0.10070208388599429,0.14434903553414227,0.16454601856231948,0.16123714796393818,0.18300731073707355,0.16376670139371763,0.18645398283534625,0.17401812175854214,0.18811397051905518,0.2001955454046226,0.20088609324391093,0.19699982721800371,0.17867063100810976,0.18596735847238333,0.20404903270215494,0.17384507669364582,0.17874406273460372,0.21618972943820766,0.16020195134492068,0.13162614562913055,0.09755010030483717,0.0956871304517454,0.08835103253275821,0.0785561584066204,0.07698623323106583,0.08424815828814448,0.10674144948216491,0.12791986299532876,0.1421580646915029,0.14950272302091955,0.16392077959297663,0.15777887341601257,0.17690989142715563,0.19071023651101496,0.22841160207636985,0.22353431961912876,0.21014446867386735,0.21391667874768683,0.2004560503496091,0.16512137661753806,0.17188460973143976,0.1648622554949537,0.1498830199782242,0.10759747418923075,0.08172826837941818,0.0827620770054949,0.07872934654940349,0.07309494909584836,0.06799902706618216,0.0662562823817419,0.08416157288384213,0.10604705034636223,0.158752400167174,0.16570945453857197,0.1794221375258938,0.1298117097787412,0.12980361344746255,0.14752166000351918,0.14962332672014864,0.17109016170321462,0.16691237408854587,0.17783518067468418,0.19242717006029864,0.16636089516822267,0.16499475952586773,0.15427033700737275,1,1,0,0,0,0
0.07730765542569112,0.06588125285603007,0.05777079395328964,0.049626228539973116,0.044874905405355645,0.04400551352424279,0.05414063961511409,0.08969666564849887,0.15098136912966523,0.16369337947661194,0.15546188212560125,0.11957491354563464,0.15235556453917365,0.1706034199287146,0.15342498443341648,0.13039441871022228,0.13927711898260864,0.13877367228640758,0.14909695623320995,0.12051681954002326,0.12387139533918778,0.12609132192844547,0.11071136660476295,0.12478862132106328,0.07537945140638033,0.07120679857187583,0.06504098709124882,0.06053368147592722,0.05527821576779384,0.05413120871350674,0.06290209243526793,0.1024473150132105,0.14356500940047096,0.15200908209993955,0.14945092315487307,0.14429096162425126,0.1345219572514658,0.1741242963114325,0.1446705165032112,0.13002637908883657,0.13217621064655383,0.14411128169615584,0.156062225085633,0.1621623970862633,0.1298304591077637,0.11055962690525019,0.11972486032940977,0.124945810696204,0.08407891462160569,0.06686649281867815,0.06450488189702226,0.06297916884183626,0.05159255737270017,0.05246693856295,0.06063604691584572,0.09413203162736433,0.14303236181505885,0.12907882747283517,0.12497847978686927,0.1285110463603907,0.14862676494667365,0.1876514999799205,0.14076820848041496,0.13459595806087402,0.12704410732331578,0.12248464444633689,0.13955007268690472,0.16031244246379625,0.1746055529394855,0.15873562024680826,0.13593550441896643,0.11873256939281349,0.08794914697489238,0.07998588738134324,0.07091894131356015,0.06477933760430278,0.06547154327071031,0.06845484059625895,0.06132077470163726,0.08813642694102014,0.14018232727179314,0.13694504498711382,0.16023385404605753,0.14564133989545963,0.13996418052726553,0.16039280493814137,0.16187404102595718,0.1472399524624844,0.1370748242254063,0.15521867137657303,0.15161913612282937,0.1648760831040566,0.1531477807689639,0.1453890718874696,0.1311971880395854,0.11469458371964353,0.09228803831909996,0.08051316538167283,0.07165372562016592,0.06100241144341229,0.05904679960854621,0.050839001618558095,0.06330857541676728,0.10360783142608126,0.13802990831796152,0.14350358560984663,0.16281089773294918,0.12862941654903132,0.13747005080352245,0.14658978380860935,0.14523852600701842,0.13402987899428992,0.13890612227459384,0.13816382420649745,0.13624506087235286,0.1408240254327116,0.13475606676563032,0.12278313041128172,0.16245271528181307,0.12482925399725533,0.10286224438951354,0.07913350883321026,0.05814238920813781,0.04842637949475394,0.054018915521769864,0.04307758299459445,0.046394014062729735,0.06347329204717704,0.07582219017293253,0.0968073698307651,0.11385122235972422,0.10616686474024717,0.10894030483203149,0.11151079774444073,0.11258265222357322,0.1347642011183792,0.11685886625183085,0.12203148797519751,0.16079586632953385,0.14075254431924905,0.13521180573611832,0.1105600889138063,0.12135174637361035,0.11101537460928602,0.11972849323421132,0.10034047104517708,0.0646752256892096,0.05478677632950311,0.04974446975524174,0.05099725516496068,0.04795287351046056,0.05731470147028994,0.06444690650495853,0.0760624842872423,0.08560697172656288,0.09909193333417925,0.1040270108781015,0.09694646992446095,0.10014093014120772,0.1679080579983703,0.12568056010678685,0.11451730766361805,0.12486338570812233,0.1445368454694111,0.1705823657636148,0.1336033885358311,0.13191690808421017,0.10994896960046102,1,1,0,0,0,0
0.22810647644102072,0.1846859235224208,0.15509234110726566,0.14221423823953652,0.12295495722677888,0.12208911168006083,0.14870181840613347,0.23501211246894876,0.2851139220387649,0.30388844788724906,0.31835375375709213,0.313615511120911,0.3371786225701538,0.3327617863146943,0.3299133798412054,0.33379656516516637,0.30486976238126906,0.32882995464955744,0.3353270891324303,0.36474927730669193,0.3259194756708267,0.34154321730257514,0.32758742023204646,0.28587945456066305,0.23547082923890664,0.21664525353125452,0.17470078714135026,0.15514694665716033,0.1390486830638228,0.139161120053827,0.16384799566214853,0.24349298378316578,0.3539473055474315,0.33837729407479533,0.30941391060519335,0.3162654959917869,0.2978413084762957,0.334948067942883,0.3494354837970411,0.32577996708057555,0.2913110988139085,0.32994633514337673,0.34170551391566095,0.3445315121182545,0.3638638120523696,0.3435600868547662,0.3342683580441178,0.29549434319015216,0.25040526875409636,0.2081924220735775,0.17117863826885535,0.15967022297490302,0.139864563539338,0.1415210513694091,0.17036382748083131,0.2592083844170328,0.34347540731023163,0.36707963931843346,0.3530261541552355,0.3856531577346633,0.34837623662414285,0.4715111307827462,0.38362286693713243,0.3895515171242941,0.3522674073141104,0.3657514865199252,0.35074545705556764,0.42035757286222725,0.43025299907791953,0.3732187760073412,0.33267157309147954,0.36423758866676675,0.3238659113668965,0.26529176302241314,0.25156194224896955,0.24247555795227327,0.21578743744230863,0.21920692392004384,0.19390544801206325,0.26649208981768135,0.3979562426604007,0.43368574185746656,0.4052974034152673,0.41903646503581393,0.38913900538730356,0.367916556463232,0.43206204735277454,0.3503638322044796,0.32352834359622995,0.36544974762757304,0.4248445599124138,0.3832971000336974,0.35781759734487106,0.39474632619003563,0.34867001136429343,0.2899774609829153,0.24231727016520016,0.21237066590044154,0.18320509155681702,0.1792010105384044,0.15676087792531326,0.15402986603736604,0.16979313677144536,0.25875382454888357,0.31817066183047144,0.3818178715181901,0.3449435739490682,0.33322826431677394,0.3785793000127527,0.3874172329748536,0.3612624253246087,0.357094065140873,0.36684961320901044,0.38933446215190565,0.3908834513380397,0.3476881723703084,0.3459946618632386,0.3200179112944645,0.32822607497656897,0.27598479782196794,0.2401908450731114,0.20271115338611642,0.17803336366730604,0.17697323648982521,0.14860118931711355,0.13782160657671966,0.15955100457641133,0.1910848586814859,0.21588687779761542,0.258050356795789,0.2974065791166419,0.2745609060261771,0.28043519306544834,0.30420582019718667,0.31065502288768043,0.3225990633094452,0.31918519359230724,0.31960934025064686,0.37256587558424453,0.34576842099816163,0.3493663922214407,0.28998613964661213,0.2768007434301648,0.2976349319058745,0.24329783510835035,0.2062753603923931,0.20053003965827776,0.15748401132311843,0.13932356899342785,0.1433199759632762,0.153176030398766,0.14649807716177934,0.17363350474977596,0.22251897497971262,0.23983797636912318,0.31014636471694845,0.29276151561752606,0.2963834450477886,0.2691816354724515,0.29738596135116835,0.3176005475870972,0.2897172326050312,0.34825724019138665,0.3438524928266392,0.37538489658590646,0.4717265765911292,0.35576139829986975,0.3032800640525176,1,1,0,0,0,0
0.29809061307684487,0.20866925287528432,0.2003525010141645,0.1550596128692595,0.13892966577665647,0.1355711472942773,0.16021118702117979,0.24814274319971347,0.2804720458010903,0.24587643506604465,0.2748627126523663,0.2207417141796188,0.24343477101027808,0.27351077790987705,0.2785280206806674,0.26646190199599495,0.28698145982845724,0.30926748418740596,0.32607449839143887,0.37924974180002274,0.4195892723286358,0.3459621503513766,0.41597829928688224,0.38456837005393457,0.281848112935534,0.21110589417110737,0.18934189937753185,0.16951595278793058,0.15744108201423795,0.14676876315527013,0.18553065056031606,0.24212759281041396,0.2976397973620682,0.28824631025841446,0.2410839068564057,0.27505692316800023,0.2932249405599159,0.3052942350939267,0.2861815295896364,0.2686288169548378,0.25547288348551606,0.33315792796579174,0.34647435480551697,0.3493477446625072,0.3765490498419778,0.3758389205031084,0.3536546525751935,0.3089761650701234,0.28786549781083826,0.28111816531815514,0.19014668206380603,0.15666825066196258,0.149473588514969,0.1584662344320364,0.1902451097080245,0.26638424048916554,0.3179158156370201,0.3021697120269466,0.268485671150023,0.25813178840874823,0.2643762007808071,0.2770442433415595,0.2796350061075939,0.25540506669235546,0.28150657649063027,0.3139083933343064,0.3650392760185099,0.4175889345517601,0.3919751604242365,0.40431070200793523,0.33211353922706144,0.3741649995382147,0.30226049335736116,0.2065348513685969,0.2055437742408718,0.18880783639350085,0.17060824162903276,0.1582771885658819,0.1729207147829367,0.23620893855434033,0.2921691515690296,0.34681374804546355,0.2604610905481625,0.266407604003938,0.27640454070642023,0.28450348983133034,0.29346179912591336,0.25484228739788717,0.2797490893432627,0.27554852756844433,0.3226771490078473,0.35284143485280284,0.34026643752862384,0.35349761401682733,0.39032564117021884,0.3644137467223723,0.26474918952136056,0.281071736583078,0.22888134866855936,0.1778364454327259,0.1568335620207614,0.15704982025499878,0.17187908666108348,0.25424954994092286,0.3112717710670971,0.28768991764249613,0.2893561010949074,0.27430120279528925,0.30742480049426546,0.26630452355401646,0.3154331541824083,0.26110490573198025,0.27249579290331716,0.2958679329554771,0.3289060172622315,0.37183150299716156,0.40664420196199835,0.3417327216971949,0.35563104236757304,0.3147153484742235,0.27707818606032714,0.25237924336354134,0.2062756787013912,0.1813845872163002,0.17107271450282746,0.18108007478569346,0.1791318662735094,0.2454197020276906,0.21282860907211062,0.2850385119122254,0.3026488267830708,0.28643374435430324,0.3586593242501381,0.3601631194383342,0.466390603802672,0.3274077044600224,0.3191257023809016,0.3050820442692011,0.35244136985016433,0.3803461525212675,0.434632978598639,0.31025015052386207,0.3118698029720389,0.2891595372746282,0.23823650659549742,0.26172357977622035,0.20264083958073276,0.1685149616474283,0.165982558416556,0.1705248525473362,0.16423120334133195,0.1588408256472043,0.18168980479886135,0.23492860081352931,0.2851380465168653,0.2876920489218024,0.31893205744395253,0.27292382928062264,0.2702986239550762,0.33346287020344795,0.37048990774522883,0.3633566590473706,0.34727840036336255,0.3418858166868804,0.35091052776983667,0.37782335475959866,0.4385054372892716,0.38005414727366227,1,1,0,0,0,0
0.22059110570891216,0.15275547170186485,0.12603717844160797,0.11109295290831622,0.10784983263840084,0.10866443598617771,0.11447276362122019,0.14974833360870346,0.2360105575239766,0.22446040849266738,0.21479282315763754,0.1899089756738162,0.19070702646480386,0.21341358747637731,0.19942427667543552,0.1953515215969202,0.19045272204425995,0.22177052669596128,0.21460561166621142,0.2702702119553894,0.2687060618591172,0.2763337392129735,0.29575617461283255,0.27440022962439453,0.21106059819166445,0.1559651359333799,0.12615916539962077,0.10820320022808513,0.1017209247828055,0.09767676134251263,0.11191198867637456,0.16840046986237703,0.2203155063022701,0.21410313242884044,0.21736580968146038,0.23018850722881556,0.20920627413321938,0.21440267997235693,0.20593872922516873,0.19907238528966145,0.2482353244167878,0.24053040928200858,0.2400428392626985,0.26066225850504715,0.24644410356737198,0.2578183244311317,0.2722175945859455,0.24509448467253636,0.20673779551917432,0.18496247812772146,0.1429088927366273,0.11950660203217577,0.10857854987115585,0.10783776300075745,0.11967293924880971,0.15893363401678007,0.1975585005779496,0.20692827624344445,0.1943204384479973,0.19570095218122516,0.20861994391861086,0.20756360873059418,0.2224493640477277,0.20093167254985964,0.1960338053118255,0.20323567692011063,0.24586761520988298,0.2547389165405235,0.25301450156286936,0.30392833085775994,0.29234473237377423,0.2714223574383598,0.20862369946633413,0.1570249540634242,0.14889766328139717,0.12925196861493515,0.1109830510085461,0.10403872428825828,0.10151253173115762,0.1467803657826252,0.20965254190588706,0.21442614784831898,0.197163823465017,0.18933103057321818,0.19995506342459266,0.21687959712523583,0.22267223024823424,0.20692550185858313,0.20579448303993092,0.20154343238592332,0.2208149716215742,0.26082271422701214,0.2863395474583915,0.29433284704207213,0.2950123827563795,0.2568707508312192,0.20626129503338217,0.1975374453994209,0.14195747642392456,0.11781308973120791,0.10792548597847383,0.10399451132191609,0.11451808478764659,0.15610192331029815,0.21479913605659853,0.19484087822413496,0.20020333189463319,0.1941529477598368,0.23999181210491582,0.20118250753829287,0.19680216493735952,0.19805401979224788,0.18350316246664222,0.2354272539982249,0.2267800022761542,0.26869410707321784,0.2500947472484937,0.24315557985155486,0.2333796003949363,0.21973039059726104,0.20403089286669476,0.17272005958195844,0.14195061064331546,0.1228071002005902,0.12256693095685177,0.13305026434533773,0.1209488027511522,0.14626074077579745,0.15051206969948563,0.18764112867422064,0.21766095460566354,0.21078159902692328,0.23321766476079403,0.23428239453791044,0.2628725533661225,0.23591546091468482,0.2435602566230187,0.2460712499815362,0.24894297135344076,0.28160839147673283,0.26952451639448277,0.2935569553575006,0.27029494618898087,0.23746587260193835,0.21591602728384285,0.1816248356637327,0.14389278465965066,0.1326425913720698,0.11874600003396922,0.12401117910389545,0.11687416828746841,0.12364797289649035,0.14074091912867362,0.16271485577613476,0.18919007884288452,0.20822641323045957,0.19860107546440267,0.18518848152221629,0.1954488537198801,0.2179697547583482,0.25099310765258315,0.21084288942288257,0.2176990965543566,0.2421764884384381,0.2502199624063226,0.26460126117265365,0.28208944758875115,0.23650063302874122,1,1,0,0,0,0
0.14593446255209727,0.10200575272628948,0.07893081256832551,0.07009833212691086,0.07050514318133855,0.0746604973335678,0.08948260685840469,0.1467909831919645,0.23073906580545422,0.19746967467857612,0.1777834384412791,0.16662088766885913,0.17298721117037807,0.18845848255026146,0.17373325166203554,0.16929835401812635,0.17194592484002186,0.20447453871250595,0.1906225850774689,0.20231704444033072,0.17819388850759943,0.18565371194550964,0.18868949062450138,0.174135228596979,0.13131971773648338,0.10929940681702668,0.083947299702178,0.0706037750327362,0.06699497245506976,0.06553246726446382,0.07867944964575453,0.1520587066094413,0.21862920759227705,0.1946070142816402,0.17305069881961363,0.17583324046338286,0.16605438179193197,0.18933153376236822,0.16997147600843135,0.162737457099396,0.18733992938227312,0.20256951273989476,0.22046550668534565,0.21264744011212114,0.17199733153610888,0.19403787228447245,0.1670319239432745,0.1523967237363016,0.1276326759694069,0.11008913887338834,0.11198407513861579,0.08091417254094567,0.07289786923663868,0.0734135912618133,0.0871350803953655,0.15222396886800585,0.19949641835267354,0.17741607173965915,0.16799814421124887,0.16008937620996863,0.17858315659884855,0.18023486506834893,0.19077871607644392,0.1671353661403577,0.18481743395101746,0.20317132958832915,0.21383014795627028,0.19036799835397414,0.16662806639283825,0.1868240702520204,0.18849927770756844,0.1598807349281797,0.1217023576424756,0.09550764698274376,0.08660089567882027,0.0759534973325645,0.06915501731252467,0.06806319049916972,0.07520409083888822,0.13681753410658476,0.21789827379429338,0.17594648905741334,0.16774184002646542,0.1633553350547829,0.17231644716012887,0.18974116563260887,0.19205029054164072,0.18432849503486376,0.18168400217038294,0.2004063079534646,0.21223756023883172,0.20038372223717407,0.19462526229158855,0.19159266320755056,0.1934791183983813,0.16433279485318905,0.145185210655197,0.11252126273975144,0.08295744659951339,0.07770107743924362,0.07273948923232189,0.06967240624197035,0.08134146726903893,0.13086692450861553,0.21208959234042296,0.1625942343275063,0.1618837945735797,0.1625021540029349,0.18270188645969687,0.19377168119694854,0.18086107598554313,0.18962146613397335,0.1810662834949313,0.21974698049673913,0.2058295895063123,0.20102765171854425,0.1824023521317864,0.16624040737614665,0.15146726061758778,0.14662943114902005,0.12219332107834299,0.10943224928152415,0.09159500430076327,0.08278849013295718,0.08011280771733872,0.08489521283831564,0.08191714583729874,0.10626181448309463,0.11720727787931681,0.1443762928611894,0.15928047499844358,0.15265623402972697,0.1581107586299836,0.15996270309632848,0.19875535855495066,0.16756660549216504,0.16599608892743264,0.16231561297197303,0.17163122401042213,0.18980601501156552,0.16920506036261013,0.19095750508963485,0.1720182121537063,0.14546607855933744,0.1392051341249069,0.11530414849556395,0.09754297250023478,0.09035736826918586,0.08346079971653052,0.07936529084397323,0.0796010597873112,0.08518463210057728,0.10077296461235595,0.1168478937009855,0.12236252669409804,0.1334730536749163,0.1347658707183783,0.1231693233451394,0.1316762598640342,0.14274329652661558,0.15892359710887802,0.14855596230260987,0.15766385411581332,0.1692414209288,0.18070897006895092,0.18351011641252568,0.18131808828001778,0.15413241432473423,1,1,0,0,0,1
0.10061511187220333,0.07657623757757845,0.04911560367541153,0.0437632532905082,0.042232549350356266,0.04617630412662862,0.0644055940245731,0.12551558886748893,0.1893998145406242,0.1453308601651383,0.12093623651640342,0.127462765299654,0.1396987443853095,0.14592622345826706,0.13305062015172248,0.13187754296629253,0.1343794491492187,0.1630454432110002,0.1490253470356482,0.13857281691623521,0.10640200332800123,0.10963018399061876,0.11384860156318466,0.09050850310249853,0.07945721293985215,0.06446239426400961,0.05209959549478611,0.04545693950319428,0.04266378586471334,0.03986295358873993,0.05052068838842491,0.12132337174766325,0.18008666701782744,0.15388478063822988,0.12006953108309247,0.12063881423858291,0.13072059363256877,0.15890917512310246,0.1282055278828812,0.1252215000440101,0.11798082233961868,0.15385098648101195,0.1700078963288443,0.12367134747833863,0.1205692426134134,0.16454704476062498,0.12132201021580505,0.09332291793460867,0.07521921583849794,0.07083272670586634,0.09248656482298462,0.05314292928821705,0.047802884157083496,0.048098716409996564,0.06165702299524579,0.13568556040567056,0.1804857626956097,0.14114015694266288,0.13146962383320224,0.12529218182862528,0.13899827482982785,0.14140287987384512,0.15377452495196528,0.1204383095382468,0.1608314619380115,0.15387330777453823,0.16377883112740316,0.1435322367315527,0.1056291395708658,0.1189287290395928,0.11802356389117626,0.0875004272069588,0.06304114888052151,0.050332659445203896,0.046706738241529856,0.044055914141381505,0.03994103819303034,0.04227118523007478,0.05269565199632664,0.12090010512532429,0.1915611184941171,0.1393712676798178,0.1215292243957363,0.12438006484879421,0.12305278656809145,0.14258930678050005,0.14844799175396564,0.146280074468129,0.13002382979461635,0.16254529700958661,0.1748608653490271,0.12139799714379916,0.09932520703780907,0.09759277642960018,0.1117272735544644,0.10444188039705267,0.09985552245545164,0.06663489481358485,0.046926012353321625,0.04610282671860366,0.043488487112098274,0.04246034133274081,0.05261417925481735,0.10693523624317186,0.17715729173440506,0.12109678527027354,0.11955992974652276,0.1326367690383735,0.11087008043915982,0.16929018438266236,0.15177911960610166,0.15681372856090994,0.15339329710522817,0.1597233507959613,0.1611572020962716,0.1316340109873392,0.12064916120233223,0.10497990378905367,0.08599557751095724,0.07161531801576196,0.0688042519457037,0.05760734314749935,0.05243605350589769,0.04962413401593985,0.04470311297263568,0.04112893463666241,0.04658242915211596,0.06523395437587437,0.08418041036715473,0.09596870493059474,0.10365182410430045,0.09646339713170309,0.10374772627468695,0.09729170499103659,0.13957305995045097,0.0961012495509224,0.08907888499486503,0.10160209954985897,0.10423442787459787,0.11334336906877364,0.10153643729972191,0.11797460194331715,0.08359570515274883,0.07143588586726436,0.07915424441999387,0.06805985641278957,0.05614011955295224,0.0481295598663357,0.04694266521654386,0.04599948826741519,0.04488198658882233,0.04531053803521553,0.05702355847681706,0.06330702684625732,0.07725125761313154,0.0798325215155625,0.08114124083149592,0.07245535156497093,0.08214269173736935,0.08697614619457845,0.0823914647383407,0.08783813523384316,0.10362177268211,0.10926767264302237,0.12316997939408283,0.1276639116299316,0.11548305781010358,0.10987016498271482,1,0,1,0,1,1
0.08393595245058584,0.05679080115210654,0.04396819047662462,0.040677757114348824,0.03892532605916472,0.04076783091253782,0.05578977363786495,0.0868242118104703,0.12288421096304854,0.10809106707983676,0.10939183699275948,0.11016098420199462,0.12147323428782644,0.13816580583098825,0.1356327565003755,0.12595772877586148,0.11018467532733704,0.119006510392451,0.10859311521217183,0.13489925224236332,0.09053209019799234,0.08957002484372756,0.1193073438263158,0.08842469054581464,0.06743349424755772,0.06091701136174011,0.04875875944737919,0.04100366700005873,0.03893776180942197,0.03920110260065373,0.0489412083110847,0.08574450798106184,0.1320207056420292,0.11974533024166728,0.12078613065759437,0.11538939332056275,0.11398261820838886,0.12868057694857896,0.1096830653646106,0.11134160510583797,0.1042719354792355,0.10690993702852652,0.12175018328681393,0.09672001732184035,0.10448032179389075,0.12252398521275253,0.10190295184295134,0.08779895024591512,0.06497569308791504,0.058390747694180345,0.06105020608678061,0.04636317845840748,0.044969367092569164,0.04400641340654981,0.05282875365537079,0.09355626663487522,0.12349215821692272,0.10867361963446175,0.10526405074841033,0.10563536385262821,0.10620405248034338,0.1339958777555851,0.12473813625599303,0.11875346689239956,0.13470281891685884,0.11221107473235863,0.11674682261059946,0.10557201082670427,0.09475388731001834,0.1008981839608825,0.09876128613602915,0.07625306219079164,0.06130348973141172,0.05121615866573208,0.04468259701585248,0.048432097629334946,0.040672608749106734,0.03935724508821278,0.048702256471615586,0.08268298211562093,0.12135731792970339,0.10187709312795024,0.1073221215755825,0.10450147273908376,0.11825147996259197,0.12771901217020307,0.12768380699827997,0.11708031227649927,0.11486870339251473,0.1276061276339732,0.13241291045271536,0.10086525171762654,0.09331940366520465,0.09074147167279692,0.08934829064119278,0.08805861723686777,0.07121421853107576,0.054683958058098385,0.04946247228616813,0.04637765040125985,0.04258766463671081,0.041898873382288634,0.04957850182915977,0.07927380951545562,0.11178099733126035,0.09166766617935704,0.10312713435203934,0.11066345214072275,0.11221930130560263,0.1429514424881869,0.1302589229374646,0.11932354953963607,0.11953587325858409,0.11935223517463349,0.12168470283213195,0.10827980132241727,0.09804717983372514,0.10837613953924799,0.094975988563184,0.07941794877574661,0.0685318807102157,0.072963794433491,0.052990510063400185,0.0488090658643123,0.0423997304067959,0.04291935759306586,0.04452576426794509,0.05896459240258131,0.07598792272340324,0.07823264760804596,0.08820154740254839,0.08766660696403186,0.09259746680417766,0.09212718558081123,0.09865366437877739,0.08827425225903664,0.0834078443861502,0.08979605735275206,0.09194283585276479,0.09288001519475256,0.09268936927227855,0.09828276129367584,0.09177060408706478,0.11602547755984283,0.07346743550890356,0.0677741617481241,0.05783180480758782,0.04597367431788979,0.04540033426215112,0.04107871558850137,0.04373416355373669,0.0442581190488105,0.05219923953385458,0.06688205543362537,0.07790264951450056,0.07769325640732754,0.07390116089545894,0.06810852434705636,0.0718369934635156,0.08147722847014847,0.08025742742140125,0.07939363044767844,0.08255857310013162,0.08161698894465566,0.09116373463940915,0.0961526519142695,0.11023989318502343,0.10364138511136087,1,0,1,0,0,0
0.052623139074539894,0.034936586794093075,0.02991514367528711,0.028021341608871993,0.02665215604006434,0.027931315561736003,0.03770817965675576,0.055711099988681755,0.07590113317603824,0.07066922945912309,0.07722627863904657,0.07522159468847449,0.08388043917562071,0.09671265270418336,0.09661510295065358,0.09235369722397287,0.09607817618697254,0.07983797629828655,0.06908326142895568,0.0931677323704141,0.06097728005371289,0.059423959805233004,0.08213435223588084,0.061298336549805765,0.044404329782611836,0.04149383182880417,0.03379854110263722,0.02822102110907685,0.026946740994286577,0.027773421316806254,0.03521440574344854,0.055903954718417706,0.08454751468947137,0.0830343983887979,0.08979886385270153,0.08277145632556265,0.0779719119410136,0.08700540470327489,0.07838287758443585,0.08141379420409853,0.07430374594744694,0.06857658105799534,0.07611615234461816,0.06353195055970146,0.07190044727248616,0.07827709939700589,0.06880991251706343,0.06325252093214012,0.044869013055356025,0.037452967006450046,0.03481106580157202,0.0310391284239536,0.030660202230382648,0.02994267293761246,0.03720033916886339,0.06073413441857724,0.07658925128936647,0.0726861078412537,0.070593505149102,0.08018985674691968,0.07127918460827629,0.09747888197418768,0.08325992648831804,0.08533141387213983,0.09084471422185925,0.07374608303153757,0.07810141275829464,0.06841051099713774,0.06574178069560045,0.0697524211487849,0.06769029328364412,0.05287278560172135,0.043688465345433254,0.03659495649096315,0.03140647909204983,0.035138461548108534,0.02916986531124283,0.027646406869014064,0.03427870427156157,0.05190852645194973,0.07332368909476145,0.0671751644184419,0.07648889109165083,0.07433348440737746,0.08522214607565813,0.08910081573017951,0.08541543008850103,0.07922528684244107,0.07975237117609209,0.08298527500924378,0.0846581857876876,0.06831273944737393,0.06449051241552423,0.07530394039226707,0.05783257182793302,0.056882125407950096,0.04320061971523554,0.035359692765281364,0.03543542133780526,0.03201244552375545,0.029671172703917982,0.02958473538182891,0.03482559927596159,0.05306091373170332,0.0739651522558823,0.06406900474614878,0.07217777496194692,0.07632750268857483,0.08220862003530129,0.09904123604371047,0.09394560625616381,0.08257878361838399,0.08363120833916056,0.07724916514419122,0.08211584804024298,0.07255796669986204,0.06497843015786371,0.07504951020548407,0.0684279465024821,0.05938814359969169,0.04816939503151637,0.05305351284824348,0.03697631736705885,0.03397506999923545,0.02929766143643139,0.030247325444023282,0.030826311424332592,0.03943610591958783,0.05243032862132543,0.05585275413394438,0.06479239486186353,0.06651502956571326,0.07036583501484289,0.06865810454333983,0.06294827202868838,0.06464770095268751,0.06549886506732401,0.06681758221854715,0.0661852332087902,0.06651877036941188,0.06805849314997947,0.0644291385082192,0.06618004184622066,0.0903304939071215,0.05987816074879689,0.04892830164443011,0.04205507852280559,0.03233392652518352,0.03178106931240002,0.02857666980488891,0.03132615327538043,0.032343871458586984,0.03699659492993943,0.048909745046334274,0.05641260610729576,0.05508676234708636,0.055291448528517646,0.04961320151551323,0.05049979572242216,0.05830715770050391,0.06064200475386246,0.062260578345368724,0.05677158845525958,0.057727903938966235,0.05893773465861603,0.06353126269172366,0.08623579921066053,0.07162158322300656,1,0,1,0,1,0
0.009062825907350271,0.009930680663486643,0.008171831418092034,0.007572435253434004,0.007198864537122444,0.00869119085983315,0.012311241633386052,0.022153961368731573,0.0316961770754227,0.025780000438198156,0.026147399755784107,0.02622281349500959,0.0272775910726176,0.02631233712740928,0.024707823322167175,0.03110292070087721,0.06152324188364564,0.030798784399384015,0.02553408522024364,0.02150344469196363,0.017704894858225517,0.01731274481524754,0.015303185550446267,0.014573768813310175,0.011086333746778273,0.009443022218478533,0.008962528092044758,0.007928916734909731,0.007387279542019629,0.007893624368643543,0.01100007764216558,0.02344582231251453,0.025041243434460052,0.02778009322413065,0.026459175026937766,0.026045838532761108,0.02540857217645995,0.02929526132040838,0.029845599819146536,0.03118905511405684,0.026748863272348652,0.026387909172045587,0.023174307071742346,0.021108368877369665,0.023464545346721447,0.023425162205682262,0.02065627318683822,0.01976174618686648,0.013787142268335844,0.008913910833163317,0.008567120179381594,0.007986374510445773,0.007578894267864612,0.008131624013597093,0.013935312738105431,0.02653385215253229,0.02705461195878391,0.026771714313325583,0.023796504510101346,0.036580764489583216,0.025968073196487248,0.0329917109055042,0.025917671963172264,0.025348070250012403,0.034014484178424585,0.028956365557796987,0.03223589952015695,0.024007246793567378,0.024062137249866153,0.022560772156142207,0.020852325565571452,0.016454130352087624,0.018196318273719005,0.01788164635492714,0.008632330442587386,0.008537189171504023,0.008029841097625093,0.00820146420035679,0.01141508949880845,0.020648419015770882,0.03082078092974646,0.02708654002069489,0.028460388583091908,0.029582337020186117,0.02895665285375589,0.027665558816148485,0.023717960628950745,0.02741938260470856,0.028877429113377883,0.02675701109299095,0.027788324510560267,0.02421290800850852,0.01846664019394816,0.03934985892202672,0.016220045441202216,0.013049534464328416,0.011392008684751017,0.009265787658606982,0.009090252743118829,0.007304430581270267,0.007623173585507006,0.008601051059513948,0.013229550445105015,0.023532972365274917,0.03879998473365677,0.031144170019606655,0.026893606672630247,0.028979759235409363,0.030797803508196296,0.03812142601731342,0.03797965047217666,0.03593483682495496,0.037966435361624064,0.02825229504370202,0.03340316533808564,0.02530817488221142,0.02121782075697208,0.01642395567210477,0.016284460146976223,0.01712774075415828,0.013424730613810698,0.009675386736037534,0.008637651723602433,0.00827013398979093,0.007257846338697665,0.0071105946491056725,0.007853471798839742,0.009865576257014683,0.01705815543935038,0.025994083927111507,0.0320623511749351,0.033366266961986434,0.03577716297716647,0.03102960917955335,0.023550131237220644,0.027260449800035547,0.029990698375546836,0.027461370001110433,0.024201744139018055,0.030462611362799038,0.026956742431374314,0.018959330089583108,0.0157379024255728,0.017862524774575596,0.0296248474631222,0.014411021924380799,0.011978837208718148,0.009189883784821183,0.008302835654044785,0.00864689801659395,0.008990730250538237,0.010695336137248653,0.011906632940179235,0.01425531591617405,0.017705366841654486,0.017014238295852583,0.022931544823188703,0.01778068088830499,0.018060379161067664,0.019298081910299983,0.023032999080699904,0.030613109819088706,0.022728405984133004,0.02943649374111221,0.020553367375125645,0.021957458886069255,0.03551100318136986,0.017280002668764113,0,0,1,0,1,0
0.009309363180764037,0.011038305221052341,0.008231469694889106,0.007724780693861795,0.007499633535917684,0.009278707501249941,0.012634078341598354,0.020269800247379163,0.03043895643064324,0.026483803359117538,0.027470683640724285,0.029174346591696505,0.028317167994221064,0.028010735911471338,0.02606557638018851,0.02846774973289554,0.04391761055354364,0.026740148788024366,0.028169056468420883,0.021135709697798367,0.017780111802452595,0.017093412942667446,0.01559755078170441,0.014450574736219208,0.009903275635529464,0.008625632004538315,0.008265063664980163,0.0073156805181967405,0.006705360356616778,0.0076916556936829986,0.010183514900331666,0.022356447142231416,0.021557888297609663,0.023708451100942003,0.02307668868828414,0.026405718578799704,0.027176200792485776,0.028422055396805257,0.028236791700346826,0.027421511391284414,0.025120283995030853,0.025948471186104802,0.02313289322855701,0.02141292034900499,0.021837508719237574,0.019690696979788418,0.018749075882545645,0.01594159787493949,0.011893028970624896,0.008864921798966065,0.00832289853554036,0.00795263274130286,0.007863844852938385,0.008587929980637435,0.012887558577778032,0.025432970744595808,0.026963815226006195,0.02797660543029113,0.025643399115281754,0.03078322912866876,0.02545824231513374,0.030811292511546136,0.0271838225797019,0.02545411163673368,0.040901532314438174,0.030008090909208484,0.029734431389935857,0.023532441451267747,0.026943488756726704,0.019977604973488407,0.017929634360264717,0.01515759574565872,0.023002965778631278,0.025400262457212303,0.008552689331215998,0.008295099147111889,0.007922490527517218,0.00831144704060796,0.012231192626147552,0.020282772887324867,0.029797763860723324,0.028238954520981185,0.029001633328980262,0.028809520908918092,0.02993041288510899,0.027111997455641242,0.024919496169204438,0.026414983022046333,0.031618535769281024,0.0286096104427093,0.029490411984276297,0.025222198718645977,0.01921713174474848,0.02762929756566045,0.015684496469818423,0.012891537608832946,0.011511276596235078,0.009686873317868884,0.008794712776419857,0.007717969696460202,0.008018569641945467,0.009304919604335264,0.016111334839970133,0.02341401959516968,0.034108441778596295,0.03266956674848993,0.02717754121092243,0.029521221528597368,0.031933451123499115,0.03660681219746517,0.033924433019114214,0.03387200078578348,0.036452793537146436,0.030034285296714484,0.03212364416441576,0.026987193277316312,0.020954117941224114,0.01617422728558382,0.014933854146586226,0.01525473508129808,0.013578997691394574,0.009247812853599572,0.008197584493876402,0.007748369134955567,0.0069176429842943135,0.0071868442740436606,0.007701053575427892,0.010123958133914476,0.01744317264454095,0.025778444319499702,0.033045169097464695,0.034475686144788416,0.0356684461865913,0.03214550683150247,0.022665044312422368,0.02894169143113426,0.025934635183220082,0.024299175185826697,0.02231246791574544,0.029643419587602318,0.024175407990823582,0.01889197766497964,0.013837672857512813,0.016419109283403416,0.021074103154306818,0.012202829917301079,0.010673100550170678,0.008842485166809803,0.007927286003581427,0.007995745275633601,0.008127376052328588,0.009782935470623963,0.011290019351863377,0.013960855355620697,0.01767271792927084,0.018791530127087175,0.02093537715299985,0.01725592631732697,0.017239486758511818,0.01804345602935282,0.020050934008352086,0.026717808529733645,0.021999920636360207,0.02731055117962863,0.020112440494225496,0.019435876724888262,0.025390739089145253,0.015622493148153184,0,0,0,1,1,1
0.009542595351812134,0.012044650059302232,0.008291459457948883,0.007868493361671232,0.0077744928030726804,0.009824011169504007,0.012935535681062397,0.01858622631220094,0.029307956948378042,0.027121224728944304,0.028663757914684385,0.031855492766955575,0.029276114182508434,0.02957503514948818,0.027318966741220467,0.026092252244719446,0.027977918372632648,0.023066063148176066,0.030547711623893036,0.020797544121241712,0.017850468509962157,0.0169015600980497,0.015867090140979877,0.01434868935218732,0.008830482260083606,0.007879681293392421,0.007625260592817767,0.006752727955642788,0.006082686705953508,0.007504516245131709,0.009436650065935701,0.021359713788681987,0.018401516746527714,0.020049911242826533,0.020034189476472196,0.02674074775370156,0.02876329918019395,0.027631382932663973,0.02677965447578751,0.023994056080958153,0.023654772384046816,0.02555212893264725,0.02309440232359481,0.02168719222176494,0.02036494802763055,0.01631904957737638,0.01702737483668871,0.012493898648984644,0.010182370124606785,0.008826081652984112,0.008109274714587143,0.007929046208500448,0.008129409495702391,0.009012616565178232,0.011939776485064285,0.024440818413982757,0.026892711326265223,0.02907698386900952,0.027307467892737573,0.025542196672723384,0.025007261852792805,0.02885102835043073,0.02833195747689431,0.025564021182276124,0.04712896795663257,0.03096870613656496,0.02746510570497081,0.023108016403485674,0.029540466881335173,0.01763400537991009,0.015276086255260219,0.013977175557604946,0.027340503190347643,0.03218933804864798,0.00847868490555475,0.00807555407811489,0.00782510780302414,0.008414387172447848,0.012974164285049166,0.01995427354317808,0.02888345191149429,0.02928646684308438,0.029488406691262303,0.028100731417125272,0.03081724008781793,0.02661604550549882,0.02599767399128795,0.025505887761078053,0.03409222718228738,0.030282050572894858,0.031023180677309532,0.026117275454947065,0.019892537386272294,0.017013455800359352,0.015204366410174456,0.012756399530695559,0.011624381506356692,0.010072639934401122,0.008534794608521388,0.008097934488608832,0.008381740721559318,0.009949317960183503,0.018719186230523616,0.023313027625585767,0.02986562824581528,0.03405848210818795,0.027450835096091506,0.0300145541859596,0.032961986240050964,0.03525048130919111,0.03026074766221401,0.031996995556855264,0.03507515285710303,0.03166125608506211,0.03096046442736565,0.02852994305200734,0.02073644103987457,0.01594845451436249,0.013720962505405514,0.013561389747803838,0.013727055371555654,0.008871430358424953,0.0078095637111238545,0.007285396501379627,0.0066141644436331195,0.00726049912303738,0.0075699454165213086,0.010359880256224507,0.017800214957068846,0.025602960250875634,0.03394519670215409,0.03550183961550394,0.035566378214182584,0.033145435759083686,0.021846789912530737,0.030458897894519946,0.022259555717926555,0.02143187140406845,0.020596652324873913,0.028895647234457218,0.021663623814732445,0.018822883808646988,0.012116974636523399,0.015114636815715699,0.0133255344861493,0.010199857341453681,0.009487276587051499,0.008525501027692752,0.007587900259001953,0.007404700470712729,0.007343981299970891,0.008955246798200171,0.010732275402086596,0.013698402416549458,0.017653293347888056,0.02039996800580367,0.019135295894836743,0.01678875944939966,0.016487154688140396,0.016908212064994727,0.0173615185985671,0.023190967337023437,0.021345892002314286,0.025385900335571962,0.019720533582123608,0.017164281922744832,0.01621803473539949,0.014126073609603728,0,0,0,1,1,0
0.009299552372291974,0.009586959605372933,0.007130103870026702,0.00688694013085883,0.006792782936206824,0.008324712771495551,0.0112086768082014,0.01669631179626151,0.02421947490924606,0.022605768162449046,0.02309403126016018,0.024938630219540736,0.024398536177430628,0.02453014910229033,0.02347674513442945,0.0223662180867859,0.02452156685386127,0.020982209171032298,0.02480270369870788,0.018013044228638073,0.015346366106662861,0.014364476096373674,0.013771531873431215,0.012844238646280546,0.008120543872502422,0.007137235863906697,0.006808352351639684,0.006081583599074137,0.005827988437872224,0.006882736712470033,0.00871440486694965,0.01785652164596231,0.018184172654513157,0.01938655140610388,0.019381034703144027,0.02377327189551511,0.02468581527074912,0.023169451455350147,0.023770769130630007,0.020940442974992445,0.020823043708642706,0.022091882391041723,0.020717866518235893,0.019198807176615464,0.017923698610168976,0.01510619952228927,0.014470973505805895,0.01178907760137406,0.009260622612129938,0.007903184459747874,0.007735749192588947,0.0071938640667738325,0.007448312089476737,0.008643045441875547,0.010832033612082482,0.02082778564300686,0.024828408349730595,0.02511969620848348,0.022826760792299106,0.022367262356583952,0.021003293050335586,0.02402813953205545,0.024266381799589228,0.02250990230474036,0.036442751217881944,0.02566161650983201,0.024752358627579872,0.02013332475883806,0.02334028706233693,0.01579540287405343,0.013645506885740207,0.012231476048907236,0.019885456306927608,0.022562112111395843,0.0074570913232631115,0.007058353125232646,0.006871229692035249,0.007701261033882004,0.01109946405792458,0.01747609444319676,0.024529203576926853,0.024846915989496513,0.024204110077663595,0.02313215669832039,0.025273068347955535,0.0228974122983157,0.022503719049444,0.02232580294572076,0.027452707478478763,0.024932410432446508,0.026627510422657097,0.02204835458161043,0.016718234363159556,0.015372999760713537,0.013884102560366294,0.011548958773093221,0.010362942556950883,0.00842782530581002,0.007445117468500623,0.006884716341969499,0.007058327588770483,0.008294442828520042,0.014746673328170446,0.019804952978145992,0.025546057198754638,0.027958114525892603,0.02337862974832612,0.02455474293639144,0.026470367541510924,0.030357985952209947,0.02742122270182888,0.026898835365837502,0.02861067152187183,0.02766099910470534,0.027080411131361275,0.024696525899624924,0.018341499296929815,0.014805366726523219,0.013351779748643674,0.012255604012566576,0.011590203976877935,0.008298522425233747,0.007181879618576252,0.006784850916878556,0.006145135416958463,0.0066666623731935345,0.007195267822700094,0.009327336625579724,0.015630008160833927,0.022261647263642395,0.030375795341949667,0.03023800058400586,0.029865603913234798,0.027401711004440187,0.019212589958138886,0.025360850486773997,0.020273049620624824,0.01890241814483834,0.019107315426591342,0.024604117158092603,0.019153714814925102,0.01621121731434553,0.01120660355526398,0.013062335604501187,0.012355534898915837,0.008997474596303717,0.008208027237014094,0.007526189119825496,0.006765265828955465,0.006801188137114259,0.006725567991276201,0.007781982579869522,0.009698852567255742,0.012257997622581921,0.016406949270631042,0.018570685850979367,0.01836744703515889,0.01569815902794678,0.015250742626832915,0.0165746643219102,0.017052610889907126,0.021006803728030366,0.01932232510193912,0.02122957581167928,0.016683891707411178,0.015509833376092344,0.015313081378170857,0.012821043252965347,1,0,0,1,0,0
0.0664817070780859,0.05217179320496642,0.042786591877691356,0.04303740464405394,0.03614549561006361,0.06922740371723467,0.03690671595492349,0.07187439511809318,0.16854471970838122,0.24970219529847262,0.2607163866670305,0.25936705633355445,0.27691070758482667,0.3198742413852852,0.27388947198011493,0.277071341232039,0.25132692210568697,0.2270165553387599,0.16308674924976235,0.13004579543142944,0.10357312399302557,0.11640047139008808,0.09466038861296804,0.08844389782282971,0.06578883852664205,0.0535244201322199,0.047277064393087875,0.050692125602357245,0.07841402941680764,0.04318033240612264,0.047247762664811156,0.10628730203612136,0.19087851136095105,0.27055614884706797,0.27337374980019546,0.2763150094095062,0.28827450203403404,0.3148073968671162,0.275906859589678,0.2567035525575485,0.2294714228551633,0.2146147513516715,0.16472631177645897,0.12049711830091744,0.10406124980819685,0.09870170030235854,0.10978668755102679,0.08955480667373414,0.06931400160795662,0.060164407965971986,0.056755911934731486,0.05404332547109612,0.046677501053180075,0.04734396674980381,0.061439076905546806,0.09913835606063653,0.16896480637416186,0.24533762666572329,0.25655639026914007,0.27510388916623296,0.28160845234836834,0.28293194804877786,0.27074366884379636,0.23023218876230025,0.22420452491377685,0.24358062965814892,0.15623141783567704,0.13515618081696953,0.10036738139829242,0.10577399558415938,0.12202359465678542,0.13062230957700838,0.0902984629270578,0.08187166485303556,0.05661602518883212,0.047398221896087764,0.04564514711958892,0.047633971724090896,0.05816293615099776,0.09654726810288337,0.18155290814008976,0.23249982021820612,0.269598598101003,0.2713316363405468,0.2718223200263261,0.3163917379563212,0.32181492123468924,0.2765135563293749,0.25580804435363763,0.2281708058477136,0.1977475984194458,0.1522570368617137,0.11345418146477695,0.1105519435619631,0.12040915604958219,0.12284643111568909,0.09951481678308594,0.05790251719044506,0.047163580501976415,0.04505919728130825,0.041608610168638295,0.051464543720916744,0.05306715926612286,0.09282873056046814,0.17052476226706276,0.2444268563141722,0.28862990286169793,0.278811228935065,0.27036172266952874,0.28804261737062853,0.2668928611008175,0.24579176109040177,0.2291301470333039,0.202656878665305,0.17372948185322734,0.1317831252638877,0.09022465438940801,0.107600395752683,0.09720634447307484,0.08438320324361819,0.08526606423709565,0.0843593582595027,0.06386290897152373,0.052797134111323626,0.03738173977274096,0.03755874400150209,0.04923209681636314,0.05951777994607507,0.1120881115373027,0.12353068812272906,0.10902120397202453,0.13404214552466925,0.10562166048797203,0.1020567936944692,0.08476796286613336,0.08838103113221367,0.08786067635661318,0.08200512856359535,0.07851515038287231,0.07733586137979963,0.07926704881894406,0.08271416848725748,0.1338217996379225,0.09361555797040987,0.09069780234237915,0.08110035516837591,0.053889342078032455,0.04218592010387568,0.03451599406448409,0.03627722559845685,0.03601569820397209,0.047449919171731525,0.06647931970885428,0.05724247452907378,0.05942254215223731,0.06314412071088554,0.06132158570702252,0.05573668835714973,0.0592634430179174,0.08924419659153206,0.08476958280433067,0.0725656720900444,0.06502457716555647,0.06550443243919747,0.08108821946219752,0.09576046905175248,0.09782514856021182,0.0656393455865533,1,1,0,0,1,0
0.11744019684513363,0.09198714943446676,0.085999950741429,0.06235772205222085,0.05540289904718902,0.0758107447774878,0.10183830617382095,0.19580828203651843,0.32051904905985895,0.39853413395518295,0.43560424290874067,0.45106670121530484,0.47020196692701677,0.5048667595995098,0.4483544752045914,0.4502369994876916,0.4381518627585365,0.4845311359728154,0.43797880301533315,0.34199508693539077,0.23588420298173,0.17519452716145895,0.13862277836872622,0.13330948332729115,0.09754497200036506,0.08820615193376423,0.07393432611437485,0.0802659430334184,0.095320540083464,0.07266637670730038,0.09283762410462872,0.2012767537158455,0.34084332279074,0.40067705913766316,0.4404245218674168,0.4275102912419039,0.47206272797295,0.46220019827206454,0.46123415729939204,0.4578166407733675,0.4591529168880441,0.457566509370178,0.4499144523464445,0.33788350297581216,0.20971897184898475,0.1796086327342902,0.1743438106935692,0.15207890613913655,0.12808550737532867,0.09164511857119798,0.08713518712385739,0.0838707853002446,0.0744336868896627,0.07377961932765902,0.10188337056990093,0.17823640024163853,0.3234011362100614,0.39701384534447015,0.40203401422061347,0.41336733069807824,0.4162344765327259,0.4796374500268696,0.4484833170324552,0.43447274255780627,0.45378321206971256,0.48339721651103534,0.4386749718806992,0.36097384988908343,0.22809596098341867,0.21032338130891834,0.18406710336369184,0.1640685786156817,0.13887905872424602,0.11921060267302547,0.08855862215010575,0.07493575813234718,0.06950946440694603,0.07547407607352588,0.11644554678466552,0.17969940100051804,0.31669084063998115,0.40402029420879954,0.43116357949473755,0.47472001467414043,0.44955197736645075,0.4821798179164787,0.5034808205911597,0.5018493506363272,0.5324407710057539,0.5510038271812795,0.5311078681297342,0.3764338743794549,0.27944161807905427,0.19931093802760486,0.16553209755001377,0.14218848499796286,0.12237932516448548,0.09232020895727112,0.07863865002004483,0.07122800879948361,0.06683741812016657,0.0764278883004172,0.10242528412189804,0.19985758559430777,0.3255949218712959,0.39671109440505176,0.43994496588528,0.4583854576711923,0.4979188462935266,0.5749184084248767,0.49366105483535555,0.5029358180663484,0.5111159453858133,0.5813803968279659,0.5333281502988422,0.4457764750328775,0.29981795509953185,0.206050211133754,0.15996575278742728,0.14467538116788806,0.12244979329071572,0.10148376904528673,0.08063227700384662,0.0724565134167912,0.0684372897880552,0.06709674331798868,0.09442138909454903,0.15732991513433553,0.24027917872868804,0.2517911827183587,0.2671795717106236,0.28571582111723737,0.2685073659046993,0.259182130454518,0.30283321258425944,0.23792042477105996,0.29844950925605207,0.31737773963879234,0.3133105217814082,0.25691623402066327,0.18613030383688492,0.14760758277997874,0.19432397328238754,0.13687462142956913,0.12274702611828195,0.1023683637292784,0.08408338602178969,0.068742894163005,0.0628100779361462,0.06705430217255882,0.07470054684152597,0.09001492725832226,0.15852951314397695,0.1452470243389487,0.17595223962120382,0.2435837854232523,0.18151508631387245,0.1726449005899176,0.19298648233788335,0.25324257734685385,0.2968116235342674,0.3054187413081916,0.29448488936172273,0.24405172659694951,0.20150928445177269,0.17498788737770138,0.14681055245758937,0.11717569808958478,1,1,0,0,1,0
0.1358007813499465,0.11175688977102047,0.09478907738765639,0.06645936754598095,0.06265033404078309,0.07255409986460785,0.1175305252169748,0.2289328323752695,0.3632902663849872,0.4294596052260802,0.4752946356048701,0.4945916851563293,0.5116085525635281,0.5030235425819272,0.47524488297975537,0.4735717229052414,0.4919018549548508,0.5713670508396124,0.5354079423565669,0.43633402046981773,0.3008598998888116,0.1907856565572238,0.17005402652566962,0.15694680091791413,0.1270494075581298,0.11000847374615674,0.09237352126407387,0.09703601048171825,0.09375745649320538,0.09036305537639248,0.1274897809693508,0.248802070400181,0.3841712649208948,0.4128304561984297,0.4701345428140495,0.4601575836063623,0.5228977499667207,0.5018111845378564,0.5238763272285061,0.5354671042814494,0.5369595572286193,0.5629557474404149,0.5274996562202092,0.4042515100332228,0.27007567799428006,0.2108065978379955,0.2021657222374772,0.1763257948110167,0.1558676946021838,0.11515347518629154,0.1108174700339768,0.10085047243787308,0.08387794485140311,0.08552789789980055,0.11862251326791873,0.21091577097412417,0.37931466013893567,0.42001236055545876,0.4350618835622318,0.44700248106168583,0.4476518558643652,0.5237854948126525,0.5044258757805662,0.4983851373889921,0.5179429386927709,0.5584268333388945,0.5606257632216978,0.441382203946338,0.28937036933954796,0.26815854402086253,0.21724682265073658,0.17709445092658233,0.16935226330729633,0.1346693055343832,0.10279745843463,0.09111557659497517,0.07969215558532136,0.08325424321833239,0.13279800192840865,0.2030169037771346,0.3540664009727617,0.4461271246548532,0.4790525304538295,0.5410038895588792,0.4982736553094408,0.5281493317168195,0.5488235560626127,0.5678958001887043,0.6296247114852619,0.6674489925735249,0.5986198002065826,0.44125518204365205,0.33179102715784126,0.23771502033528855,0.17700327978780092,0.14848751781249298,0.126392644334286,0.10600653906204752,0.09566340319096178,0.08452184619324495,0.07733430728858227,0.08570538989207357,0.11854431608397012,0.23767658482901896,0.37675992848647444,0.4335247744129407,0.45676654195820265,0.5196582269632986,0.5468357037469246,0.6374323360991163,0.5596682106106183,0.5961595869711706,0.6153914820262893,0.7046826557356566,0.6440964948268785,0.5787723857178603,0.3683981423839179,0.2463638809797883,0.19964352637516372,0.17664833489854237,0.14323231767851,0.11284826047378374,0.08857126797190423,0.08061929587684678,0.08250945916605333,0.0791373167999064,0.10967597021346027,0.19487336214206408,0.26086852713732284,0.2795521203517261,0.3339556300535534,0.34309356539246083,0.31558477833581045,0.3042377189626098,0.3543241789637968,0.29431665576815397,0.36671931627852783,0.4143244245375778,0.41882046579366533,0.329278087528344,0.23071005006952147,0.18638781930643833,0.20229690294222424,0.1667423691743026,0.1380991624129778,0.11417715924437462,0.10325005655388168,0.08330500193749106,0.07829233880431992,0.08357479064147551,0.09530675007088167,0.10999792884816768,0.18147766327256348,0.1910872329098368,0.23029307022448967,0.2943243132262428,0.23071968731264572,0.21931535142512287,0.23896752152043016,0.3152147033875119,0.3667400445802387,0.4079366461316048,0.4005863933541824,0.3203658892331826,0.2657162048017061,0.21117795295734537,0.16904017787092446,0.14567930696990275,0,1,0,0,1,1
0.08178081830702125,0.06910919600602197,0.05322290285795423,0.04403961568184922,0.04548165990896554,0.047606215194793244,0.05984110665144634,0.115364794641439,0.20285466292846221,0.24146933133335544,0.2610976809890947,0.24404894318849088,0.2970313843974164,0.2992737577075885,0.2664272598271378,0.2779441082232159,0.3020434188390568,0.361033829534646,0.38259738662200815,0.25850536422485204,0.2042077319563993,0.12689410412984314,0.11520663204754532,0.08671089353156144,0.09024886177974263,0.07226464092244479,0.06025706541896295,0.055872603059181666,0.05412267498301697,0.0937088385960907,0.13409274084404477,0.12408775265304185,0.21880420945813903,0.23038468514725852,0.29205020517063374,0.29242590190437207,0.2971087738663897,0.32454901431760397,0.28868476067563126,0.4017023067216787,0.31923345763307726,0.4259385092295608,0.32677332807772463,0.20712716894947797,0.21199338945802568,0.11515175795007436,0.11310026530438765,0.0972015332338871,0.09072699276849243,0.07372531060847652,0.06240763755214069,0.05547297216885596,0.054439195837327994,0.06341530485733468,0.08392910941865737,0.1395333241982508,0.23488333432869288,0.22593775411391123,0.2639705904505111,0.26507269776257497,0.25506631967942966,0.2739371521211152,0.31073358063039874,0.3017734920151769,0.2837266719569284,0.38280034269775953,0.33699546804568453,0.225314361477657,0.16035205960399182,0.13981357554398427,0.12282379254985898,0.11337807330688701,0.08832918616990135,0.07773320832223177,0.06425554624631616,0.05514263800864999,0.05260196888750941,0.060641149450865954,0.08576484230474689,0.12734490445717808,0.18875534608943098,0.24807551916286302,0.2994630809662589,0.31206347545177865,0.2761693357642569,0.29622016344150903,0.35064857351463025,0.3668270164119247,0.3124364320021777,0.4443125925035174,0.3472904805473254,0.24053121904771113,0.17884703756264084,0.1571329723484997,0.11613670039000741,0.10347060428893896,0.09919331348890087,0.06810720960645066,0.0720873881039828,0.07118379875479393,0.05822396931636951,0.05887601796849682,0.07553905381081695,0.12775934141445372,0.19311950637675324,0.24500253328819105,0.2366074562195222,0.33977757185922147,0.30323540286175626,0.31520303357157736,0.32266534196739544,0.34730707495837465,0.3838022847056609,0.5245980953324441,0.4343169134903025,0.39869137494264506,0.23043654204515718,0.14703083572548994,0.12578969979685542,0.12936508541825775,0.08796758870486891,0.06753474890717913,0.05803624373691962,0.05370007948138188,0.05268325507624598,0.05730640040466147,0.07940034846393555,0.14518417126982194,0.13828180840768756,0.17099969775693907,0.24579408201532382,0.19446183002426837,0.16068463455873117,0.16563334835052365,0.20769574258838736,0.1909261658395991,0.21587320966401669,0.2952663893088154,0.23939071830307992,0.18168742408575497,0.1534785821174783,0.10769191014276623,0.09089743310340531,0.0892712136689577,0.0801619756728732,0.062186760230322984,0.07104651746871447,0.05436637229630947,0.0575106385536516,0.06041779842509935,0.06426931456640175,0.06818468548082866,0.08816739029797217,0.10808614571244686,0.13166783020727169,0.1428721571448707,0.1684776173156928,0.13958986537504892,0.1321508903002332,0.16454713109285374,0.19113733927270998,0.2792159800656571,0.29330527942598744,0.17389412537583207,0.14856334463823015,0.16383563695209266,0.1022726423537876,0.10065811440168954,1,1,0,0,1,0
0.09904741157880184,0.08686338052265728,0.08049068527030089,0.06684865416488,0.06180459814836137,0.05743032181381777,0.06326509804214656,0.09456934365158297,0.14953117873756186,0.16792463438169875,0.18967074794822214,0.19026332317014058,0.19254597074168064,0.21199168914953073,0.1783080693438505,0.1936520731368083,0.18925147331495473,0.18738724522461717,0.19640136756335033,0.16750199804673757,0.15031207972706803,0.17864095433788785,0.154869342176743,0.13134319941823894,0.11675641247478226,0.09261548653511993,0.07991046656349562,0.07279196555099425,0.06579145236333793,0.07195026133685159,0.08107450270446029,0.11689153868665118,0.1677295093835562,0.18555750684044778,0.19789511178217334,0.2183749307616066,0.20151414420760683,0.2389793411040864,0.21193256013200834,0.2252117712720984,0.2060588014297057,0.19588774763523029,0.19070412399032094,0.16338892564791857,0.16868008348053135,0.1431323350091536,0.1484683520222689,0.13933207337362385,0.11617549678378865,0.09914200217241766,0.0828415654159707,0.07075214025853775,0.06844955237395815,0.06838906783255738,0.07223869152678908,0.1064238029309811,0.14807807911412033,0.18130069171980231,0.185273291833054,0.1992952716609736,0.20376278784689836,0.19686988448540177,0.20302066723719722,0.20041563620842318,0.18764854050764382,0.18423877721397952,0.2047724753349843,0.17326645878154914,0.1614333072378145,0.15152909365715794,0.15492862658340864,0.14984604295161194,0.12364125626634583,0.11495021174865315,0.09689605414583542,0.07929570476230238,0.07393988712027193,0.07519144022443977,0.08474064919755654,0.11220465564713289,0.15536366152583925,0.19358255347256284,0.20442250961642708,0.23001183801161507,0.2129383581821992,0.21413216013575373,0.18757779735511373,0.19135604234165304,0.20341478879584518,0.2153159344332734,0.18459818019035065,0.17302336657881798,0.15840295155152798,0.1591992035024891,0.14687826530915749,0.1267650366642736,0.12352758058863361,0.1035953323812748,0.1029391136717831,0.09461971336022566,0.08092198177918025,0.07424948561311308,0.07737579443563758,0.11534408445048555,0.15523967094221125,0.18238376054375305,0.21406449006374395,0.21722061894771502,0.20405639568995224,0.19378612616404883,0.20612279159956923,0.18660535327761915,0.1947937322783948,0.20681116756196138,0.1857248525228046,0.1875219042748032,0.14769146158178634,0.12926925445995618,0.1270301571962143,0.14315556745881086,0.11625432124410406,0.0935181509050888,0.08172638032388876,0.07498247326675658,0.07112336331582642,0.07149317488917986,0.08256075745122839,0.09214335053309645,0.11966539426816249,0.14536998126496725,0.18460170341074794,0.17206734569356952,0.14933027003920163,0.16134159996990616,0.14534776268210792,0.13287361407029946,0.1577191713255232,0.13381621049303455,0.1357333182650597,0.1297810325749655,0.1324618501526098,0.13746686416390055,0.1301946437116583,0.10736398042111593,0.10444048600214531,0.09059843660714072,0.09491319531269513,0.07954550554509393,0.0692990861326244,0.06392993435268167,0.06776737591149261,0.061004511288502844,0.08520109888219338,0.09439277054953112,0.11927117571281651,0.12306860867724712,0.13089232935418282,0.14239846451011107,0.1357647476789493,0.12244654007527446,0.14324031444433166,0.16002951806851123,0.14348582245421654,0.13824199577139923,0.1540486242138337,0.1417149827946233,0.14636247104803946,0.13307363652938944,1,1,0,0,0,0
0.1004582757116254,0.09313894949108274,0.08188237427386903,0.07172814461734486,0.07157832373375203,0.06456279547473842,0.07384939252503088,0.10938386087915764,0.20678675111350714,0.2369822004010161,0.26206551189921995,0.28986274448638183,0.27980233940307203,0.25298254300488254,0.21358318202360754,0.20074425881640479,0.2152023779841595,0.19397385634206374,0.19945669863832358,0.18776669193331083,0.17604032925007393,0.23892780263805674,0.1676350619462627,0.14834961914022152,0.12972333105913744,0.10030246321402682,0.08346157555145467,0.08527409962433027,0.07173557488590336,0.06931732002993932,0.08059281405074677,0.12839293259905774,0.2172421794984481,0.2523665931997856,0.2524415782468648,0.2832616531657132,0.2551104724812333,0.26372762353118856,0.24332335838716268,0.2333406352294067,0.23555533256094155,0.21665814089561106,0.1957484376066992,0.1974122730370925,0.19532188775939957,0.15021683343345654,0.16309049043752133,0.1507561073723931,0.11668074733566314,0.10455227043410477,0.08771117533955966,0.07762934521085524,0.07785898256762148,0.07408648400091676,0.08532820764343801,0.12130612301371292,0.20063022703158961,0.2478228609868816,0.24654251015861445,0.24702361805563072,0.2686527888490791,0.23902726802708346,0.2262059431139926,0.22207930928756772,0.2054586768716412,0.2025953096929931,0.21588501168020816,0.20541051550033682,0.18605262662200037,0.16923872073305274,0.16170332552785444,0.16815130615830387,0.1237584447888168,0.09898125580750249,0.09440283451133666,0.091606583930696,0.08374908357436466,0.07610532814924062,0.0957257197402234,0.12841578471584478,0.2294942229888237,0.30351243053362953,0.3066292119952752,0.34799919936528617,0.29637353089711077,0.28383579238122797,0.2433237181876001,0.2162852298298653,0.18827780337351618,0.21096302396242747,0.1976272462467369,0.2095686614858416,0.19384136051876105,0.16700743469706492,0.1576146166459189,0.14140284587008,0.12751773767854643,0.10435228073620628,0.09842968740319426,0.09475616713882858,0.08334615952184089,0.07839217925127055,0.08436254694686203,0.12232511674424415,0.20229971953433773,0.2643924249411157,0.29888858675764934,0.3123657323014739,0.285975185509451,0.2683132088306567,0.22649115783815357,0.2188715241289577,0.2187369997242889,0.24418802442871695,0.22370559888416017,0.198389531455654,0.177799150048606,0.1733420700346883,0.15615728305092413,0.15110325433280586,0.11932536215947487,0.10505941266175765,0.10185294862933078,0.08660205113631547,0.08678184655567461,0.08573487813135683,0.0914905709321997,0.11036292242077664,0.16982521321845473,0.2045932601606183,0.27588942873102895,0.3039616810258331,0.23390863177981658,0.19851060590456687,0.19603813396881456,0.1682288745174989,0.18710806757027268,0.1727450449980127,0.1727664289206437,0.17996155958161097,0.18321008558829702,0.1496748032116212,0.14150322251567404,0.11776901749454065,0.12091723046795189,0.11807301556914182,0.09661275482778779,0.08736711160277438,0.0757488098206851,0.07996865313259598,0.09701719712485571,0.0747089450585856,0.08677497383354991,0.11176861140915481,0.13195373612579736,0.13823698638379073,0.13644052775343696,0.13046742232746864,0.14772572377545576,0.164645327555369,0.16639363712337593,0.2154851942742055,0.1653259906971764,0.16977823982230775,0.18730788152457545,0.16339833390653632,0.18693057661183163,0.1724838110229175,1,1,0,0,1,0
0.23711791909542307,0.2159654829062799,0.18701088982061964,0.17003491035959298,0.13190755449085156,0.12696026812371122,0.1455536132341112,0.23422911333617435,0.343679550915562,0.36220957360582384,0.3699056718149819,0.391804904337924,0.49310800736617183,0.4319241245471643,0.45411092463804653,0.43135643158410053,0.4074384013632892,0.38084740782265253,0.447142806736329,0.3866027701666527,0.40327598971645284,0.4558510108671872,0.34722122082805845,0.2893556237141721,0.283602931428978,0.19077461661128967,0.1612949746280172,0.1455684497374019,0.14008440745508524,0.14801049412150927,0.16856126968654633,0.3050677173748906,0.42924650222023636,0.4127248725610504,0.44300425602944465,0.42507611625111263,0.4007333338211205,0.4279006185457987,0.4574071148061822,0.4274677846821105,0.43834266552297835,0.4346946484805651,0.43674778701424527,0.3569944369937415,0.3395925690824483,0.3350229185799173,0.3378991773917908,0.31432005368383237,0.23131755447877014,0.2199100684746087,0.19737771803170046,0.14542945225256196,0.13741159345944445,0.1426794567912962,0.16183066339266824,0.21698932631801146,0.3704973943253191,0.4192035183800102,0.4057392652390354,0.4589103733146563,0.48235043325435645,0.47730310258881725,0.46987430481987735,0.4395442957360712,0.5297884377914432,0.5603496598445206,0.44643433046511655,0.40208074813111144,0.37502532524334775,0.3717971184671738,0.32281650348413554,0.4239036693294098,0.22149132832994958,0.1815477015007547,0.16773932639028474,0.14452641092976326,0.1368730162181411,0.1232710233154284,0.13855689678337324,0.24488176739857573,0.36951881324546065,0.38395011467785106,0.39966048279442634,0.42783140911792744,0.4213524807401334,0.41217529681323906,0.42318471442462496,0.39220077636875744,0.4178516512335417,0.3905955997054175,0.42643820607297633,0.4100436650860421,0.5005153703716749,0.3811957172258924,0.3903597829248126,0.3331465010203027,0.2629555345604866,0.1970312309188574,0.16558522894037947,0.15791317232769755,0.14153795510448178,0.1362390799249955,0.14962353691021363,0.2608112096754061,0.3822649495359885,0.43432896740672144,0.4167065567794688,0.4217972156296586,0.4347258845969461,0.4657470297114672,0.43516017491831294,0.41174609112003163,0.4006533538571606,0.43379163610978133,0.45760857221171747,0.39703779929322475,0.3776721286205033,0.33672977105328566,0.32259186457506,0.32999846240316794,0.241343752264225,0.20381412715783387,0.1974125565669483,0.17096709882339853,0.15014955520788556,0.14900918697559254,0.15437071596907076,0.1935243803306823,0.23335587814104877,0.3090482671217121,0.42854065894304405,0.34904990098034266,0.39806918321708085,0.3464483950020181,0.3861186962173354,0.3618724265452784,0.36930964253188764,0.38528249915001317,0.3727886868251075,0.3475867231416667,0.39307903663463306,0.28312161778076567,0.31563698081404,0.29353582947515205,0.25566036322650376,0.2134886607858559,0.1848552697319861,0.15643804443432405,0.13780092602657243,0.12682601855067055,0.13090323250352082,0.12788632608770095,0.17884156234701726,0.1914295080337315,0.22847906602097492,0.2813974448035924,0.2792594894432922,0.25416167903775166,0.3071898143981462,0.29189707597978304,0.2966155061228096,0.3184560356235531,0.41012143875255447,0.28478709097871835,0.3374952818144012,0.32688959679158525,0.32859942920482754,0.2858839821089302,1,1,0,0,0,1
0.1064468969808206,0.08234921612595177,0.07348737234127106,0.07337478783555255,0.06139242130482585,0.06074814890184196,0.06511500960813431,0.10170740320210295,0.12681393361183685,0.14171267423423653,0.15403300851181662,0.16699406681674997,0.1687927995170878,0.20555099658713424,0.17930381509599985,0.16062269574598276,0.1548344131592421,0.15055380388120876,0.15635532337772443,0.15278635289822376,0.15609558319151864,0.16040474597277332,0.15508158273424502,0.1436985009747731,0.11121768637930628,0.10096669581365639,0.12442618980681161,0.07329793785422015,0.0700245093404163,0.07412470257207306,0.07799381410474247,0.11547524145938386,0.13872532108234792,0.14139080498447085,0.16622996558621495,0.18590150321036167,0.16779546313720725,0.18802178664872138,0.17913413999730837,0.17284794110059049,0.15266473081159956,0.15158843172190695,0.15282309353031553,0.15819223926822287,0.1715221242756399,0.17732970350345412,0.179874770591483,0.1648592503625151,0.1037743644677372,0.09312072116851927,0.0843041376067828,0.0707917350378758,0.06811531010175216,0.06453644739581935,0.0727164358405768,0.10239656530905131,0.15053404059591824,0.1548303319143497,0.21173088355693326,0.2038662239330783,0.1685426326937023,0.17077349839104794,0.19818109766576153,0.17822301021653889,0.17291806528525552,0.17722514447394255,0.15588668077682505,0.1693515946810276,0.18141562058196312,0.15865884331292865,0.15162946972150854,0.14051708716405742,0.10820921553244897,0.08686462574292735,0.0827643500036407,0.06953867322644096,0.06754345436417264,0.1383928735164922,0.06678910684961675,0.09683435836637072,0.13790226474632214,0.1420287874000817,0.1517912299834768,0.14226246839799198,0.14650263381968628,0.16432538641741437,0.1675179854793423,0.15897876134157632,0.17530949985797856,0.16902542770708404,0.16434030663171167,0.17850111771174576,0.19243364145383304,0.17152742754034633,0.16577038184352394,0.14891064533791484,0.1149792562211879,0.08800008827031874,0.08240120009160593,0.07601471339310246,0.06738000377678155,0.06741625518363234,0.0732563428123594,0.10861291243613275,0.14154542100761475,0.14919798454575686,0.15622265156548315,0.16160328115131914,0.16000722886153623,0.1774252697193083,0.16590543689610973,0.16151295499743423,0.1606073555901089,0.16685737566718148,0.18232482178949896,0.1887687504499249,0.16861017906146614,0.15631419558429885,0.14014619195206024,0.14415220814065352,0.11429216402381427,0.09597631416888686,0.07837168776004369,0.07355294604144615,0.06519215142028403,0.062336852600347124,0.05969563095159802,0.07371309018911795,0.08754203612305855,0.11346011384977882,0.13002970425399554,0.1296569733262165,0.1566398720810456,0.14179231475883278,0.13272401388565203,0.13786486146658233,0.13727834631859104,0.15469345911535975,0.15609383320775375,0.15542970053645463,0.160807556900092,0.1406978779116744,0.1351231771919239,0.13353799703030445,0.1219215905407296,0.09050565134733965,0.06899891776447677,0.06512356792958615,0.062393939341825556,0.06393177146284033,0.056936419280866256,0.058429581582807394,0.06705703624386593,0.08027364921293434,0.11497981923560939,0.12524980205426245,0.1264577317406106,0.10802933001498025,0.12210299148085701,0.1468174259140578,0.14353102072815727,0.14283880660533657,0.13293528897726747,0.12847267670938883,0.16413892756630802,0.14666383529138702,0.15735868197800912,0.14584380946674422,1,1,0,0,1,0
0.08196482630942772,0.06608948334248228,0.05723477483551733,0.0489158264346292,0.04606484645394887,0.045280943647778966,0.054199718370073875,0.08669838384142471,0.12026430732797552,0.13558359736949085,0.14189425440517642,0.1331205577548857,0.1552525463974997,0.1682622888758362,0.1422855155020472,0.12244417302208861,0.12432918675747681,0.1277520864048295,0.13193977659835696,0.12259599299746818,0.12062264877610146,0.1226460163533885,0.11509189911972878,0.11780790210622956,0.09087001116067166,0.07535808707364644,0.08002085266293016,0.05700609007095902,0.05292320006227585,0.05317121151980476,0.06111190696481629,0.09542717148016121,0.13514898902186104,0.13516205322921318,0.14003319071401704,0.15342891042593831,0.14397499988847592,0.16660919387426845,0.15394720978041548,0.13040491066735604,0.12064216638220925,0.12922798878338235,0.14076595476827294,0.1457604675183721,0.1321728622486304,0.13040858545656986,0.13090496739359728,0.13933169777186033,0.10085656724777183,0.07347235148207709,0.06418002120851647,0.056878170755797756,0.05026352977274954,0.0480329669542874,0.05670709702510968,0.08611953946254378,0.12959301417206673,0.13415547458460397,0.1603144181222129,0.1580082817083586,0.14834480576399744,0.16892012904339185,0.14885003186082527,0.13321685092817837,0.13306442304955837,0.1250279718239591,0.13842001298376533,0.17074830873143879,0.1674227795837031,0.14889879422791177,0.13496352312612983,0.12148428572619703,0.09460821390206046,0.07977406592277311,0.07526961511812576,0.06974949576221683,0.06545617022300558,0.0951476795491771,0.061041455528697594,0.09113538914172002,0.1301103128059859,0.1318207244916588,0.1447996133226475,0.13511391954523833,0.13472338789996555,0.1479904871417787,0.15502698936694492,0.13719927016102015,0.13575609203954658,0.1460109026604061,0.14439428147793287,0.15751352226748383,0.15154556896738838,0.16383940023365018,0.13112294308753109,0.11322373459877318,0.09247107918044345,0.0814536205293994,0.06788268264287665,0.06234670864272746,0.05529510845452673,0.0526469895211118,0.06201842402140386,0.09503186938667123,0.1320217968297918,0.1370664392696237,0.1423885494703379,0.13367552607413286,0.13900105731895282,0.1439477182719767,0.1365957217924305,0.12836389192748585,0.13299796218992618,0.13382459545719974,0.13973136746182058,0.14829521428392123,0.13854508472717306,0.12866835291991932,0.1410094988983673,0.11988372461695357,0.09493279311554464,0.07509188552552938,0.06047462400995357,0.05528680763711364,0.055229129326557616,0.048420516131417596,0.049494424621582885,0.06404390723657045,0.07488476337530972,0.09690589491703391,0.11098942071640974,0.10584935896396626,0.12058866224388473,0.11223517775061144,0.11472808355011022,0.12380651122159465,0.11302387720752437,0.12237482156035275,0.14209032361896748,0.13806507772931742,0.14154149134903074,0.11872045141557672,0.1132650535592254,0.11826268578059514,0.10841477630046913,0.08753231895055247,0.06417132887309811,0.05665409759554977,0.054111130596352607,0.053252446020173275,0.049578645496595034,0.05551853995467059,0.06121337580327098,0.07760702709659838,0.09741421775394556,0.11037625263400264,0.1031198343621657,0.0954887778762577,0.09953433980531634,0.15034783902245802,0.13496565983885758,0.12439743083203134,0.11784773352874493,0.13065364262489176,0.1567954780937644,0.14719450331152392,0.13385259679555064,0.11277883674963508,1,1,0,0,0,0
0.1308463517408316,0.1013329419294971,0.08751369764240102,0.07684555303893487,0.0778191643393204,0.08817707890530987,0.08100273125730488,0.14111993489035288,0.14307943711148138,0.15013096541399062,0.16913799903204785,0.14599743416897756,0.1666789251886122,0.15581188726357778,0.16775603944759082,0.15495375594581043,0.14482743660889263,0.17692664872175015,0.15838619494558323,0.17667302485644829,0.16368154762042453,0.18031363913132417,0.1911929271729782,0.16848035007632317,0.13515701570095162,0.11739444650572771,0.09032982960334404,0.07992287604126917,0.09521285494901355,0.07449553880656992,0.09019283635053425,0.1266188203496394,0.19887916539870973,0.1563430857600968,0.15122643067208622,0.16429201359015663,0.15270498179667324,0.1822796576057955,0.16582413323840667,0.1699468330453419,0.15495676495541058,0.1931329307772215,0.18137165410069098,0.16839220956856857,0.18936029309129995,0.19845478065368335,0.1918689755034771,0.16770680765400978,0.13850524672702996,0.130335059155944,0.10481861768516466,0.09193410208875169,0.07961694115671436,0.08842125081448664,0.10550317393814695,0.1449375820975559,0.17934807043483886,0.20056838135381685,0.19741323740818947,0.213346575782475,0.1859546217493642,0.2814400148868125,0.20531248091930446,0.21134828667957567,0.21318524128645897,0.19509072457597393,0.1828566202888358,0.2242979425911416,0.21724853517481565,0.20049035368619336,0.17754920896238374,0.20621190401020753,0.20816279052963618,0.15922581142487413,0.14921208288546434,0.1446784503424467,0.1294330294209811,0.12190866996344772,0.09741181090612859,0.14541934038359805,0.2261437235004792,0.2715802478497744,0.22409909870119044,0.2217092821723789,0.18911699195180431,0.1776560027385588,0.2181737231529131,0.1953843129804305,0.17028596966568454,0.17481973246753538,0.21041055817393706,0.1918974028872493,0.19328313635723232,0.22744237578750767,0.2025780871212359,0.16944080207297343,0.13938995079713032,0.12354417632666904,0.10208847993623867,0.0964370631943334,0.0751094730641706,0.07814331999460632,0.08208993885920622,0.14403904769110348,0.15748583682380515,0.22928388757740567,0.1748449546110442,0.1453740511270258,0.18255302704521623,0.16704312369128407,0.17958049517639288,0.1894320748876621,0.1876419603769802,0.18892391414455123,0.19319081290930426,0.1739124255432819,0.18568754982441096,0.16377936455183492,0.17509473844153156,0.14857226678021557,0.12778380582812546,0.10382005053460465,0.08659236559597745,0.09171434221255442,0.07672612772595953,0.06543149595163804,0.08090849885630412,0.1035473475565621,0.11568219511995603,0.1547811694046535,0.16900345427166966,0.13014977624830423,0.12797147318498248,0.15151771547484635,0.16420119157568006,0.16419348348222879,0.1824471771683895,0.17810804235026767,0.20742156174477694,0.20636198681099693,0.17951110185202138,0.14932832022553938,0.15110347643060673,0.18459867009536438,0.16507484170072534,0.13394399719790928,0.11932314332701656,0.0855413636941302,0.07282660327169903,0.07158286269715844,0.07723139572408404,0.07707471214726472,0.08667946179840255,0.12050528345582968,0.13787010147199452,0.1704144636061022,0.1563377943481989,0.14931652921753633,0.1482924580819128,0.19876735400062642,0.20058912297663706,0.16697597735121764,0.18168492416660614,0.18730080324722131,0.21215956830331434,0.29605968229558427,0.20166063977183887,0.17222648213097344,1,1,0,0,0,0
0.12098104857298995,0.10178457642793949,0.07997311059586322,0.0728861741125459,0.07311508575799407,0.08407073218407593,0.07057407088900271,0.10629152513210215,0.12642609509606265,0.12601290972885773,0.13944852761681312,0.11982322571755392,0.10424478558619185,0.12857655839290957,0.13283890799031675,0.1251220705995452,0.1132224800823335,0.14677284353612935,0.1328450716986973,0.14726039167401123,0.14443647022627218,0.1502368133960856,0.1498501329938045,0.15250324249975253,0.12694417034517655,0.0979664197291123,0.07920753202301031,0.06986985886849406,0.08835231805491732,0.061766494575843094,0.0705700652837368,0.09584652754636401,0.11375692551622249,0.10579706960380711,0.11006772950094477,0.11671774163491155,0.11361116136105692,0.1292246338059389,0.11098476051290242,0.11917378674979964,0.12787802200001902,0.16665438905217164,0.12474708322476527,0.13706441629339838,0.17015160599426155,0.18391433304510488,0.20264399987174403,0.15893942114100726,0.13668696733494926,0.13284645544701806,0.09178193411869459,0.07731862024888189,0.07100687051130161,0.08250680586039227,0.08843928561322593,0.10924265110499294,0.1246430329281216,0.1265653431412397,0.11204093676111947,0.1117520007095176,0.11322564401979279,0.11945195050602435,0.12427253562058942,0.1171399184071662,0.12381967093438154,0.10370830650130401,0.13588511695759667,0.14800729615510105,0.1588919083270067,0.20189269834613427,0.1715709532422166,0.14711389662636076,0.1412759970287971,0.10191572084815075,0.09175732002237207,0.0796582113623194,0.06627738011569924,0.0638151032442841,0.06345200756875571,0.0992030167691701,0.1255649699513417,0.16027149529124782,0.117082616612347,0.11146132923763527,0.11070142940826126,0.11618051569803736,0.12861311080021123,0.1463390431206905,0.1212785747585135,0.11423764896387409,0.13593137195384125,0.13775816601285412,0.1505731513144963,0.15709756714668885,0.16783815984707853,0.16011784096235618,0.12587617121972153,0.1271539231932543,0.09053668766788805,0.0643462993829298,0.05660861172986288,0.061605929519193116,0.06708385603454682,0.10320259004735474,0.12252577578845977,0.13950321895973927,0.13142410115607078,0.10694134740106577,0.12148504633832999,0.11206492525687856,0.11600176633552486,0.11259303639756123,0.11740857815400206,0.1265626484559676,0.14243732620949823,0.13554576199814275,0.163915593134643,0.16960541102214322,0.15477900428232078,0.14395832166471437,0.15744235507035956,0.11927587906917816,0.08918481018394094,0.07276109684459552,0.07324747520505635,0.06882903424773798,0.07227139096784518,0.08176911544302304,0.09167060035623154,0.13112077419606577,0.12257432397017587,0.11043205702956947,0.11919115402415598,0.120608379930392,0.13451274554270867,0.13793810720328117,0.12620409190010404,0.16470086147712962,0.1461993423997506,0.17404900715390195,0.1563872423698011,0.16367581503199957,0.14721052475141194,0.15759133780563658,0.15283680969271773,0.1295975802167756,0.09790719629176169,0.08156303646285264,0.07018396181461124,0.08345147149142626,0.06721028069559412,0.06943625108983793,0.06817152322664205,0.08339298079331088,0.12308218449137064,0.12674307296187853,0.13654992912026265,0.11826522096210558,0.13531931495982877,0.16521379006290912,0.15416801424820156,0.1313320405272324,0.141670200122485,0.150498570021928,0.1610057788036823,0.18466496089957887,0.1724789198128185,0.16715816482545084,1,1,0,0,0,0
0.13936301339880178,0.12215937366143124,0.09392790371627556,0.08342779516930261,0.0771744863452787,0.07580948450700616,0.0885659482861239,0.13807130921594973,0.19259282476535353,0.1799055607627503,0.1691902787423754,0.16151215417754905,0.1454637118102749,0.17340958825769473,0.1592624645968081,0.15682966130651468,0.15665905604292404,0.20523269663212898,0.18839738167430972,0.19716490485160412,0.18408688643812945,0.1920420173050805,0.1839834429101338,0.19768730534072912,0.16694042588081914,0.13330592516414733,0.09876559775527192,0.08612788154587245,0.08228917095569323,0.07574679965934988,0.08612984034926208,0.13496021630451968,0.16837685322038354,0.14807372771010663,0.1463064881845298,0.14691800184660483,0.14627630885631118,0.14809176231323726,0.14013771848098444,0.1479338014454706,0.15634195174594612,0.20328940843755125,0.17754949527462507,0.2056319459880371,0.22150476485370418,0.224330514922198,0.25840238982241576,0.2028084105441391,0.172785512820677,0.1619374388024457,0.10437044164418115,0.0886909998470729,0.08085339556713175,0.08245612942125818,0.09455697716486902,0.13364364158514142,0.1699293754663242,0.15481543045350588,0.13767785435887206,0.14284406889258033,0.1455089674342747,0.15541774346960727,0.1637212856612491,0.15362432266406484,0.14888995351997386,0.16507214454247582,0.18949326123858923,0.1937529159524998,0.2002592926091458,0.2759525928225697,0.23286411240503282,0.19175246230241452,0.15198990995189884,0.12892567980798128,0.11591031720714592,0.09904975106737957,0.07970629065211202,0.07887144912052427,0.08616688590813949,0.12968007419611488,0.18643315280715933,0.16597434962489716,0.15104888904577796,0.14269267038603822,0.1436020269482442,0.15406248354728302,0.15989636961226608,0.16781903859730352,0.16005607354012022,0.16355756742167366,0.1851067686299779,0.18511106807651503,0.1914442789067389,0.18901768822420606,0.2031152382704596,0.18915425624319807,0.15713542723858545,0.1517272890201002,0.10993220894879827,0.07942936549503894,0.07259854295145687,0.07668492119894683,0.08834977469365257,0.12662668804985527,0.18695385982581672,0.14153533611740693,0.14155823586167054,0.13209612426290482,0.16288636771146212,0.15133468524755297,0.1553531169794573,0.15397859153149987,0.14929655100886072,0.18207700319896553,0.20571365921043952,0.17361589893562182,0.21495283293623882,0.2275700330949138,0.19796338862633842,0.1912583418509784,0.2067788670208865,0.1579758576416687,0.11805365697936017,0.09019658093646234,0.0906229423844772,0.08708991809132717,0.08527220726744743,0.10239558427416648,0.1198398104432974,0.1511210418941252,0.1414469487903579,0.14859516316421797,0.15450293268204618,0.16336817469244286,0.17414322273975225,0.19253454381716006,0.16081781196150932,0.21387371609457712,0.17871106137098422,0.19119657993450748,0.18942308361323945,0.21828082620141456,0.19061599107005828,0.20043065041577116,0.1794177385348269,0.16368336225130223,0.13269126206052778,0.11229673409567173,0.09683254610841362,0.11680181428643126,0.09683824947292709,0.09816954855248221,0.09583631339722404,0.11928006963465511,0.16516637636443998,0.16167307775096854,0.176248108216277,0.14894333262440598,0.1801499192576666,0.17559516769805916,0.1764324007842713,0.17068323636286428,0.19809823090341153,0.2101501672489414,0.21748575529557143,0.22593687178492747,0.21420942901523723,0.20059458250457018,1,1,0,0,0,0
0.108913617846725,0.0881456063171371,0.0823802152654801,0.0712557875348486,0.07383163552381954,0.07616125652718403,0.10096063266770697,0.1967733730474237,0.296055718266992,0.26472515560107274,0.25559614374128603,0.2353118764142045,0.22026972454455435,0.25417914872747316,0.2321979498233395,0.22991719436088992,0.24114020642060552,0.29262019368551095,0.2717177743316541,0.23870485929385787,0.20214739195567774,0.1981519926033849,0.17446415177325159,0.19157901907464106,0.13182373568366984,0.14222669390674736,0.09756711581573214,0.08302212571266501,0.0795879096501654,0.07952737869824272,0.09480025223519839,0.18879363044320185,0.2928846171505324,0.24358761250904734,0.2145838749356646,0.20863383409773006,0.19917618975667556,0.22627862943802757,0.20904365963521238,0.1990593027286305,0.21088330447441983,0.2632044580459897,0.2828476722753839,0.3192338134518253,0.21097210628772806,0.19172863218588415,0.1592818266103877,0.15823647840983643,0.139113679335187,0.11695424217056544,0.101113474595231,0.08238648603811863,0.07694031976002012,0.07902204596784179,0.09998993593389861,0.18788600378543918,0.2714175333962394,0.2216348329798593,0.2092061043995733,0.18734354660080405,0.2168410292169223,0.22687107307541676,0.21880529504334253,0.21804388608388656,0.22199117600178203,0.3081319715563511,0.27176220725642797,0.21338860122307476,0.19126418709150161,0.20651114469899864,0.18617824829247526,0.15446769378932404,0.12618342973075508,0.10980574758172611,0.0875946511101525,0.0766762279359163,0.07392828648635358,0.07467889916896371,0.096659597203707,0.16652912981782966,0.2986988665149745,0.2205107998437009,0.22645813850673324,0.21447660390415219,0.23528039108405424,0.2461456126920798,0.23227961960103535,0.2354055467320264,0.2586548982419425,0.27667460110871633,0.2794520038889645,0.2663293098847085,0.22875935732716746,0.20706716145014406,0.20659756688245365,0.16609104600249236,0.14815068483459046,0.10583975097022293,0.09456223336103851,0.09078119212473909,0.08660386327586207,0.08377447546896315,0.09924047271048668,0.15959091285509394,0.29368478979896634,0.21099070125970007,0.20547880306439983,0.18614803103485209,0.2524588308867614,0.2441676047515058,0.2382662233354567,0.2395858108158024,0.24926246838793406,0.30849040405496553,0.288061974477603,0.23043719703874285,0.24150580306738298,0.22891848417211247,0.19776467800602324,0.21489857191912706,0.15293767518371038,0.14888520117197523,0.114932397731956,0.09658400810434162,0.09233106822148399,0.09600273334863103,0.09453179946043759,0.13373798304062015,0.14227061892210782,0.19481049355972496,0.1761078992375533,0.17388420062197674,0.15602514041154464,0.1828827673563341,0.22754517806531105,0.2229142935186027,0.18711785207474532,0.17393644411190576,0.1876186171778504,0.18660360843619678,0.16569108693407478,0.16678927112085323,0.18893641301923397,0.17449021922960806,0.1451904347467202,0.13810981107456016,0.13507660314143133,0.1228858184095902,0.11527597511479994,0.1038049017742012,0.09872395693569604,0.10881690128057328,0.11902982493426346,0.15384393803014332,0.14713271938532302,0.14291673547726544,0.1802504763161997,0.14577661864833946,0.16845832974600847,0.17201000518779863,0.184987575464843,0.2072000707590012,0.2106557404724975,0.20277971350968851,0.21245737992350872,0.19699934172216044,0.18816080579498035,0.15446032998849193,1,0,1,0,0,1
0.10282717292770742,0.07975621337464926,0.06858642611983053,0.06082310619891741,0.06174876475776852,0.06348250778930281,0.08174993193473895,0.1502590191899196,0.22825820526195403,0.2089372702811286,0.20544366943036185,0.19433356400960683,0.1941753456729935,0.215491118655446,0.20117087740494008,0.19851460287425804,0.19274743397493968,0.2222105244193397,0.20841195013897174,0.1976316626308253,0.15814028379231168,0.15534158087267255,0.15023905811240507,0.14272691638779875,0.1056392109971467,0.10461249057998967,0.07813013077154365,0.06836781468768395,0.06585729800321538,0.06499669924710869,0.07672331635985725,0.14676682884795889,0.2315315036039006,0.2073189751987039,0.18646402264869533,0.18279753380503466,0.17855351348411827,0.19934345602624629,0.18048704703732302,0.17308899852336232,0.17305274682078303,0.2025464931000335,0.21436379936283156,0.21461344761701376,0.1648209046105174,0.1663266389645264,0.13861704431487876,0.1276712831638411,0.1059474597660475,0.09237223648807655,0.08834013232405569,0.06883624769503745,0.06538390042665158,0.06497119327116938,0.08063606822268274,0.15119124387264699,0.219128820797626,0.188747124417555,0.18248663472850915,0.17027605821849756,0.18722017357451323,0.19780910313261738,0.19304654540760902,0.18526443834860085,0.19624414020392333,0.2257850634498995,0.21159410567958176,0.17359464738654537,0.1532826172648845,0.16194826508467652,0.15198998902147137,0.12359212725798516,0.09970056177826898,0.08435252948101922,0.07108406482709878,0.06769153979615197,0.06369219443540138,0.0633346886703815,0.0775085692366992,0.13253385649619331,0.23005708793226898,0.1855605606746889,0.18624498683765556,0.17977240613531292,0.19256592407620293,0.2025336310259756,0.19531411277032895,0.19130279338207254,0.19994921597822063,0.2151805045933436,0.21689760758822893,0.19331196423051716,0.1651909532877038,0.15401397551161097,0.15377331544618872,0.13185941227005044,0.11611800017223546,0.08544457349319683,0.07523325704842748,0.07230897233969955,0.06919721718828183,0.0667109800906352,0.0774140628004405,0.12665597336110881,0.21957163742457572,0.16973238932459142,0.17109708689400033,0.16676520987973495,0.19349466091468884,0.20727228268031295,0.19727882593249998,0.1934800040975488,0.1984747255165444,0.22715838669451754,0.21379669192262166,0.1761796015493168,0.17293278700193332,0.1719350415206235,0.14421877439852127,0.14564186504983875,0.11055299438951861,0.10883270282309133,0.08648545350492655,0.07514707403106456,0.07012274455426792,0.07068961609433627,0.07087064737150307,0.098074122949378,0.11193158939241542,0.14013139537053512,0.13740287488339742,0.1341053728685209,0.12652848717345577,0.13875462038139938,0.16726199393063373,0.15785964047800957,0.13723667617862126,0.1344617267160377,0.14097646203329348,0.1392835193656644,0.12734993172713366,0.13303387652573612,0.13697734503814346,0.13838000949904347,0.11058617015577098,0.10317246527399816,0.09770517689823398,0.08660964683720872,0.08283773241659524,0.07490265338392765,0.07191244069282539,0.07679674925977328,0.0874870621981518,0.10786373439275285,0.11413299999901128,0.1130843578974798,0.1271311979478046,0.10736809907505762,0.12308360799527604,0.1303885868726722,0.1354242598440661,0.14656261118404645,0.1513573748746971,0.14729355603968874,0.15769466081852987,0.15347119047428442,0.15239788665871828,0.13211073015316385,1,0,1,0,0,1
0.07760240712867884,0.049599239315693586,0.04208521756676455,0.039207096360097005,0.03740359114503035,0.03859430660578319,0.05117646723775939,0.0720810317653185,0.09892043460213745,0.09590256904745306,0.10726717893768838,0.10425860318134625,0.11618885700369395,0.1364514337073791,0.13783023718154777,0.12463321323148907,0.10188566363592841,0.10306982799943547,0.09449892751741149,0.13356093794663312,0.08571645687861196,0.08348176188494695,0.12001979357444904,0.08827755769204551,0.06294080894637062,0.05956850017802468,0.047547505846800356,0.039313682875800345,0.037697098586506064,0.03880148278782723,0.04814255109395355,0.07265454074229324,0.11480605097221622,0.10991377604611592,0.12204094440122541,0.11444221783117041,0.10820456931817156,0.11805265919216763,0.10442644083523447,0.10643861072892395,0.09880968926066694,0.09072956438931744,0.10456768020738157,0.08712854322557605,0.09808871570808408,0.10684551854707793,0.09473916438933264,0.0851143003791563,0.060728596623851765,0.05287349665709441,0.0487061329451426,0.04301574880402891,0.042822755869080714,0.04132665979222221,0.04845285994197446,0.07769139847562125,0.10367478776192204,0.0994800011069258,0.09850376558860706,0.10127940329285218,0.09683103477058945,0.13179794077695864,0.11685301670938865,0.11934582795668422,0.1264253678362744,0.09906857256252531,0.10134561326254465,0.09264862323060889,0.09108277095660397,0.09494118984630462,0.092789750342788,0.07300592154960124,0.06104168560074557,0.05141633846431732,0.04401591649555532,0.04969544587968094,0.04073334909869802,0.038296195003098644,0.04683182065875926,0.06766566486101373,0.0953380346513397,0.09015555482779747,0.10385684868181319,0.09871961458597125,0.11688301906204307,0.12235254536107606,0.1202270665406105,0.10668471102895472,0.10888628343258969,0.11445104487646153,0.11618728560561126,0.0934895053032601,0.09098179837416102,0.08795797769452182,0.08140198396460827,0.08148689314848756,0.06090905126899205,0.04969382865954385,0.04937124066749796,0.04523485332012889,0.041435287539924065,0.0408360052067634,0.047780446997242675,0.06783570706484021,0.08925158105619181,0.08285475076025882,0.09679483200768438,0.10246125352656861,0.11086360813499148,0.13053209653855055,0.12133254337668471,0.10608450075505134,0.10635714369728133,0.10479334368330757,0.10642303082910178,0.09816982781032488,0.08845401234907155,0.10727064908184035,0.09578646940598058,0.08157351517502996,0.06716811376856993,0.0768035265767988,0.05208483744109559,0.047164267761926,0.04054484006378868,0.04237827605506383,0.042529628460759084,0.05521946785912889,0.07141222923271648,0.07042152959628603,0.08129814448214179,0.08347404204877136,0.08732190480438862,0.08843514789900583,0.08268475636040676,0.08517574525042883,0.08100783887017542,0.08533492795998279,0.08668701243279045,0.0844098664010752,0.08811029372321205,0.08935960423846025,0.09298097572334489,0.1307381685230174,0.0710877211356901,0.06647697529668226,0.05760224330611411,0.044338596927764234,0.04393651634940113,0.03842903770699812,0.042294559197407294,0.042709266377142535,0.049632991635264564,0.06679758928766372,0.07729651512704266,0.07650587739586229,0.07074164275846197,0.06605964608028413,0.0676732651813727,0.0792384206334359,0.07958552241779447,0.07659493798918084,0.0745218967961987,0.07125831939464407,0.07951990089763476,0.08490987323788961,0.10812445800579486,0.10137196056932471,1,0,1,0,0,0
0.060955353981934995,0.04484866089749459,0.038459538438363916,0.03370635852324919,0.03134889422212197,0.0313883562250805,0.040783043518053876,0.05778217730080211,0.08410998780624357,0.08135503028268504,0.09449817568153847,0.09301022160672867,0.09465497803638002,0.10738919326968917,0.10352020242558253,0.09717065651502997,0.09066801849637131,0.08702649466075046,0.0853697505111505,0.10896260680312392,0.081389309899769,0.08169363582927391,0.0967343708991425,0.0741200714626526,0.05862068236388866,0.05605365849269934,0.04797901685276394,0.0422921013678362,0.04140949050917795,0.04011874585165513,0.043754702493261396,0.06349650840119045,0.08995336110805902,0.08481659405893473,0.09592078403611821,0.09211109580662437,0.09006247775548912,0.09941356997047494,0.08988764165398898,0.09264522818872097,0.08739812667883165,0.08324785227171767,0.09895545350036011,0.08872268822323091,0.09336320172166239,0.10224735543816527,0.08935034792414338,0.08030309998149461,0.05754895865716452,0.046526178876898104,0.04201293523482236,0.037849431687351526,0.03662057400408108,0.034686780084069994,0.04169677962879946,0.06595138409661994,0.08573831915891396,0.08407467263962637,0.08541777422234274,0.09106190642891936,0.08667395749532521,0.10280265526438981,0.10248456960604797,0.0952250114455983,0.0971024554104716,0.09320308053062949,0.09392404928532852,0.08930794941855263,0.08780924542969545,0.08941403244124546,0.08463238664867638,0.07377383028283525,0.05655324741897534,0.04928872999512504,0.043441174687377355,0.04212696079323459,0.03663009799309501,0.033933335286860496,0.038996122924893024,0.06103559053194886,0.07807349089448762,0.0766924940531603,0.08393854371287801,0.08025748002551138,0.09167615411060683,0.09664768442281552,0.09692711136973985,0.08946400591098587,0.08916281058868074,0.09802993742597406,0.09889910625816688,0.10146204723805437,0.10202976269161308,0.10283759270641099,0.09682127985951011,0.09633704365171904,0.07142436503392523,0.049468161718342986,0.043137338677118095,0.03783133779151081,0.03446546955991648,0.03333284375713829,0.049656771046746456,0.06007355664026567,0.07774245840781493,0.07665388962877637,0.08281808657808888,0.08876326185742245,0.09931119368948801,0.10639744451731922,0.09461824340942432,0.09320905220990115,0.09207538665897638,0.0925937715915214,0.08900015082175061,0.08551439067377857,0.08194615928926298,0.08445265816691469,0.07868443102259429,0.06532207644422683,0.05797048829782522,0.05509095645296047,0.041479765882141154,0.036670894048743144,0.03219936860492051,0.034071430085012865,0.036766575727529525,0.04596917277035273,0.06300107050778918,0.06492866650813156,0.07475096447122674,0.0789832564742847,0.08485643943356276,0.0832414621874674,0.07615938255676656,0.07855852611465396,0.08393775303642212,0.08967660963059164,0.09251821727967476,0.08519496228727504,0.08518280888540065,0.08233246257448494,0.08305839429288982,0.09875857850052921,0.06667470844240697,0.059477637383854635,0.044479224491570234,0.033743998752552,0.03141437908541754,0.028274321420653996,0.03179363702511855,0.03610338346445697,0.04228890837059093,0.05578840810194634,0.062414002372395604,0.0625099907576333,0.06510047382665327,0.06040053660809833,0.06196730264378778,0.0699776613857246,0.08066928558564977,0.0721386224841042,0.06970448900748073,0.06963962096885076,0.07039137090735129,0.07854606773708897,0.09634315005575196,0.08068772932166654,1,0,1,0,1,0
0.013388061599420343,0.012507277438568542,0.011307133925531385,0.009992486926810273,0.009224276068898892,0.01013817451616426,0.014402083925008113,0.026819361212839104,0.03777651954148624,0.030499135599919007,0.03189670586599655,0.03030999671619026,0.03237033766374791,0.031676269178065215,0.029709997242603436,0.03904275034673245,0.08076638588650847,0.03994221854615265,0.029333679157015204,0.029950072403502313,0.024694472947061116,0.024822413049781698,0.022418319056735504,0.020331430188961178,0.017340624065488912,0.015313337494934473,0.014201708478825391,0.012784658441455316,0.012320692250994171,0.011970841390974447,0.015258392903447706,0.028431906976167765,0.033932084366407635,0.03621862804419833,0.03555356551836332,0.031583258285612203,0.029888012568746573,0.03677673319569905,0.03721618380475698,0.040855352759116906,0.034383931910432985,0.032844720972764634,0.0315672867367297,0.028863331888450798,0.03267608007578371,0.03556803889002856,0.029887126684379914,0.029868805737602807,0.02033583311489308,0.012756986809499375,0.012086015411689782,0.011033365431207443,0.010135370468646501,0.010197760437956008,0.01758080818289362,0.031165859758895888,0.03250469020604179,0.031076875747792075,0.02828134926266297,0.04762730594597287,0.032743008115905504,0.040741477258757604,0.032435803892979294,0.031344774756583524,0.03241799095960968,0.03495229669634412,0.04122915943186882,0.03173878421818501,0.02847106741655614,0.03227081510166749,0.030332588479352374,0.024403511890516406,0.017758332403381785,0.014258366863246344,0.012713789105118835,0.012035601829716963,0.011135186833054958,0.010743748635203236,0.013197944643180227,0.02511524649874846,0.03586539531004586,0.03075785251943082,0.032842414634802926,0.03480359240414014,0.03325216274156627,0.03409260932181304,0.029199872956936074,0.03416123197675231,0.03169238554486325,0.03194306438474716,0.032997756043589406,0.032946043353899196,0.028327478194209478,0.05898014046515522,0.027241936235926533,0.023919476018357564,0.019008746490069672,0.013470082051080863,0.012751103850684474,0.009818513491329284,0.009779672147020694,0.010169575841092073,0.014838371050431882,0.027207493875306202,0.046855286856690846,0.03450037261121451,0.031937990795264895,0.03427846993464268,0.036663381588183004,0.04533319721429916,0.04613026109700259,0.04346759490178168,0.044491097398654644,0.032999786181976284,0.039647276523043354,0.02954983192059682,0.02785374332991885,0.022635185246249946,0.023300720663790728,0.023114957589659233,0.01761331287868159,0.013460307285286606,0.01194474484857502,0.011159993629975263,0.009790494276575195,0.009477540431141405,0.010846007811058052,0.013023815873574906,0.021246135987039165,0.030182817312746284,0.0355269530830291,0.03714370463847664,0.041321568691219654,0.035575070116031615,0.029974331942393583,0.031054666060484834,0.040305799950697864,0.03798156582831217,0.03435532440774113,0.03761629501880558,0.035978558779337734,0.02573425057656622,0.024427685248847423,0.02577899432843019,0.04161310029634268,0.021105769214229013,0.015898305148100374,0.011526220207515285,0.010327780908970657,0.010735701641170077,0.011592881829564793,0.01395642909855629,0.015395151289612672,0.01837433673603653,0.02161238793050765,0.01943350600654146,0.02918356399282912,0.022676813197139482,0.023483166108637023,0.025554694366778027,0.032537395476612746,0.038726550612989276,0.028410354279126214,0.03594012401587313,0.025915510854407024,0.030261885300818112,0.05109022304481549,0.024376042566119926,1,0,1,0,0,1
0.009011337192305232,0.007988030859542783,0.007216361559028716,0.006784793843923787,0.006431182334390813,0.007487589576656432,0.010939609017871789,0.020470501091075337,0.027411015512529915,0.022214392358685373,0.021728350782731692,0.02075005719416008,0.02343290622594233,0.022354610728660636,0.021784967253256828,0.027846058690756466,0.05697145704824797,0.028890111802205257,0.021133785771878723,0.019279081638820507,0.015722374730083293,0.015228471845053134,0.013695877782290509,0.013398038260515919,0.010445004966221973,0.008804483979256372,0.008271396113374149,0.007367410214438392,0.0071805121722456015,0.007429001761795546,0.010425770840248488,0.020551320226916244,0.0248563247782798,0.027024190382575645,0.025821348979421278,0.023885640551108964,0.022498750396475628,0.025644567717559127,0.02743286206521809,0.02849861117127864,0.024381172457064896,0.023634039003511,0.021440282931184485,0.019257570114522334,0.021427887893355275,0.02216087511633801,0.01838735410513822,0.01888323574954694,0.01288212681070067,0.00818026844214034,0.008302108397178948,0.007400188704433364,0.00708222019360823,0.007955951727332638,0.012993891745730813,0.023538315908735997,0.025627508415649293,0.023784235086054047,0.02043362191366355,0.03350035763751252,0.022664339295798218,0.028829834745543757,0.02286106385283737,0.02299861529039299,0.02591029227005825,0.02475552797778547,0.030028500773184075,0.021601803393948786,0.01926648662774802,0.020919717287573553,0.019312824234301407,0.014973649705426147,0.012437642616868264,0.010537481934218822,0.007818005107726154,0.007693591293750454,0.007257656008163283,0.007674288846343332,0.009988427816671886,0.0186936491515503,0.027208185232464873,0.02368441201736507,0.024223524275915377,0.025504063842440017,0.02453465792804657,0.024684275814795705,0.021175583337969154,0.024865751602472924,0.023752694535410408,0.022625237923002906,0.02456506314898195,0.021146942673137138,0.016011129566342604,0.036889050173341674,0.01521881403454242,0.01212508436656988,0.010416649240281805,0.007952505144499218,0.00815714009056444,0.006343802332363048,0.006564953966318838,0.007292633056543088,0.010241058597745201,0.020707013103394418,0.03486505408930479,0.026327638726380574,0.023632631359323815,0.024552731127754156,0.02554867613361771,0.0340550857337022,0.03548749323056756,0.031638378916184026,0.032529288939031335,0.025328439354647063,0.03029912048861566,0.02241214587980612,0.019272308740347077,0.015628838455687487,0.01603002322312235,0.01595972006351129,0.011694419754152316,0.009211003651283179,0.008102503744341965,0.007833778266748947,0.006872022750314083,0.006666454797086697,0.007590266787799631,0.009111840494127232,0.015402485892215713,0.023334183643801586,0.029596901052370273,0.029300517054436707,0.03124352569581392,0.026546554911085103,0.021515858876325514,0.02338557704983944,0.028185753876655898,0.02521941237916851,0.023056098260727236,0.027035265801533266,0.02476208552203315,0.01693273092815292,0.014917555960744348,0.016085722207987308,0.02805359086746503,0.01324816378173751,0.010826141562173965,0.008380182049575509,0.007623861266067665,0.008142210114356396,0.008448363600924312,0.009671129223506155,0.011086719647709383,0.013143290394056182,0.01686004599822202,0.0159430437011002,0.022366159992022173,0.0170037033961479,0.017187893725315276,0.019186556938547907,0.02273296730188996,0.02862287154414961,0.021168501896737343,0.02586555764626595,0.018055662042024075,0.020452552677541525,0.03393178600518308,0.016154506625882976,0,0,0,1,1,1
0.00948352900054385,0.006592848435977431,0.005710506279956413,0.005736814698901964,0.005637591863445921,0.006609270231295677,0.009227353377302678,0.01441962528259034,0.01765866027257989,0.01711859973307591,0.016161228915779414,0.016477549580743513,0.01870734646423054,0.018715406637570414,0.019337171127461725,0.017410190752634256,0.017141377702024112,0.018096128618050225,0.017931554809414198,0.01453968088427383,0.012348133424751639,0.011214717835040227,0.011400147596817414,0.011238965771105634,0.00714824139243477,0.006103867117502995,0.005651688021995148,0.005135198424431833,0.005487170387040363,0.006159665262789786,0.007803754485180189,0.013303562238816414,0.018112760019221345,0.0185972470862187,0.01875267780204611,0.020755354850945883,0.020250147409245564,0.017538862526883848,0.02017792862754945,0.016621689127784892,0.017315048606853997,0.01790438747063465,0.018183343399145447,0.01644076547541675,0.014877921626113599,0.013314443371031454,0.011005138323928406,0.010596973958947733,0.007912744847526158,0.006853689091405321,0.0074777097152230465,0.006377066661546418,0.00679839170395558,0.008606115722379017,0.009428070146990769,0.016306071943180588,0.02304917301792648,0.02076433548340752,0.01761911147693896,0.017682640690606658,0.01601304903175932,0.017704059082157133,0.019697565222865664,0.019183236694827452,0.023840248893477137,0.019290223504753606,0.021460717421272545,0.01652807201139201,0.015785282797186665,0.013261883665700571,0.01119259361016522,0.009896821670588673,0.010721797647905387,0.010859512285965035,0.00618235157144181,0.005738874938034572,0.005675469105417759,0.006970962985858603,0.008979825120164446,0.014589165108469903,0.01914837165322732,0.019751155282169114,0.017614037183891842,0.016707422218687852,0.018502762838521987,0.018433214981929274,0.018631061505773906,0.018474423395454288,0.01945778199456147,0.018510753455787142,0.021728785140904257,0.017199521376610755,0.012919290484887606,0.011361479840246172,0.012528955997392439,0.010289217921987498,0.00894249196640328,0.006435369642358475,0.006071945117615537,0.005450750441167763,0.005462302536427273,0.006337409454076397,0.010117606312709146,0.015584070686475016,0.019503789180625196,0.020652640006759704,0.01857364983791268,0.017706228837701007,0.018304171177523903,0.02433561538058172,0.02384479447490145,0.02015720466372749,0.020033865673585078,0.023503547943241974,0.022364826117052948,0.020603062409225898,0.015653307830841852,0.013734848876900792,0.01325039354883511,0.01053294964661347,0.009024475635495511,0.0077574251565373405,0.006497897376944555,0.006239249840715033,0.005613633743714526,0.006056349304594221,0.006916811850188697,0.00824316701886664,0.013268154231262859,0.018492202841929994,0.02707457879235609,0.024377987766314994,0.02292453160563213,0.020431294541818495,0.016004990952237064,0.01943816651820865,0.017559178915309413,0.01542244079172367,0.01744158592914037,0.019367977331540418,0.015954780306605895,0.013106310480023814,0.010024332947907626,0.010383923769154448,0.009785298838831764,0.007147878467303927,0.00637040868613833,0.006266919670191479,0.0057385610189425095,0.006031739140366532,0.005885745099248399,0.0061704141683250596,0.008501681322689972,0.01066696991300155,0.01542333511750974,0.01717094788719024,0.017808953317043786,0.014760152582333031,0.014000837149986126,0.0167061072454623,0.016951625932430086,0.01804877268143165,0.017145886387688835,0.015724430247435757,0.012937980912664954,0.01338983114829087,0.012736814987532085,0.011212062444434873,0,0,0,1,1,1
0.009507751888662203,0.005464846630809568,0.005207966697101335,0.0053214292527575206,0.005198633359789919,0.006009962753578718,0.008510201925730525,0.01373464363864357,0.01533360078436309,0.015019326742330434,0.01350385411803843,0.01328184440138045,0.016584891682438554,0.016551617165384207,0.017763570047674194,0.015709707388002602,0.015310439336097595,0.017116896845499066,0.01520674517498531,0.013200125430938684,0.011211388138603414,0.010075710515870763,0.010479528963026907,0.010659736889323024,0.006818744865293227,0.005719266407821092,0.005206311545387051,0.004763008446132943,0.005339770422628083,0.005853138587180609,0.007432481908416413,0.011611453720738149,0.018067720573511137,0.018469242237169337,0.018610783036093457,0.019522118738811524,0.01833691129470619,0.015450017121447992,0.018816419633625472,0.01505879368449907,0.016064795428040818,0.016307489696536767,0.017117680251226956,0.015311491595555457,0.013781968578284513,0.012830991556390841,0.009841074470703565,0.010356707640694856,0.007507296651388239,0.006470306479356272,0.007383165735805721,0.006084553757806876,0.006545849036055165,0.008561291239665744,0.008929453905728644,0.01468101381867407,0.022297929034832322,0.019060249787509014,0.015501367755145176,0.016233927097552673,0.014217323909852106,0.015528568505839587,0.0178720703063088,0.017922179662910136,0.018838575851052093,0.016889413798212585,0.020215477321180616,0.015197858248319792,0.012818471979665758,0.012383635360868046,0.010370944981819634,0.009039837761330004,0.007126880647101257,0.006217919220190907,0.005689680804815764,0.0052521301547044175,0.005225325479876154,0.00668167098088546,0.008156073458652576,0.013498541489007728,0.017243625746025323,0.017763363717805444,0.015124299119175887,0.014306867070487013,0.015961544731683392,0.016767604850810042,0.016998471506299774,0.01702124784223516,0.01631739627959741,0.015985439009059143,0.019691548792974474,0.015203025641386049,0.01142597718892398,0.010462187221037318,0.012007599357950066,0.009815022883107356,0.00839799966080341,0.005694816809700211,0.005609861109205566,0.004918669198679205,0.004873310764239858,0.005613122596634259,0.008271147239154553,0.014035559135830085,0.01750874666082852,0.017901222553484093,0.016817128538562764,0.0151668030788256,0.015266793502635266,0.022209493306171082,0.022648045910568192,0.017706064696132832,0.016920081919956302,0.02183145157769181,0.020568726868573882,0.019042869375872,0.014731107806284982,0.01326603885129639,0.013220663736341532,0.009959052544645746,0.008098650975072667,0.007590185841290455,0.006289327540824004,0.00607986088701522,0.005426711096220713,0.005818067988414455,0.006807483722035297,0.007798064600518099,0.01236511143323127,0.01713125311682372,0.025656334417585358,0.02216799655020823,0.020286585741228498,0.01771423586408098,0.01469428800923106,0.017082538234555678,0.016631196081465505,0.014203514637728638,0.016752781658214068,0.01737764884871988,0.014883017521462868,0.011888462915146869,0.00963148326635836,0.009465587654910753,0.009235014398296578,0.006548258645741895,0.0057359439189663105,0.005787816609021763,0.0053628454442677526,0.005745179680648752,0.005585582789185688,0.0056004833585041325,0.008045172134769915,0.010054792503397138,0.015007857081279774,0.01642494771657633,0.017590555586951603,0.0143805229580763,0.013442001387132725,0.016681236966052764,0.016982146902119268,0.017068997961357146,0.016316441294714108,0.013796686360229087,0.011592575883485959,0.012728078583474812,0.012197698197261984,0.010663714525346457,1,0,0,1,0,1
